-91000 61
-90900 48
-90800 19
-90700 1
-90600 0
-90500 0
-90400 0
-90300 0
-90200 1
-90100 1
-90000 0
-89900 1
-89800 1
-89700 2
-89600 1
-89500 1
-89400 3
-89300 0
-89200 0
-89100 1
-89000 0
-88900 0
-88800 1
-88700 0
-88600 0
-88500 0
-88400 1
-88300 0
-88200 1
-88100 1
-88000 1
-87900 5
-87800 5
-87700 1
-87600 0
-87500 0
-87400 0
-87300 0
-87200 1
-87100 2
-87000 0
-86900 2
-86800 0
-86700 1
-86600 1
-86500 1
-86400 0
-86300 2
-86200 1
-86100 1
-86000 0
-85900 0
-85800 1
-85700 1
-85600 2
-85500 0
-85400 0
-85300 2
-85200 0
-85100 1
-85000 0
-84900 1
-84800 0
-84700 1
-84600 1
-84500 3
-84400 2
-84300 0
-84200 1
-84100 0
-84000 0
-83900 0
-83800 0
-83700 1
-83600 1
-83500 2
-83400 4
-83300 21
-83200 36
-83100 69
-83000 111
-82900 949
-82800 5560
-82700 10962
-82600 6043
-82500 1011
-82400 136
-82300 56
-82200 49
-82100 18
-82000 7
-81900 2
-81800 2
-81700 2
-81600 0
-81500 1
-81400 0
-81300 1
-81200 2
-81100 1
-81000 0
-80900 0
-80800 0
-80700 0
-80600 0
-80500 1
-80400 0
-80300 0
-80200 2
-80100 1
-80000 1
-79900 1
-79800 0
-79700 2
-79600 2
-79500 0
-79400 0
-79300 1
-79200 0
-79100 0
-79000 0
-78900 2
-78800 0
-78700 1
-78600 0
-78500 1
-78400 1
-78300 1
-78200 0
-78100 2
-78000 10
-77900 49
-77800 69
-77700 22
-77600 5
-77500 0
-77400 0
-77300 0
-77200 1
-77100 1
-77000 0
-76900 1
-76800 0
-76700 0
-76600 0
-76500 3
-76400 0
-76300 1
-76200 0
-76100 0
-76000 0
-75900 0
-75800 1
-75700 0
-75600 0
-75500 0
-75400 4
-75300 0
-75200 0
-75100 1
-75000 0
-74900 1
-74800 5
-74700 3
-74600 3
-74500 0
-74400 0
-74300 1
-74200 0
-74100 0
-74000 0
-73900 2
-73800 1
-73700 4
-73600 1
-73500 1
-73400 2
-73300 0
-73200 0
-73100 1
-73000 2
-72900 0
-72800 0
-72700 0
-72600 0
-72500 1
-72400 0
-72300 0
-72200 0
-72100 1
-72000 3
-71900 2
-71800 2
-71700 1
-71600 0
-71500 0
-71400 2
-71300 2
-71200 0
-71100 0
-71000 1
-70900 1
-70800 1
-70700 1
-70600 0
-70500 1
-70400 2
-70300 5
-70200 17
-70100 39
-70000 54
-69900 122
-69800 1004
-69700 5822
-69600 10992
-69500 5599
-69400 999
-69300 168
-69200 65
-69100 40
-69000 19
-68900 7
-68800 0
-68700 3
-68600 0
-68500 0
-68400 1
-68300 1
-68200 3
-68100 1
-68000 2
-67900 1
-67800 0
-67700 0
-67600 0
-67500 1
-67400 0
-67300 1
-67200 0
-67100 1
-67000 1
-66900 0
-66800 0
-66700 0
-66600 1
-66500 1
-66400 0
-66300 0
-66200 0
-66100 1
-66000 0
-65900 0
-65800 0
-65700 2
-65600 0
-65500 0
-65400 2
-65300 4
-65200 1
-65100 1
-65000 2
-64900 7
-64800 39
-64700 66
-64600 38
-64500 3
-64400 3
-64300 1
-64200 1
-64100 0
-64000 1
-63900 1
-63800 1
-63700 1
-63600 0
-63500 0
-63400 0
-63300 0
-63200 2
-63100 1
-63000 1
-62900 0
-62800 1
-62700 1
-62600 0
-62500 1
-62400 0
-62300 0
-62200 0
-62100 1
-62000 0
-61900 0
-61800 0
-61700 3
-61600 6
-61500 5
-61400 2
-61300 0
-61200 4
-61100 1
-61000 0
-60900 1
-60800 1
-60700 2
-60600 0
-60500 0
-60400 0
-60300 1
-60200 0
-60100 2
-60000 1
-59900 2
-59800 0
-59700 1
-59600 1
-59500 0
-59400 1
-59300 2
-59200 1
-59100 0
-59000 0
-58900 1
-58800 2
-58700 1
-58600 0
-58500 0
-58400 0
-58300 1
-58200 2
-58100 0
-58000 0
-57900 0
-57800 2
-57700 0
-57600 0
-57500 1
-57400 1
-57300 1
-57200 7
-57100 15
-57000 17
-56900 59
-56800 317
-56700 1636
-56600 5204
-56500 9542
-56400 6200
-56300 1223
-56200 187
-56100 58
-56000 40
-55900 23
-55800 8
-55700 5
-55600 0
-55500 1
-55400 3
-55300 2
-55200 0
-55100 0
-55000 0
-54900 0
-54800 0
-54700 0
-54600 0
-54500 1
-54400 1
-54300 0
-54200 0
-54100 0
-54000 1
-53900 3
-53800 2
-53700 3
-53600 0
-53500 0
-53400 3
-53300 0
-53200 0
-53100 1
-53000 3
-52900 0
-52800 0
-52700 1
-52600 0
-52500 0
-52400 0
-52300 0
-52200 0
-52100 0
-52000 0
-51900 0
-51800 5
-51700 25
-51600 62
-51500 39
-51400 6
-51300 1
-51200 1
-51100 1
-51000 0
-50900 2
-50800 1
-50700 0
-50600 3
-50500 1
-50400 1
-50300 2
-50200 0
-50100 0
-50000 1
-49900 0
-49800 0
-49700 0
-49600 1
-49500 0
-49400 0
-49300 0
-49200 1
-49100 0
-49000 0
-48900 1
-48800 0
-48700 1
-48600 1
-48500 3
-48400 4
-48300 3
-48200 3
-48100 2
-48000 0
-47900 1
-47800 1
-47700 2
-47600 0
-47500 0
-47400 1
-47300 2
-47200 0
-47100 0
-47000 1
-46900 1
-46800 1
-46700 1
-46600 2
-46500 0
-46400 0
-46300 1
-46200 0
-46100 2
-46000 1
-45900 1
-45800 1
-45700 0
-45600 0
-45500 1
-45400 0
-45300 1
-45200 1
-45100 0
-45000 2
-44900 1
-44800 1
-44700 1
-44600 1
-44500 1
-44400 1
-44300 0
-44200 0
-44100 4
-44000 5
-43900 38
-43800 158
-43700 794
-43600 1949
-43500 2576
-43400 5979
-43300 8508
-43200 3684
-43100 554
-43000 107
-42900 48
-42800 26
-42700 17
-42600 5
-42500 1
-42400 0
-42300 1
-42200 2
-42100 0
-42000 2
-41900 0
-41800 1
-41700 0
-41600 0
-41500 0
-41400 1
-41300 1
-41200 0
-41100 1
-41000 1
-40900 0
-40800 1
-40700 1
-40600 0
-40500 1
-40400 0
-40300 0
-40200 1
-40100 1
-40000 1
-39900 1
-39800 0
-39700 2
-39600 0
-39500 0
-39400 0
-39300 0
-39200 0
-39100 0
-39000 0
-38900 1
-38800 2
-38700 0
-38600 16
-38500 44
-38400 71
-38300 22
-38200 6
-38100 2
-38000 0
-37900 2
-37800 0
-37700 1
-37600 1
-37500 1
-37400 0
-37300 1
-37200 0
-37100 0
-37000 1
-36900 1
-36800 3
-36700 0
-36600 0
-36500 1
-36400 0
-36300 0
-36200 2
-36100 1
-36000 0
-35900 1
-35800 1
-35700 0
-35600 1
-35500 1
-35400 2
-35300 10
-35200 1
-35100 2
-35000 0
-34900 0
-34800 1
-34700 0
-34600 0
-34500 0
-34400 0
-34300 0
-34200 0
-34100 1
-34000 2
-33900 0
-33800 0
-33700 1
-33600 1
-33500 1
-33400 2
-33300 2
-33200 1
-33100 0
-33000 1
-32900 1
-32800 3
-32700 1
-32600 2
-32500 0
-32400 0
-32300 0
-32200 1
-32100 1
-32000 0
-31900 2
-31800 0
-31700 2
-31600 0
-31500 1
-31400 2
-31300 0
-31200 0
-31100 5
-31000 18
-30900 107
-30800 445
-30700 1108
-30600 1382
-30500 960
-30400 693
-30300 3260
-30200 8536
-30100 5821
-30000 1209
-29900 153
-29800 59
-29700 36
-29600 24
-29500 9
-29400 1
-29300 1
-29200 1
-29100 1
-29000 0
-28900 1
-28800 1
-28700 1
-28600 0
-28500 1
-28400 0
-28300 1
-28200 0
-28100 0
-28000 0
-27900 0
-27800 1
-27700 0
-27600 1
-27500 1
-27400 0
-27300 0
-27200 1
-27100 1
-27000 0
-26900 0
-26800 0
-26700 1
-26600 2
-26500 1
-26400 0
-26300 0
-26200 0
-26100 0
-26000 0
-25900 0
-25800 0
-25700 0
-25600 2
-25500 16
-25400 36
-25300 77
-25200 33
-25100 1
-25000 1
-24900 1
-24800 0
-24700 2
-24600 0
-24500 0
-24400 1
-24300 0
-24200 1
-24100 0
-24000 0
-23900 0
-23800 1
-23700 0
-23600 2
-23500 0
-23400 0
-23300 1
-23200 0
-23100 0
-23000 0
-22900 1
-22800 0
-22700 0
-22600 1
-22500 0
-22400 0
-22300 4
-22200 9
-22100 2
-22000 2
-21900 0
-21800 0
-21700 0
-21600 0
-21500 0
-21400 0
-21300 1
-21200 1
-21100 0
-21000 0
-20900 0
-20800 3
-20700 2
-20600 0
-20500 4
-20400 2
-20300 0
-20200 1
-20100 0
-20000 0
-19900 0
-19800 1
-19700 0
-19600 0
-19500 1
-19400 0
-19300 1
-19200 0
-19100 2
-19000 0
-18900 1
-18800 0
-18700 0
-18600 0
-18500 0
-18400 2
-18300 9
-18200 11
-18100 19
-18000 18
-17900 5
-17800 5
-17700 7
-17600 29
-17500 56
-17400 114
-17300 697
-17200 4358
-17100 8438
-17000 4819
-16900 958
-16800 147
-16700 49
-16600 32
-16500 16
-16400 2
-16300 1
-16200 0
-16100 1
-16000 0
-15900 0
-15800 3
-15700 0
-15600 1
-15500 0
-15400 0
-15300 1
-15200 1
-15100 0
-15000 0
-14900 0
-14800 0
-14700 0
-14600 0
-14500 1
-14400 0
-14300 0
-14200 0
-14100 1
-14000 0
-13900 0
-13800 2
-13700 1
-13600 1
-13500 1
-13400 1
-13300 2
-13200 1
-13100 1
-13000 0
-12900 0
-12800 0
-12700 2
-12600 0
-12500 7
-12400 19
-12300 47
-12200 60
-12100 29
-12000 7
-11900 3
-11800 0
-11700 0
-11600 2
-11500 0
-11400 0
-11300 2
-11200 1
-11100 0
-11000 1
-10900 0
-10800 1
-10700 2
-10600 0
-10500 0
-10400 2
-10300 1
-10200 0
-10100 0
-10000 0
-9900 1
-9800 2
-9700 0
-9600 1
-9500 1
-9400 1
-9300 0
-9200 2
-9100 3
-9000 6
-8900 4
-8800 2
-8700 0
-8600 0
-8500 0
-8400 0
-8300 0
-8200 1
-8100 1
-8000 1
-7900 1
-7800 3
-7700 1
-7600 0
-7500 0
-7400 0
-7300 1
-7200 1
-7100 1
-7000 0
-6900 2
-6800 1
-6700 0
-6600 1
-6500 1
-6400 0
-6300 0
-6200 1
-6100 0
-6000 1
-5900 1
-5800 0
-5700 1
-5600 0
-5500 1
-5400 0
-5300 2
-5200 1
-5100 2
-5000 0
-4900 1
-4800 0
-4700 5
-4600 8
-4500 15
-4400 37
-4300 57
-4200 134
-4100 1171
-4000 5930
-3900 8460
-3800 3216
-3700 453
-3600 80
-3500 31
-3400 35
-3300 14
-3200 1
-3100 1
-3000 0
-2900 2
-2800 1
-2700 0
-2600 0
-2500 0
-2400 0
-2300 0
-2200 0
-2100 2
-2000 0
-1900 1
-1800 0
-1700 2
-1600 1
-1500 0
-1400 0
-1300 0
-1200 2
-1100 0
-1000 0
-900 1
-800 1
-700 0
-600 0
-500 0
-400 1
-300 0
-200 1
-100 0
0 0
100 2
200 1
300 0
400 0
500 3
600 13
700 7
800 15
900 48
1000 58
1100 24
1200 4
1300 1
1400 2
1500 2
1600 0
1700 0
1800 1
1900 0
2000 2
2100 0
2200 2
2300 0
2400 0
2500 1
2600 2
2700 0
2800 0
2900 0
3000 1
3100 0
3200 1
3300 0
3400 1
3500 0
3600 1
3700 0
3800 1
3900 1
4000 0
4100 4
4200 2
4300 0
4400 1
4500 0
4600 1
4700 1
4800 0
4900 0
5000 0
5100 2
5200 0
5300 0
5400 2
5500 1
5600 1
5700 1
5800 1
5900 2
6000 3
6100 0
6200 0
6300 1
6400 0
6500 1
6600 0
6700 0
6800 2
6900 0
7000 0
7100 0
7200 0
7300 0
7400 1
7500 1
7600 1
7700 2
7800 1
7900 3
8000 12
8100 14
8200 13
8300 8
8400 36
8500 91
8600 358
8700 927
8800 1421
8900 2537
9000 14417
9100 118688
9200 381528
9300 349989
9400 90058
9500 9524
9600 1709
9700 1307
9800 1072
9900 454
10000 103
10100 21
10200 11
10300 15
10400 7
10500 2
10600 3
10700 2
10800 0
10900 0
11000 1
11100 0
11200 0
11300 0
11400 0
11500 1
11600 0
11700 1
11800 2
11900 1
12000 0
12100 2
12200 0
12300 0
12400 1
12500 1
12600 0
12700 0
12800 0
12900 1
13000 0
13100 0
13200 0
13300 1
13400 0
13500 0
13600 5
13700 6
13800 4
13900 4
14000 12
14100 26
14200 39
14300 11
14400 3
14500 3
14600 0
14700 1
14800 0
14900 0
15000 0
15100 1
15200 1
15300 0
15400 1
15500 0
15600 1
15700 0
15800 2
15900 1
16000 2
16100 0
16200 0
16300 1
16400 0
16500 0
16600 3
16700 0
16800 0
16900 1
17000 2
17100 2
17200 2
17300 6
17400 1
17500 0
17600 0
17700 0
17800 1
17900 0
18000 2
18100 0
18200 2
18300 0
18400 1
18500 1
18600 0
18700 1
18800 0
18900 0
19000 1
19100 0
19200 0
19300 2
19400 1
19500 0
19600 0
19700 0
19800 0
19900 1
20000 1
20100 0
20200 1
20300 1
20400 0
20500 0
20600 0
20700 2
20800 1
20900 1
21000 1
21100 0
21200 0
21300 1
21400 1
21500 1
21600 1
21700 5
21800 16
21900 28
22000 42
22100 133
22200 1032
22300 5107
22400 8435
22500 3785
22600 549
22700 123
22800 56
22900 23
23000 10
23100 6
23200 2
23300 1
23400 2
23500 2
23600 0
23700 0
23800 1
23900 2
24000 3
24100 0
24200 0
24300 0
24400 0
24500 0
24600 0
24700 0
24800 0
24900 1
25000 0
25100 0
25200 0
25300 1
25400 1
25500 0
25600 1
25700 0
25800 2
25900 0
26000 0
26100 0
26200 0
26300 2
26400 0
26500 0
26600 0
26700 0
26800 0
26900 0
27000 5
27100 9
27200 27
27300 25
27400 11
27500 3
27600 2
27700 0
27800 0
27900 0
28000 0
28100 1
28200 1
28300 0
28400 1
28500 0
28600 1
28700 0
28800 2
28900 0
29000 1
29100 1
29200 2
29300 0
29400 0
29500 0
29600 0
29700 1
29800 1
29900 1
30000 0
30100 0
30200 0
30300 3
30400 3
30500 4
30600 0
30700 1
30800 0
30900 0
31000 1
31100 0
31200 1
31300 0
31400 0
31500 0
31600 1
31700 0
31800 1
31900 2
32000 0
32100 1
32200 1
32300 0
32400 0
32500 2
32600 0
32700 0
32800 1
32900 0
33000 0
33100 0
33200 0
33300 1
33400 0
33500 1
33600 2
33700 0
33800 1
33900 0
34000 0
34100 2
34200 1
34300 0
34400 1
34500 0
34600 0
34700 4
34800 5
34900 20
35000 30
35100 61
35200 197
35300 1427
35400 6010
35500 7969
35600 2844
35700 402
35800 83
35900 29
36000 34
36100 12
36200 5
36300 2
36400 5
36500 4
36600 5
36700 10
36800 3
36900 5
37000 2
37100 2
37200 0
37300 0
37400 1
37500 0
37600 1
37700 0
37800 0
37900 0
38000 1
38100 0
38200 1
38300 0
38400 1
38500 0
38600 0
38700 0
38800 1
38900 0
39000 2
39100 1
39200 0
39300 2
39400 1
39500 3
39600 0
39700 0
39800 3
39900 0
40000 2
40100 1
40200 9
40300 31
40400 34
40500 20
40600 3
40700 1
40800 1
40900 3
41000 0
41100 2
41200 2
41300 1
41400 1
41500 2
41600 2
41700 0
41800 2
41900 1
42000 0
42100 0
42200 0
42300 1
42400 0
42500 0
42600 0
42700 0
42800 0
42900 0
43000 2
43100 0
43200 2
43300 0
43400 5
43500 7
43600 0
43700 0
43800 0
43900 0
44000 1
44100 0
44200 2
44300 0
44400 2
44500 0
44600 0
44700 0
44800 0
44900 0
45000 1
45100 0
45200 2
45300 0
45400 1
45500 1
45600 0
45700 0
45800 1
45900 2
46000 2
46100 0
46200 1
46300 1
46400 1
46500 0
46600 0
46700 0
46800 1
46900 1
47000 0
47100 1
47200 0
47300 0
47400 0
47500 1
47600 1
47700 0
47800 1
47900 4
48000 7
48100 17
48200 27
48300 73
48400 405
48500 3070
48600 8128
48700 6034
48800 1328
48900 457
49000 1016
49100 1526
49200 1170
49300 393
49400 72
49500 10
49600 2
49700 1
49800 1
49900 0
50000 1
50100 0
50200 4
50300 0
50400 2
50500 2
50600 1
50700 0
50800 4
50900 0
51000 0
51100 0
51200 1
51300 1
51400 0
51500 3
51600 0
51700 1
51800 0
51900 0
52000 1
52100 1
52200 0
52300 0
52400 0
52500 0
52600 1
52700 1
52800 1
52900 1
53000 6
53100 14
53200 27
53300 132
53400 1038
53500 2627
53600 1717
53700 346
53800 54
53900 28
54000 19
54100 8
54200 4
54300 4
54400 3
54500 5
54600 2
54700 5
54800 1
54900 0
55000 1
55100 0
55200 0
55300 1
55400 0
55500 2
55600 0
55700 3
55800 0
55900 2
56000 0
56100 2
56200 1
56300 0
56400 0
56500 1
56600 4
56700 3
56800 2
56900 0
57000 2
57100 0
57200 0
57300 0
57400 2
57500 1
57600 0
57700 0
57800 0
57900 1
58000 0
58100 2
58200 0
58300 0
58400 2
58500 0
58600 0
58700 1
58800 0
58900 0
59000 1
59100 0
59200 0
59300 0
59400 0
59500 1
59600 2
59700 1
59800 1
59900 0
60000 0
60100 4
60200 1
60300 0
60400 0
60500 1
60600 1
60700 2
60800 3
60900 1
61000 3
61100 7
61200 16
61300 31
61400 58
61500 176
61600 1199
61700 5865
61800 8401
61900 4573
62000 2713
62100 1338
62200 323
62300 74
62400 13
62500 1
62600 0
62700 0
62800 0
62900 0
63000 0
63100 1
63200 1
63300 0
63400 1
63500 0
63600 0
63700 0
63800 0
63900 1
64000 0
64100 0
64200 1
64300 0
64400 0
64500 1
64600 2
64700 0
64800 0
64900 3
65000 0
65100 0
65200 1
65300 0
65400 0
65500 1
65600 1
65700 1
65800 0
65900 0
66000 1
66100 1
66200 0
66300 0
66400 4
66500 13
66600 38
66700 50
66800 31
66900 13
67000 6
67100 2
67200 0
67300 1
67400 1
67500 1
67600 1
67700 0
67800 1
67900 1
68000 0
68100 2
68200 1
68300 1
68400 0
68500 0
68600 0
68700 2
68800 0
68900 0
69000 2
69100 0
69200 0
69300 0
69400 2
69500 1
69600 1
69700 1
69800 3
69900 3
70000 2
70100 0
70200 0
70300 0
70400 0
70500 0
70600 0
70700 1
70800 0
70900 2
71000 0
71100 1
71200 1
71300 0
71400 0
71500 3
71600 2
71700 1
71800 0
71900 0
72000 2
72100 1
72200 1
72300 1
72400 0
72500 1
72600 0
72700 0
72800 0
72900 2
73000 0
73100 1
73200 1
73300 0
73400 0
73500 0
73600 1
73700 4
73800 2
73900 0
74000 5
74100 1
74200 6
74300 16
74400 35
74500 64
74600 137
74700 891
74800 4970
74900 9614
75000 6517
75100 2083
75200 356
75300 71
75400 33
75500 19
75600 6
75700 2
75800 0
75900 0
76000 1
76100 0
76200 2
76300 1
76400 1
76500 1
76600 0
76700 0
76800 1
76900 1
77000 0
77100 3
77200 1
77300 1
77400 0
77500 0
77600 0
77700 1
77800 2
77900 1
78000 0
78100 0
78200 1
78300 1
78400 1
78500 0
78600 1
78700 0
78800 0
78900 0
79000 0
79100 1
79200 0
79300 1
79400 0
79500 2
79600 17
79700 30
79800 67
79900 33
80000 9
80100 1
80200 1
80300 0
80400 1
80500 0
80600 0
80700 1
80800 0
80900 0
81000 2
81100 0
81200 1
81300 0
81400 2
81500 0
81600 0
81700 0
81800 1
81900 0
82000 1
82100 0
82200 1
82300 0
82400 1
82500 2
82600 1
82700 0
82800 1
82900 13
83000 2
83100 1
83200 1
83300 0
83400 0
83500 0
83600 0
83700 1
83800 1
83900 1
84000 0
84100 0
84200 0
84300 2
84400 0
84500 0
84600 1
84700 1
84800 0
84900 2
85000 0
85100 2
85200 0
85300 0
85400 2
85500 0
85600 0
85700 0
85800 0
85900 1
86000 1
86100 1
86200 0
86300 3
86400 2
86500 0
86600 0
86700 0
86800 1
86900 0
87000 1
87100 1
87200 1
87300 3
87400 12
87500 28
87600 53
87700 98
87800 557
87900 3840
88000 10121
88100 7817
88200 1822
88300 235
88400 72
88500 54
88600 25
88700 11
88800 10
88900 4
89000 3
89100 1
89200 4
89300 0
89400 0
89500 1
89600 2
89700 1
89800 0
89900 0
90000 0
90100 1
90200 1
90300 0
90400 0
90500 1
90600 1
90700 0
90800 0
90900 0
91000 0
91100 1
91200 1
91300 1
91400 1
91500 0
91600 1
91700 0
91800 1
91900 1
92000 1
92100 0
92200 1
92300 1
92400 0
92500 1
92600 2
92700 11
92800 23
92900 55
93000 56
93100 10
93200 1
93300 0
93400 0
93500 1
93600 1
93700 1
93800 3
93900 1
94000 2
94100 2
94200 0
94300 0
94400 0
94500 1
94600 0
94700 1
94800 0
94900 0
95000 0
95100 0
95200 0
95300 2
95400 0
95500 1
95600 0
95700 1
95800 0
95900 0
96000 5
96100 4
96200 2
96300 1
96400 2
96500 0
96600 2
96700 1
96800 0
96900 0
97000 0
97100 0
97200 0
97300 0
97400 0
97500 1
97600 1
97700 5
97800 18
97900 8
98000 3
98100 1
98200 2
98300 1
98400 0
98500 0
98600 1
98700 0
98800 2
98900 1
99000 1
99100 0
99200 0
99300 1
99400 1
99500 0
99600 1
99700 0
99800 1
99900 0
100000 5
100100 1
100200 1
100300 2
100400 1
100500 8
100600 20
100700 47
100800 68
100900 224
101000 1727
101100 7727
101200 10281
101300 4051
101400 619
101500 120
101600 66
101700 38
101800 16
101900 2
102000 0
102100 2
102200 2
102300 0
102400 1
102500 0
102600 1
102700 0
102800 2
102900 0
103000 2
103100 0
103200 1
103300 0
103400 0
103500 1
103600 0
103700 1
103800 0
103900 0
104000 2
104100 1
104200 0
104300 1
104400 2
104500 0
104600 0
104700 1
104800 0
104900 1
105000 1
105100 0
105200 0
105300 0
105400 0
105500 1
105600 0
105700 0
105800 1
105900 9
106000 60
106100 50
106200 20
106300 2
106400 0
106500 2
106600 0
106700 1
106800 2
106900 0
107000 0
107100 1
107200 0
107300 0
107400 1
107500 1
107600 0
107700 0
107800 1
107900 1
108000 1
108100 1
108200 1
108300 1
108400 0
108500 0
108600 0
108700 1
108800 0
108900 0
