-300000 0
-299900 10
-299800 18
-299700 24
-299600 20
-299500 7
-299400 6
-299300 12
-299200 40
-299100 39
-299000 21
-298900 2
-298800 3
-298700 5
-298600 1
-298500 0
-298400 2
-298300 1
-298200 0
-298100 1
-298000 1
-297900 2
-297800 1
-297700 0
-297600 0
-297500 4
-297400 2
-297300 0
-297200 0
-297100 2
-297000 0
-296900 1
-296800 0
-296700 2
-296600 0
-296500 1
-296400 1
-296300 2
-296200 0
-296100 1
-296000 0
-295900 0
-295800 2
-295700 0
-295600 0
-295500 1
-295400 0
-295300 0
-295200 1
-295100 3
-295000 1
-294900 1
-294800 3
-294700 2
-294600 1
-294500 2
-294400 3
-294300 5
-294200 4
-294100 1
-294000 3
-293900 1
-293800 0
-293700 1
-293600 2
-293500 4
-293400 14
-293300 18
-293200 44
-293100 418
-293000 3443
-292900 9522
-292800 7966
-292700 2113
-292600 215
-292500 22
-292400 15
-292300 8
-292200 11
-292100 1
-292000 1
-291900 1
-291800 0
-291700 1
-291600 1
-291500 1
-291400 4
-291300 6
-291200 0
-291100 0
-291000 0
-290900 3
-290800 3
-290700 3
-290600 2
-290500 1
-290400 2
-290300 1
-290200 1
-290100 0
-290000 0
-289900 0
-289800 1
-289700 1
-289600 4
-289500 1
-289400 3
-289300 1
-289200 0
-289100 1
-289000 0
-288900 2
-288800 1
-288700 1
-288600 2
-288500 3
-288400 1
-288300 10
-288200 4
-288100 37
-288000 68
-287900 60
-287800 20
-287700 7
-287600 0
-287500 0
-287400 2
-287300 1
-287200 0
-287100 2
-287000 2
-286900 1
-286800 5
-286700 30
-286600 19
-286500 32
-286400 13
-286300 5
-286200 12
-286100 29
-286000 41
-285900 27
-285800 14
-285700 4
-285600 1
-285500 0
-285400 3
-285300 1
-285200 0
-285100 4
-285000 2
-284900 5
-284800 2
-284700 1
-284600 2
-284500 1
-284400 4
-284300 5
-284200 1
-284100 0
-284000 1
-283900 1
-283800 1
-283700 0
-283600 0
-283500 2
-283400 3
-283300 1
-283200 2
-283100 1
-283000 0
-282900 2
-282800 1
-282700 1
-282600 2
-282500 0
-282400 0
-282300 2
-282200 0
-282100 1
-282000 0
-281900 1
-281800 1
-281700 1
-281600 0
-281500 1
-281400 1
-281300 3
-281200 4
-281100 4
-281000 1
-280900 2
-280800 2
-280700 0
-280600 0
-280500 1
-280400 6
-280300 8
-280200 30
-280100 35
-280000 140
-279900 1640
-279800 7103
-279700 9810
-279600 4118
-279500 533
-279400 50
-279300 16
-279200 9
-279100 10
-279000 2
-278900 2
-278800 2
-278700 0
-278600 0
-278500 1
-278400 2
-278300 5
-278200 1
-278100 2
-278000 1
-277900 1
-277800 2
-277700 2
-277600 1
-277500 1
-277400 0
-277300 1
-277200 1
-277100 1
-277000 0
-276900 0
-276800 1
-276700 1
-276600 0
-276500 3
-276400 2
-276300 1
-276200 2
-276100 2
-276000 3
-275900 1
-275800 0
-275700 2
-275600 1
-275500 0
-275400 2
-275300 2
-275200 5
-275100 4
-275000 14
-274900 68
-274800 59
-274700 30
-274600 8
-274500 3
-274400 2
-274300 1
-274200 3
-274100 0
-274000 0
-273900 0
-273800 2
-273700 2
-273600 15
-273500 23
-273400 33
-273300 22
-273200 8
-273100 8
-273000 28
-272900 40
-272800 41
-272700 19
-272600 6
-272500 0
-272400 4
-272300 1
-272200 0
-272100 1
-272000 1
-271900 2
-271800 3
-271700 4
-271600 2
-271500 1
-271400 0
-271300 1
-271200 1
-271100 3
-271000 2
-270900 1
-270800 1
-270700 0
-270600 1
-270500 1
-270400 0
-270300 0
-270200 0
-270100 0
-270000 2
-269900 1
-269800 1
-269700 4
-269600 0
-269500 0
-269400 1
-269300 0
-269200 1
-269100 1
-269000 1
-268900 1
-268800 2
-268700 2
-268600 1
-268500 1
-268400 0
-268300 0
-268200 4
-268100 5
-268000 6
-267900 1
-267800 1
-267700 1
-267600 0
-267500 0
-267400 0
-267300 6
-267200 7
-267100 17
-267000 25
-266900 64
-266800 798
-266700 4920
-266600 10309
-266500 6130
-266400 1209
-266300 104
-266200 18
-266100 16
-266000 13
-265900 1
-265800 3
-265700 3
-265600 2
-265500 0
-265400 3
-265300 2
-265200 3
-265100 1
-265000 3
-264900 0
-264800 2
-264700 4
-264600 1
-264500 1
-264400 0
-264300 1
-264200 0
-264100 0
-264000 0
-263900 1
-263800 2
-263700 0
-263600 2
-263500 0
-263400 0
-263300 0
-263200 0
-263100 2
-263000 1
-262900 0
-262800 1
-262700 1
-262600 0
-262500 0
-262400 0
-262300 1
-262200 3
-262100 3
-262000 6
-261900 10
-261800 51
-261700 65
-261600 35
-261500 11
-261400 4
-261300 3
-261200 1
-261100 2
-261000 2
-260900 2
-260800 1
-260700 1
-260600 0
-260500 4
-260400 21
-260300 29
-260200 25
-260100 9
-260000 7
-259900 29
-259800 31
-259700 46
-259600 29
-259500 2
-259400 0
-259300 3
-259200 2
-259100 1
-259000 0
-258900 1
-258800 1
-258700 2
-258600 3
-258500 4
-258400 0
-258300 1
-258200 2
-258100 3
-258000 5
-257900 0
-257800 1
-257700 0
-257600 1
-257500 0
-257400 2
-257300 1
-257200 0
-257100 1
-257000 0
-256900 2
-256800 0
-256700 0
-256600 0
-256500 2
-256400 0
-256300 2
-256200 0
-256100 2
-256000 0
-255900 0
-255800 0
-255700 1
-255600 0
-255500 1
-255400 1
-255300 0
-255200 2
-255100 0
-255000 4
-254900 6
-254800 0
-254700 3
-254600 0
-254500 3
-254400 2
-254300 0
-254200 1
-254100 8
-254000 14
-253900 26
-253800 33
-253700 341
-253600 3074
-253500 9310
-253400 8373
-253300 2119
-253200 242
-253100 26
-253000 22
-252900 9
-252800 9
-252700 1
-252600 1
-252500 2
-252400 0
-252300 1
-252200 0
-252100 4
-252000 5
-251900 5
-251800 0
-251700 2
-251600 1
-251500 1
-251400 0
-251300 0
-251200 0
-251100 0
-251000 3
-250900 1
-250800 0
-250700 1
-250600 1
-250500 1
-250400 0
-250300 2
-250200 2
-250100 0
-250000 0
-249900 0
-249800 0
-249700 2
-249600 2
-249500 1
-249400 2
-249300 1
-249200 1
-249100 0
-249000 4
-248900 5
-248800 5
-248700 25
-248600 67
-248500 54
-248400 12
-248300 2
-248200 1
-248100 3
-248000 2
-247900 2
-247800 0
-247700 2
-247600 0
-247500 0
-247400 2
-247300 14
-247200 29
-247100 25
-247000 8
-246900 5
-246800 15
-246700 36
-246600 46
-246500 26
-246400 6
-246300 2
-246200 3
-246100 0
-246000 0
-245900 3
-245800 3
-245700 1
-245600 2
-245500 3
-245400 4
-245300 1
-245200 2
-245100 2
-245000 2
-244900 6
-244800 2
-244700 1
-244600 0
-244500 0
-244400 1
-244300 1
-244200 1
-244100 2
-244000 1
-243900 3
-243800 1
-243700 2
-243600 1
-243500 1
-243400 0
-243300 1
-243200 0
-243100 0
-243000 1
-242900 0
-242800 0
-242700 1
-242600 3
-242500 0
-242400 0
-242300 2
-242200 1
-242100 0
-242000 1
-241900 2
-241800 6
-241700 3
-241600 1
-241500 2
-241400 1
-241300 2
-241200 0
-241100 2
-241000 3
-240900 6
-240800 19
-240700 34
-240600 132
-240500 1489
-240400 7001
-240300 10231
-240200 4306
-240100 565
-240000 48
-239900 23
-239800 12
-239700 8
-239600 5
-239500 1
-239400 0
-239300 2
-239200 2
-239100 1
-239000 0
-238900 2
-238800 4
-238700 2
-238600 2
-238500 1
-238400 2
-238300 0
-238200 0
-238100 3
-238000 1
-237900 1
-237800 0
-237700 0
-237600 0
-237500 1
-237400 0
-237300 0
-237200 2
-237100 1
-237000 2
-236900 1
-236800 1
-236700 2
-236600 0
-236500 0
-236400 1
-236300 1
-236200 0
-236100 2
-236000 4
-235900 3
-235800 11
-235700 1
-235600 14
-235500 48
-235400 61
-235300 21
-235200 6
-235100 1
-235000 0
-234900 1
-234800 2
-234700 1
-234600 2
-234500 4
-234400 1
-234300 1
-234200 9
-234100 30
-234000 30
-233900 16
-233800 4
-233700 9
-233600 20
-233500 35
-233400 28
-233300 10
-233200 2
-233100 1
-233000 2
-232900 1
-232800 1
-232700 2
-232600 0
-232500 2
-232400 2
-232300 3
-232200 2
-232100 3
-232000 0
-231900 2
-231800 5
-231700 6
-231600 0
-231500 1
-231400 1
-231300 0
-231200 3
-231100 2
-231000 1
-230900 1
-230800 0
-230700 0
-230600 1
-230500 2
-230400 1
-230300 2
-230200 0
-230100 0
-230000 1
-229900 2
-229800 1
-229700 0
-229600 0
-229500 1
-229400 2
-229300 2
-229200 3
-229100 1
-229000 4
-228900 0
-228800 1
-228700 3
-228600 3
-228500 3
-228400 0
-228300 0
-228200 0
-228100 0
-228000 1
-227900 4
-227800 6
-227700 10
-227600 19
-227500 57
-227400 615
-227300 4457
-227200 10129
-227100 6638
-227000 1347
-226900 98
-226800 17
-226700 22
-226600 11
-226500 4
-226400 4
-226300 1
-226200 1
-226100 1
-226000 0
-225900 1
-225800 1
-225700 6
-225600 1
-225500 2
-225400 0
-225300 1
-225200 2
-225100 2
-225000 0
-224900 1
-224800 1
-224700 4
-224600 0
-224500 0
-224400 0
-224300 0
-224200 0
-224100 0
-224000 1
-223900 0
-223800 1
-223700 1
-223600 0
-223500 0
-223400 0
-223300 3
-223200 2
-223100 0
-223000 2
-222900 1
-222800 2
-222700 2
-222600 7
-222500 8
-222400 36
-222300 59
-222200 40
-222100 10
-222000 5
-221900 0
-221800 1
-221700 0
-221600 1
-221500 1
-221400 2
-221300 1
-221200 4
-221100 6
-221000 29
-220900 50
-220800 21
-220700 5
-220600 7
-220500 14
-220400 46
-220300 35
-220200 14
-220100 4
-220000 0
-219900 3
-219800 0
-219700 2
-219600 0
-219500 1
-219400 1
-219300 4
-219200 5
-219100 1
-219000 0
-218900 0
-218800 2
-218700 3
-218600 3
-218500 3
-218400 2
-218300 0
-218200 3
-218100 0
-218000 1
-217900 0
-217800 0
-217700 0
-217600 0
-217500 1
-217400 0
-217300 1
-217200 2
-217100 1
-217000 3
-216900 1
-216800 0
-216700 0
-216600 0
-216500 0
-216400 0
-216300 0
-216200 0
-216100 3
-216000 1
-215900 2
-215800 3
-215700 3
-215600 4
-215500 1
-215400 3
-215300 2
-215200 1
-215100 1
-215000 1
-214900 0
-214800 2
-214700 1
-214600 15
-214500 24
-214400 38
-214300 348
-214200 3161
-214100 9414
-214000 8213
-213900 2087
-213800 184
-213700 35
-213600 13
-213500 11
-213400 7
-213300 2
-213200 0
-213100 0
-213000 2
-212900 0
-212800 2
-212700 0
-212600 2
-212500 1
-212400 1
-212300 2
-212200 3
-212100 0
-212000 0
-211900 1
-211800 0
-211700 0
-211600 0
-211500 1
-211400 1
-211300 1
-211200 1
-211100 0
-211000 1
-210900 1
-210800 0
-210700 0
-210600 0
-210500 0
-210400 0
-210300 1
-210200 0
-210100 2
-210000 1
-209900 0
-209800 2
-209700 0
-209600 2
-209500 3
-209400 6
-209300 20
-209200 50
-209100 51
-209000 14
-208900 1
-208800 5
-208700 5
-208600 1
-208500 0
-208400 1
-208300 1
-208200 0
-208100 2
-208000 10
-207900 44
-207800 61
-207700 23
-207600 18
-207500 5
-207400 26
-207300 73
-207200 85
-207100 31
-207000 5
-206900 2
-206800 1
-206700 1
-206600 0
-206500 1
-206400 3
-206300 3
-206200 2
-206100 9
-206000 3
-205900 2
-205800 1
-205700 0
-205600 2
-205500 5
-205400 3
-205300 2
-205200 1
-205100 2
-205000 0
-204900 1
-204800 0
-204700 0
-204600 1
-204500 0
-204400 1
-204300 0
-204200 3
-204100 2
-204000 2
-203900 2
-203800 1
-203700 0
-203600 0
-203500 0
-203400 2
-203300 0
-203200 1
-203100 0
-203000 5
-202900 1
-202800 0
-202700 1
-202600 1
-202500 3
-202400 3
-202300 2
-202200 2
-202100 1
-202000 1
-201900 0
-201800 1
-201700 3
-201600 2
-201500 15
-201400 15
-201300 25
-201200 162
-201100 1836
-201000 7878
-200900 9578
-200800 3535
-200700 440
-200600 36
-200500 17
-200400 11
-200300 5
-200200 1
-200100 0
-200000 0
-199900 1
-199800 1
-199700 5
-199600 0
-199500 3
-199400 3
-199300 0
-199200 0
-199100 1
-199000 2
-198900 0
-198800 1
-198700 2
-198600 1
-198500 0
-198400 1
-198300 0
-198200 1
-198100 3
-198000 2
-197900 0
-197800 0
-197700 2
-197600 0
-197500 0
-197400 1
-197300 1
-197200 0
-197100 0
-197000 0
-196900 1
-196800 2
-196700 0
-196600 0
-196500 0
-196400 6
-196300 6
-196200 19
-196100 48
-196000 66
-195900 25
-195800 8
-195700 5
-195600 3
-195500 2
-195400 3
-195300 0
-195200 4
-195100 1
-195000 1
-194900 2
-194800 10
-194700 31
-194600 35
-194500 14
-194400 6
-194300 9
-194200 26
-194100 48
-194000 45
-193900 17
-193800 1
-193700 2
-193600 0
-193500 4
-193400 1
-193300 0
-193200 1
-193100 1
-193000 6
-192900 3
-192800 2
-192700 1
-192600 1
-192500 3
-192400 3
-192300 0
-192200 1
-192100 2
-192000 2
-191900 0
-191800 1
-191700 3
-191600 0
-191500 1
-191400 1
-191300 1
-191200 0
-191100 2
-191000 1
-190900 2
-190800 1
-190700 0
-190600 1
-190500 2
-190400 1
-190300 2
-190200 4
-190100 0
-190000 3
-189900 1
-189800 1
-189700 2
-189600 3
-189500 2
-189400 4
-189300 4
-189200 5
-189100 0
-189000 0
-188900 1
-188800 1
-188700 0
-188600 0
-188500 4
-188400 9
-188300 16
-188200 25
-188100 83
-188000 748
-187900 4988
-187800 10473
-187700 6083
-187600 1098
-187500 86
-187400 25
-187300 8
-187200 12
-187100 5
-187000 4
-186900 1
-186800 3
-186700 3
-186600 0
-186500 1
-186400 5
-186300 4
-186200 1
-186100 0
-186000 0
-185900 0
-185800 0
-185700 1
-185600 2
-185500 2
-185400 1
-185300 0
-185200 0
-185100 0
-185000 0
-184900 2
-184800 2
-184700 1
-184600 0
-184500 1
-184400 2
-184300 0
-184200 1
-184100 2
-184000 1
-183900 0
-183800 2
-183700 0
-183600 0
-183500 2
-183400 3
-183300 7
-183200 6
-183100 5
-183000 32
-182900 54
-182800 38
-182700 9
-182600 4
-182500 4
-182400 4
-182300 2
-182200 0
-182100 1
-182000 1
-181900 1
-181800 3
-181700 6
-181600 27
-181500 37
-181400 27
-181300 7
-181200 5
-181100 22
-181000 37
-180900 39
-180800 21
-180700 5
-180600 1
-180500 4
-180400 4
-180300 0
-180200 0
-180100 2
-180000 3
-179900 4
-179800 3
-179700 1
-179600 0
-179500 0
-179400 0
-179300 2
-179200 4
-179100 0
-179000 3
-178900 3
-178800 3
-178700 3
-178600 0
-178500 3
-178400 0
-178300 4
-178200 1
-178100 2
-178000 2
-177900 1
-177800 0
-177700 1
-177600 1
-177500 1
-177400 2
-177300 0
-177200 1
-177100 1
-177000 1
-176900 2
-176800 2
-176700 2
-176600 0
-176500 3
-176400 2
-176300 0
-176200 6
-176100 3
-176000 0
-175900 1
-175800 1
-175700 1
-175600 0
-175500 3
-175400 2
-175300 8
-175200 10
-175100 19
-175000 39
-174900 250
-174800 2454
-174700 9034
-174600 9010
-174500 2494
-174400 226
-174300 19
-174200 18
-174100 10
-174000 11
-173900 2
-173800 0
-173700 0
-173600 0
-173500 0
-173400 1
-173300 1
-173200 4
-173100 2
-173000 0
-172900 1
-172800 1
-172700 1
-172600 1
-172500 1
-172400 2
-172300 0
-172200 2
-172100 1
-172000 4
-171900 2
-171800 0
-171700 1
-171600 0
-171500 2
-171400 1
-171300 1
-171200 0
-171100 0
-171000 1
-170900 0
-170800 0
-170700 0
-170600 2
-170500 1
-170400 2
-170300 0
-170200 2
-170100 3
-170000 5
-169900 25
-169800 59
-169700 56
-169600 15
-169500 4
-169400 3
-169300 2
-169200 2
-169100 0
-169000 0
-168900 2
-168800 1
-168700 1
-168600 4
-168500 18
-168400 40
-168300 33
-168200 16
-168100 5
-168000 9
-167900 42
-167800 41
-167700 27
-167600 3
-167500 1
-167400 4
-167300 0
-167200 2
-167100 2
-167000 1
-166900 0
-166800 2
-166700 5
-166600 3
-166500 1
-166400 2
-166300 2
-166200 5
-166100 6
-166000 1
-165900 3
-165800 6
-165700 0
-165600 0
-165500 1
-165400 1
-165300 1
-165200 1
-165100 0
-165000 2
-164900 1
-164800 0
-164700 1
-164600 0
-164500 1
-164400 1
-164300 1
-164200 0
-164100 2
-164000 0
-163900 2
-163800 1
-163700 1
-163600 3
-163500 0
-163400 2
-163300 1
-163200 0
-163100 7
-163000 10
-162900 6
-162800 0
-162700 1
-162600 1
-162500 3
-162400 2
-162300 1
-162200 0
-162100 6
-162000 17
-161900 28
-161800 116
-161700 1318
-161600 6683
-161500 10135
-161400 4327
-161300 542
-161200 38
-161100 19
-161000 18
-160900 13
-160800 3
-160700 0
-160600 0
-160500 0
-160400 3
-160300 0
-160200 2
-160100 3
-160000 4
-159900 0
-159800 2
-159700 2
-159600 1
-159500 1
-159400 0
-159300 1
-159200 1
-159100 1
-159000 0
-158900 0
-158800 0
-158700 0
-158600 4
-158500 1
-158400 1
-158300 3
-158200 1
-158100 0
-158000 0
-157900 0
-157800 0
-157700 0
-157600 0
-157500 2
-157400 1
-157300 0
-157200 0
-157100 2
-157000 4
-156900 2
-156800 22
-156700 55
-156600 49
-156500 22
-156400 5
-156300 2
-156200 2
-156100 0
-156000 0
-155900 0
-155800 1
-155700 2
-155600 3
-155500 0
-155400 21
-155300 37
-155200 31
-155100 30
-155000 5
-154900 7
-154800 25
-154700 38
-154600 42
-154500 9
-154400 2
-154300 2
-154200 1
-154100 1
-154000 1
-153900 1
-153800 0
-153700 1
-153600 2
-153500 3
-153400 1
-153300 0
-153200 1
-153100 0
-153000 3
-152900 3
-152800 2
-152700 1
-152600 0
-152500 1
-152400 1
-152300 4
-152200 1
-152100 1
-152000 1
-151900 1
-151800 2
-151700 1
-151600 0
-151500 1
-151400 0
-151300 1
-151200 1
-151100 0
-151000 1
-150900 2
-150800 1
-150700 1
-150600 0
-150500 1
-150400 1
-150300 2
-150200 2
-150100 1
-150000 0
-149900 5
-149800 2
-149700 2
-149600 0
-149500 3
-149400 0
-149300 1
-149200 2
-149100 3
-149000 12
-148900 15
-148800 31
-148700 50
-148600 633
-148500 4587
-148400 10319
-148300 6626
-148200 1231
-148100 95
-148000 7
-147900 12
-147800 9
-147700 3
-147600 3
-147500 0
-147400 1
-147300 1
-147200 1
-147100 2
-147000 1
-146900 1
-146800 1
-146700 1
-146600 0
-146500 1
-146400 0
-146300 1
-146200 1
-146100 0
-146000 0
-145900 0
-145800 0
-145700 0
-145600 4
-145500 0
-145400 1
-145300 2
-145200 0
-145100 2
-145000 1
-144900 0
-144800 0
-144700 0
-144600 0
-144500 0
-144400 2
-144300 0
-144200 2
-144100 0
-144000 0
-143900 3
-143800 6
-143700 3
-143600 27
-143500 56
-143400 53
-143300 8
-143200 2
-143100 4
-143000 1
-142900 1
-142800 0
-142700 0
-142600 3
-142500 1
-142400 3
-142300 6
-142200 28
-142100 53
-142000 17
-141900 6
-141800 2
-141700 16
-141600 33
-141500 40
-141400 28
-141300 2
-141200 1
-141100 1
-141000 3
-140900 2
-140800 1
-140700 2
-140600 2
-140500 3
-140400 3
-140300 4
-140200 0
-140100 0
-140000 5
-139900 3
-139800 5
-139700 3
-139600 3
-139500 3
-139400 1
-139300 1
-139200 1
-139100 0
-139000 1
-138900 2
-138800 2
-138700 1
-138600 1
-138500 0
-138400 1
-138300 0
-138200 0
-138100 1
-138000 0
-137900 2
-137800 0
-137700 0
-137600 0
-137500 4
-137400 0
-137300 0
-137200 2
-137100 1
-137000 3
-136900 2
-136800 2
-136700 4
-136600 2
-136500 0
-136400 0
-136300 1
-136200 2
-136100 2
-136000 0
-135900 7
-135800 15
-135700 14
-135600 27
-135500 255
-135400 2375
-135300 8881
-135200 9319
-135100 2733
-135000 245
-134900 23
-134800 15
-134700 8
-134600 4
-134500 3
-134400 1
-134300 1
-134200 1
-134100 2
-134000 1
-133900 2
-133800 1
-133700 5
-133600 0
-133500 2
-133400 1
-133300 1
-133200 2
-133100 1
-133000 1
-132900 1
-132800 2
-132700 0
-132600 1
-132500 1
-132400 2
-132300 1
-132200 0
-132100 0
-132000 1
-131900 0
-131800 0
-131700 0
-131600 0
-131500 3
-131400 0
-131300 0
-131200 0
-131100 1
-131000 0
-130900 3
-130800 0
-130700 2
-130600 6
-130500 20
-130400 66
-130300 59
-130200 16
-130100 6
-130000 6
-129900 2
-129800 3
-129700 0
-129600 0
-129500 0
-129400 2
-129300 3
-129200 2
-129100 16
-129000 35
-128900 33
-128800 12
-128700 3
-128600 8
-128500 25
-128400 25
-128300 39
-128200 10
-128100 0
-128000 2
-127900 3
-127800 3
-127700 0
-127600 0
-127500 1
-127400 4
-127300 1
-127200 5
-127100 0
-127000 1
-126900 3
-126800 3
-126700 5
-126600 2
-126500 0
-126400 2
-126300 2
-126200 0
-126100 0
-126000 2
-125900 2
-125800 1
-125700 0
-125600 1
-125500 1
-125400 2
-125300 1
-125200 1
-125100 1
-125000 0
-124900 0
-124800 1
-124700 0
-124600 1
-124500 0
-124400 1
-124300 0
-124200 1
-124100 1
-124000 0
-123900 0
-123800 2
-123700 1
-123600 1
-123500 3
-123400 2
-123300 0
-123200 0
-123100 1
-123000 2
-122900 4
-122800 5
-122700 11
-122600 13
-122500 25
-122400 103
-122300 1118
-122200 6338
-122100 10773
-122000 4778
-121900 617
-121800 48
-121700 19
-121600 16
-121500 10
-121400 1
-121300 2
-121200 3
-121100 0
-121000 0
-120900 1
-120800 0
-120700 2
-120600 4
-120500 2
-120400 2
-120300 2
-120200 1
-120100 1
-120000 0
-119900 2
-119800 0
-119700 0
-119600 1
-119500 1
-119400 0
-119300 2
-119200 0
-119100 3
-119000 2
-118900 1
-118800 0
-118700 1
-118600 0
-118500 1
-118400 1
-118300 0
-118200 0
-118100 0
-118000 1
-117900 0
-117800 0
-117700 2
-117600 7
-117500 7
-117400 17
-117300 62
-117200 59
-117100 28
-117000 5
-116900 1
-116800 6
-116700 1
-116600 1
-116500 1
-116400 0
-116300 2
-116200 4
-116100 1
-116000 6
-115900 26
-115800 42
-115700 14
-115600 7
-115500 4
-115400 16
-115300 42
-115200 30
-115100 18
-115000 3
-114900 0
-114800 1
-114700 2
-114600 3
-114500 2
-114400 1
-114300 4
-114200 3
-114100 3
-114000 1
-113900 2
-113800 2
-113700 1
-113600 7
-113500 2
-113400 1
-113300 2
-113200 0
-113100 0
-113000 1
-112900 1
-112800 2
-112700 0
-112600 0
-112500 0
-112400 4
-112300 2
-112200 1
-112100 1
-112000 0
-111900 1
-111800 0
-111700 2
-111600 0
-111500 2
-111400 0
-111300 0
-111200 0
-111100 1
-111000 1
-110900 1
-110800 1
-110700 3
-110600 2
-110500 5
-110400 5
-110300 3
-110200 1
-110100 3
-110000 2
-109900 0
-109800 1
-109700 1
-109600 9
-109500 18
-109400 19
-109300 52
-109200 543
-109100 4235
-109000 10256
-108900 7216
-108800 1287
-108700 104
-108600 26
-108500 17
-108400 18
-108300 2
-108200 2
-108100 0
-108000 1
-107900 0
-107800 1
-107700 3
-107600 5
-107500 2
-107400 5
-107300 0
-107200 2
-107100 0
-107000 3
-106900 0
-106800 0
-106700 1
-106600 1
-106500 2
-106400 1
-106300 0
-106200 1
-106100 1
-106000 1
-105900 2
-105800 2
-105700 0
-105600 1
-105500 0
-105400 1
-105300 1
-105200 0
-105100 1
-105000 0
-104900 1
-104800 0
-104700 2
-104600 4
-104500 7
-104400 6
-104300 3
-104200 36
-104100 60
-104000 43
-103900 5
-103800 4
-103700 1
-103600 2
-103500 2
-103400 1
-103300 2
-103200 4
-103100 2
-103000 1
-102900 4
-102800 22
-102700 38
-102600 30
-102500 8
-102400 4
-102300 17
-102200 46
-102100 36
-102000 16
-101900 3
-101800 3
-101700 1
-101600 1
-101500 2
-101400 1
-101300 2
-101200 4
-101100 1
-101000 2
-100900 2
-100800 1
-100700 0
-100600 3
-100500 1
-100400 1
-100300 1
-100200 1
-100100 0
-100000 2
-99900 1
-99800 1
-99700 2
-99600 1
-99500 1
-99400 1
-99300 2
-99200 4
-99100 2
-99000 3
-98900 1
-98800 0
-98700 0
-98600 2
-98500 1
-98400 0
-98300 2
-98200 0
-98100 1
-98000 1
-97900 1
-97800 2
-97700 2
-97600 0
-97500 1
-97400 2
-97300 2
-97200 1
-97100 3
-97000 0
-96900 0
-96800 2
-96700 0
-96600 0
-96500 2
-96400 14
-96300 17
-96200 25
-96100 169
-96000 1761
-95900 7988
-95800 9953
-95700 3250
-95600 319
-95500 35
-95400 23
-95300 16
-95200 6
-95100 4
-95000 2
-94900 0
-94800 1
-94700 2
-94600 0
-94500 0
-94400 3
-94300 2
-94200 5
-94100 1
-94000 1
-93900 2
-93800 1
-93700 1
-93600 0
-93500 0
-93400 3
-93300 0
-93200 2
-93100 3
-93000 0
-92900 0
-92800 4
-92700 2
-92600 1
-92500 0
-92400 1
-92300 1
-92200 0
-92100 1
-92000 0
-91900 0
-91800 0
-91700 0
-91600 3
-91500 2
-91400 1
-91300 3
-91200 8
-91100 18
-91000 52
-90900 57
-90800 20
-90700 4
-90600 1
-90500 3
-90400 0
-90300 3
-90200 0
-90100 0
-90000 1
-89900 2
-89800 2
-89700 14
-89600 36
-89500 36
-89400 21
-89300 4
-89200 13
-89100 34
-89000 49
-88900 28
-88800 8
-88700 1
-88600 1
-88500 0
-88400 0
-88300 1
-88200 0
-88100 2
-88000 2
-87900 1
-87800 5
-87700 0
-87600 1
-87500 0
-87400 1
-87300 2
-87200 3
-87100 2
-87000 0
-86900 0
-86800 0
-86700 0
-86600 1
-86500 0
-86400 0
-86300 1
-86200 0
-86100 2
-86000 2
-85900 2
-85800 0
-85700 2
-85600 0
-85500 0
-85400 0
-85300 0
-85200 0
-85100 1
-85000 2
-84900 1
-84800 1
-84700 1
-84600 2
-84500 0
-84400 2
-84300 2
-84200 7
-84100 6
-84000 1
-83900 0
-83800 2
-83700 0
-83600 2
-83500 3
-83400 1
-83300 6
-83200 21
-83100 21
-83000 64
-82900 575
-82800 4476
-82700 10781
-82600 6635
-82500 1119
-82400 78
-82300 21
-82200 10
-82100 11
-82000 3
-81900 1
-81800 2
-81700 1
-81600 1
-81500 2
-81400 0
-81300 3
-81200 1
-81100 3
-81000 1
-80900 0
-80800 1
-80700 0
-80600 1
-80500 1
-80400 5
-80300 1
-80200 1
-80100 0
-80000 1
-79900 3
-79800 1
-79700 0
-79600 2
-79500 3
-79400 3
-79300 1
-79200 0
-79100 0
-79000 2
-78900 1
-78800 1
-78700 0
-78600 1
-78500 0
-78400 3
-78300 5
-78200 3
-78100 3
-78000 9
-77900 38
-77800 80
-77700 34
-77600 7
-77500 3
-77400 3
-77300 1
-77200 1
-77100 2
-77000 2
-76900 1
-76800 0
-76700 2
-76600 6
-76500 25
-76400 24
-76300 23
-76200 6
-76100 4
-76000 21
-75900 40
-75800 24
-75700 19
-75600 3
-75500 0
-75400 0
-75300 0
-75200 0
-75100 1
-75000 1
-74900 2
-74800 3
-74700 1
-74600 2
-74500 1
-74400 1
-74300 3
-74200 2
-74100 3
-74000 1
-73900 1
-73800 0
-73700 0
-73600 2
-73500 2
-73400 0
-73300 1
-73200 2
-73100 1
-73000 1
-72900 2
-72800 0
-72700 0
-72600 2
-72500 2
-72400 0
-72300 0
-72200 0
-72100 1
-72000 2
-71900 1
-71800 1
-71700 0
-71600 2
-71500 1
-71400 5
-71300 1
-71200 2
-71100 4
-71000 3
-70900 2
-70800 1
-70700 2
-70600 0
-70500 2
-70400 1
-70300 3
-70200 8
-70100 13
-70000 15
-69900 55
-69800 499
-69700 4227
-69600 10465
-69500 7016
-69400 1267
-69300 85
-69200 15
-69100 15
-69000 11
-68900 3
-68800 1
-68700 1
-68600 1
-68500 0
-68400 1
-68300 0
-68200 2
-68100 2
-68000 2
-67900 2
-67800 0
-67700 0
-67600 0
-67500 0
-67400 1
-67300 1
-67200 1
-67100 1
-67000 1
-66900 1
-66800 1
-66700 1
-66600 2
-66500 1
-66400 0
-66300 1
-66200 1
-66100 1
-66000 2
-65900 1
-65800 1
-65700 0
-65600 2
-65500 1
-65400 0
-65300 3
-65200 1
-65100 0
-65000 9
-64900 6
-64800 37
-64700 81
-64600 52
-64500 15
-64400 4
-64300 5
-64200 3
-64100 1
-64000 1
-63900 0
-63800 0
-63700 1
-63600 0
-63500 8
-63400 34
-63300 36
-63200 37
-63100 13
-63000 4
-62900 16
-62800 32
-62700 30
-62600 20
-62500 1
-62400 3
-62300 1
-62200 2
-62100 1
-62000 0
-61900 1
-61800 2
-61700 3
-61600 5
-61500 1
-61400 2
-61300 0
-61200 2
-61100 2
-61000 2
-60900 4
-60800 0
-60700 1
-60600 1
-60500 0
-60400 0
-60300 1
-60200 0
-60100 1
-60000 0
-59900 1
-59800 1
-59700 0
-59600 0
-59500 0
-59400 0
-59300 1
-59200 0
-59100 1
-59000 0
-58900 1
-58800 1
-58700 2
-58600 0
-58500 1
-58400 0
-58300 2
-58200 1
-58100 2
-58000 1
-57900 4
-57800 5
-57700 3
-57600 1
-57500 3
-57400 2
-57300 1
-57200 2
-57100 7
-57000 13
-56900 15
-56800 38
-56700 269
-56600 2742
-56500 9317
-56400 8649
-56300 2234
-56200 194
-56100 22
-56000 14
-55900 15
-55800 4
-55700 1
-55600 2
-55500 1
-55400 1
-55300 2
-55200 0
-55100 1
-55000 4
-54900 3
-54800 1
-54700 2
-54600 0
-54500 1
-54400 0
-54300 0
-54200 0
-54100 3
-54000 0
-53900 0
-53800 0
-53700 1
-53600 1
-53500 0
-53400 1
-53300 2
-53200 0
-53100 2
-53000 1
-52900 1
-52800 0
-52700 1
-52600 0
-52500 0
-52400 1
-52300 1
-52200 0
-52100 0
-52000 4
-51900 0
-51800 8
-51700 16
-51600 56
-51500 68
-51400 19
-51300 4
-51200 4
-51100 3
-51000 1
-50900 1
-50800 1
-50700 1
-50600 1
-50500 3
-50400 5
-50300 17
-50200 40
-50100 25
-50000 15
-49900 6
-49800 10
-49700 23
-49600 51
-49500 38
-49400 13
-49300 3
-49200 0
-49100 1
-49000 2
-48900 0
-48800 1
-48700 3
-48600 0
-48500 0
-48400 6
-48300 1
-48200 0
-48100 2
-48000 4
-47900 4
-47800 4
-47700 1
-47600 3
-47500 1
-47400 0
-47300 0
-47200 1
-47100 0
-47000 1
-46900 1
-46800 0
-46700 0
-46600 6
-46500 3
-46400 1
-46300 1
-46200 0
-46100 0
-46000 2
-45900 2
-45800 0
-45700 0
-45600 0
-45500 0
-45400 1
-45300 0
-45200 2
-45100 1
-45000 2
-44900 3
-44800 5
-44700 4
-44600 1
-44500 0
-44400 0
-44300 1
-44200 3
-44100 0
-44000 4
-43900 3
-43800 20
-43700 34
-43600 81
-43500 715
-43400 5173
-43300 10688
-43200 5894
-43100 883
-43000 47
-42900 18
-42800 18
-42700 12
-42600 5
-42500 1
-42400 2
-42300 2
-42200 2
-42100 1
-42000 2
-41900 1
-41800 6
-41700 0
-41600 3
-41500 0
-41400 2
-41300 2
-41200 0
-41100 0
-41000 0
-40900 1
-40800 3
-40700 0
-40600 1
-40500 0
-40400 1
-40300 2
-40200 0
-40100 1
-40000 0
-39900 1
-39800 0
-39700 0
-39600 1
-39500 0
-39400 4
-39300 2
-39200 1
-39100 1
-39000 2
-38900 0
-38800 5
-38700 5
-38600 9
-38500 33
-38400 72
-38300 34
-38200 9
-38100 9
-38000 5
-37900 1
-37800 1
-37700 1
-37600 1
-37500 2
-37400 2
-37300 0
-37200 3
-37100 33
-37000 31
-36900 21
-36800 14
-36700 5
-36600 17
-36500 28
-36400 37
-36300 20
-36200 8
-36100 1
-36000 1
-35900 2
-35800 1
-35700 3
-35600 0
-35500 2
-35400 8
-35300 1
-35200 1
-35100 2
-35000 0
-34900 2
-34800 0
-34700 4
-34600 3
-34500 1
-34400 0
-34300 1
-34200 0
-34100 1
-34000 1
-33900 2
-33800 0
-33700 0
-33600 0
-33500 1
-33400 3
-33300 1
-33200 0
-33100 0
-33000 1
-32900 0
-32800 0
-32700 1
-32600 3
-32500 2
-32400 1
-32300 1
-32200 3
-32100 1
-32000 0
-31900 3
-31800 2
-31700 3
-31600 8
-31500 2
-31400 2
-31300 0
-31200 1
-31100 2
-31000 2
-30900 2
-30800 8
-30700 18
-30600 42
-30500 52
-30400 251
-30300 2705
-30200 9647
-30100 8739
-30000 2060
-29900 174
-29800 35
-29700 20
-29600 9
-29500 4
-29400 4
-29300 2
-29200 1
-29100 2
-29000 2
-28900 0
-28800 1
-28700 5
-28600 4
-28500 4
-28400 1
-28300 1
-28200 0
-28100 1
-28000 1
-27900 1
-27800 1
-27700 0
-27600 0
-27500 0
-27400 2
-27300 0
-27200 0
-27100 3
-27000 0
-26900 1
-26800 3
-26700 1
-26600 0
-26500 1
-26400 1
-26300 2
-26200 3
-26100 3
-26000 1
-25900 1
-25800 1
-25700 2
-25600 5
-25500 11
-25400 37
-25300 74
-25200 47
-25100 8
-25000 9
-24900 4
-24800 4
-24700 0
-24600 0
-24500 0
-24400 5
-24300 1
-24200 3
-24100 9
-24000 24
-23900 28
-23800 18
-23700 9
-23600 1
-23500 19
-23400 36
-23300 36
-23200 12
-23100 0
-23000 1
-22900 4
-22800 1
-22700 0
-22600 0
-22500 0
-22400 1
-22300 0
-22200 2
-22100 1
-22000 1
-21900 1
-21800 5
-21700 0
-21600 2
-21500 4
-21400 1
-21300 0
-21200 1
-21100 3
-21000 1
-20900 2
-20800 0
-20700 0
-20600 0
-20500 1
-20400 1
-20300 3
-20200 2
-20100 2
-20000 1
-19900 3
-19800 2
-19700 1
-19600 1
-19500 1
-19400 2
-19300 3
-19200 0
-19100 0
-19000 1
-18900 0
-18800 0
-18700 3
-18600 8
-18500 4
-18400 2
-18300 2
-18200 1
-18100 0
-18000 1
-17900 0
-17800 1
-17700 5
-17600 14
-17500 21
-17400 52
-17300 486
-17200 3846
-17100 10082
-17000 7396
-16900 1656
-16800 142
-16700 18
-16600 22
-16500 18
-16400 2
-16300 4
-16200 2
-16100 0
-16000 2
-15900 0
-15800 3
-15700 1
-15600 5
-15500 1
-15400 0
-15300 0
-15200 0
-15100 1
-15000 0
-14900 1
-14800 3
-14700 1
-14600 1
-14500 1
-14400 1
-14300 0
-14200 1
-14100 1
-14000 2
-13900 0
-13800 1
-13700 0
-13600 2
-13500 3
-13400 0
-13300 5
-13200 0
-13100 0
-13000 3
-12900 2
-12800 1
-12700 1
-12600 1
-12500 2
-12400 7
-12300 36
-12200 69
-12100 35
-12000 16
-11900 2
-11800 3
-11700 1
-11600 1
-11500 0
-11400 1
-11300 0
-11200 1
-11100 2
-11000 1
-10900 21
-10800 30
-10700 29
-10600 23
-10500 3
-10400 13
-10300 37
-10200 43
-10100 25
-10000 5
-9900 0
-9800 1
-9700 4
-9600 2
-9500 0
-9400 0
-9300 0
-9200 1
-9100 5
-9000 3
-8900 0
-8800 2
-8700 0
-8600 3
-8500 5
-8400 2
-8300 1
-8200 1
-8100 0
-8000 2
-7900 1
-7800 0
-7700 0
-7600 0
-7500 2
-7400 1
-7300 0
-7200 1
-7100 1
-7000 2
-6900 0
-6800 2
-6700 1
-6600 0
-6500 0
-6400 0
-6300 0
-6200 2
-6100 0
-6000 2
-5900 1
-5800 3
-5700 1
-5600 0
-5500 3
-5400 10
-5300 4
-5200 0
-5100 1
-5000 1
-4900 1
-4800 1
-4700 1
-4600 7
-4500 6
-4400 16
-4300 18
-4200 66
-4100 846
-4000 5849
-3900 10817
-3800 5255
-3700 724
-3600 42
-3500 11
-3400 15
-3300 11
-3200 3
-3100 0
-3000 1
-2900 0
-2800 1
-2700 1
-2600 1
-2500 0
-2400 5
-2300 0
-2200 3
-2100 1
-2000 0
-1900 1
-1800 1
-1700 0
-1600 0
-1500 4
-1400 0
-1300 0
-1200 0
-1100 0
-1000 4
-900 1
-800 2
-700 0
-600 0
-500 1
-400 0
-300 0
-200 1
-100 1
0 0
100 1
200 1
300 0
400 1
500 0
600 5
700 5
800 4
900 39
1000 73
1100 25
1200 4
1300 4
1400 4
1500 2
1600 0
1700 1
1800 2
1900 2
2000 1
2100 4
2200 11
2300 32
2400 28
2500 24
2600 5
2700 3
2800 16
2900 36
3000 44
3100 28
3200 3
3300 0
3400 2
3500 2
3600 1
3700 2
3800 2
3900 1
4000 3
4100 2
4200 4
4300 0
4400 0
4500 3
4600 0
4700 3
4800 2
4900 1
5000 2
5100 1
5200 0
5300 2
5400 2
5500 0
5600 0
5700 1
5800 0
5900 1
6000 1
6100 1
6200 0
6300 1
6400 2
6500 1
6600 1
6700 1
6800 0
6900 1
7000 1
7100 2
7200 2
7300 1
7400 2
7500 1
7600 1
7700 3
7800 4
7900 5
8000 5
8100 2
8200 1
8300 0
8400 0
8500 2
8600 8
8700 26
8800 40
8900 48
9000 391
9100 4273
9200 17969
9300 21862
9400 7176
9500 774
9600 60
9700 36
9800 38
9900 18
10000 4
10100 0
10200 1
10300 0
10400 2
10500 2
10600 3
10700 4
10800 5
10900 2
11000 0
11100 2
11200 0
11300 1
11400 1
11500 0
11600 0
11700 2
11800 1
11900 1
12000 0
12100 0
12200 0
12300 1
12400 1
12500 2
12600 1
12700 2
12800 0
12900 1
13000 1
13100 0
13200 3
13300 3
13400 0
13500 2
13600 1
13700 1
13800 4
13900 4
14000 7
14100 36
14200 70
14300 29
14400 4
14500 4
14600 3
14700 0
14800 0
14900 1
15000 1
15100 0
15200 0
15300 4
15400 12
15500 18
15600 37
15700 14
15800 6
15900 5
16000 17
16100 33
16200 44
16300 13
16400 1
16500 2
16600 4
16700 0
16800 1
16900 1
17000 1
17100 2
17200 1
17300 1
17400 6
17500 0
17600 0
17700 1
17800 3
17900 3
18000 1
18100 1
18200 0
18300 0
18400 0
18500 1
18600 1
18700 0
18800 0
18900 0
19000 1
19100 4
19200 1
19300 0
19400 1
19500 0
19600 1
19700 1
19800 0
19900 1
20000 0
20100 1
20200 0
20300 1
20400 2
20500 0
20600 0
20700 1
20800 3
20900 3
21000 3
21100 2
21200 1
21300 0
21400 0
21500 1
21600 1
21700 5
21800 8
21900 23
22000 15
22100 81
22200 737
22300 5019
22400 10640
22500 5983
22600 988
22700 87
22800 19
22900 8
23000 4
23100 1
23200 1
23300 0
23400 1
23500 1
23600 2
23700 0
23800 3
23900 3
24000 0
24100 2
24200 0
24300 1
24400 3
24500 0
24600 0
24700 2
24800 0
24900 2
25000 2
25100 1
25200 1
25300 0
25400 0
25500 1
25600 0
25700 0
25800 0
25900 2
26000 0
26100 2
26200 1
26300 0
26400 0
26500 1
26600 3
26700 0
26800 3
26900 6
27000 6
27100 4
27200 61
27300 72
27400 28
27500 4
27600 5
27700 4
27800 0
27900 1
28000 1
28100 0
28200 3
28300 1
28400 1
28500 16
28600 35
28700 31
28800 19
28900 7
29000 9
29100 25
29200 58
29300 32
29400 14
29500 0
29600 0
29700 3
29800 2
29900 0
30000 2
30100 3
30200 4
30300 3
30400 1
30500 1
30600 0
30700 2
30800 3
30900 2
31000 5
31100 2
31200 0
31300 0
31400 2
31500 2
31600 0
31700 0
31800 0
31900 0
32000 0
32100 0
32200 0
32300 0
32400 2
32500 1
32600 3
32700 1
32800 1
32900 4
33000 2
33100 1
33200 1
33300 4
33400 3
33500 6
33600 2
33700 2
33800 0
33900 1
34000 3
34100 7
34200 2
34300 0
34400 0
34500 0
34600 1
34700 1
34800 1
34900 8
35000 20
35100 23
35200 62
35300 1033
35400 6052
35500 10555
35600 4908
35700 656
35800 45
35900 14
36000 17
36100 11
36200 3
36300 0
36400 2
36500 1
36600 2
36700 2
36800 2
36900 3
37000 2
37100 1
37200 1
37300 2
37400 1
37500 4
37600 0
37700 0
37800 2
37900 1
38000 0
38100 0
38200 3
38300 2
38400 0
38500 0
38600 0
38700 0
38800 0
38900 1
39000 1
39100 1
39200 2
39300 0
39400 0
39500 2
39600 0
39700 0
39800 3
39900 0
40000 5
40100 5
40200 10
40300 52
40400 84
40500 29
40600 6
40700 5
40800 3
40900 1
41000 1
41100 0
41200 1
41300 1
41400 0
41500 1
41600 6
41700 33
41800 47
41900 22
42000 7
42100 3
42200 18
42300 45
42400 31
42500 20
42600 3
42700 1
42800 0
42900 3
43000 1
43100 1
43200 1
43300 2
43400 2
43500 2
43600 3
43700 3
43800 0
43900 1
44000 1
44100 5
44200 1
44300 1
44400 1
44500 0
44600 0
44700 3
44800 0
44900 0
45000 0
45100 1
45200 1
45300 2
45400 0
45500 0
45600 2
45700 0
45800 0
45900 0
46000 0
46100 0
46200 1
46300 2
46400 1
46500 1
46600 0
46700 2
46800 2
46900 1
47000 0
47100 2
47200 4
47300 2
47400 0
47500 2
47600 0
47700 2
47800 1
47900 2
48000 4
48100 14
48200 14
48300 40
48400 279
48500 2708
48600 9491
48700 8737
48800 2057
48900 181
49000 24
49100 35
49200 32
49300 10
49400 5
49500 0
49600 0
49700 1
49800 2
49900 1
50000 2
50100 3
50200 2
50300 1
50400 2
50500 1
50600 1
50700 1
50800 0
50900 0
51000 1
51100 0
51200 0
51300 0
51400 3
51500 1
51600 0
51700 1
51800 1
51900 1
52000 2
52100 1
52200 0
52300 0
52400 0
52500 1
52600 0
52700 3
52800 0
52900 1
53000 0
53100 3
53200 6
53300 11
53400 54
53500 191
53600 158
53700 35
53800 6
53900 1
54000 3
54100 2
54200 1
54300 1
54400 2
54500 1
54600 0
54700 6
54800 21
54900 37
55000 38
55100 13
55200 5
55300 9
55400 29
55500 39
55600 33
55700 13
55800 1
55900 2
56000 1
56100 1
56200 1
56300 1
56400 1
56500 3
56600 1
56700 0
56800 3
56900 1
57000 2
57100 1
57200 3
57300 5
57400 0
57500 2
57600 0
57700 1
57800 1
57900 2
58000 1
58100 0
58200 1
58300 0
58400 2
58500 1
58600 1
58700 2
58800 0
58900 0
59000 0
59100 0
59200 3
59300 2
59400 0
59500 0
59600 2
59700 1
59800 1
59900 2
60000 0
60100 0
60200 4
60300 5
60400 7
60500 4
60600 0
60700 0
60800 1
60900 1
61000 0
61100 3
61200 4
61300 17
61400 19
61500 74
61600 985
61700 5895
61800 10605
61900 5009
62000 736
62100 70
62200 23
62300 14
62400 9
62500 1
62600 3
62700 1
62800 0
62900 0
63000 2
63100 0
63200 4
63300 7
63400 1
63500 2
63600 1
63700 1
63800 0
63900 1
64000 2
64100 1
64200 0
64300 1
64400 2
64500 1
64600 0
64700 0
64800 1
64900 2
65000 1
65100 0
65200 0
65300 2
65400 2
65500 0
65600 0
65700 0
65800 0
65900 1
66000 1
66100 1
66200 1
66300 6
66400 4
66500 9
66600 41
66700 64
66800 28
66900 5
67000 3
67100 2
67200 1
67300 1
67400 1
67500 1
67600 0
67700 0
67800 2
67900 15
68000 25
68100 35
68200 18
68300 3
68400 6
68500 25
68600 49
68700 33
68800 13
68900 3
69000 1
69100 0
69200 2
69300 1
69400 3
69500 1
69600 1
69700 1
69800 4
69900 3
70000 0
70100 0
70200 1
70300 6
70400 5
70500 0
70600 4
70700 0
70800 2
70900 2
71000 0
71100 2
71200 0
71300 1
71400 1
71500 2
71600 0
71700 2
71800 3
71900 2
72000 1
72100 0
72200 1
72300 0
72400 2
72500 0
72600 1
72700 1
72800 2
72900 1
73000 3
73100 4
73200 2
73300 3
73400 6
73500 4
73600 2
73700 2
73800 1
73900 1
74000 1
74100 1
74200 0
74300 2
74400 18
74500 14
74600 71
74700 635
74800 4917
74900 10616
75000 6199
75100 946
75200 69
75300 18
75400 20
75500 9
75600 7
75700 0
75800 1
75900 0
76000 0
76100 1
76200 0
76300 5
76400 0
76500 3
76600 2
76700 1
76800 0
76900 0
77000 2
77100 0
77200 0
77300 2
77400 2
77500 1
77600 3
77700 1
77800 0
77900 0
78000 2
78100 0
78200 2
78300 0
78400 0
78500 1
78600 0
78700 0
78800 3
78900 0
79000 0
79100 0
79200 2
79300 1
79400 9
79500 6
79600 14
79700 36
79800 78
79900 30
80000 8
80100 4
80200 4
80300 1
80400 0
80500 2
80600 2
80700 0
80800 2
80900 2
81000 14
81100 29
81200 44
81300 25
81400 12
81500 1
81600 24
81700 48
81800 36
81900 20
82000 1
82100 3
82200 0
82300 0
82400 2
82500 1
82600 1
82700 5
82800 2
82900 2
83000 4
83100 1
83200 1
83300 2
83400 3
83500 3
83600 2
83700 1
83800 1
83900 0
84000 0
84100 1
84200 1
84300 0
84400 0
84500 0
84600 0
84700 4
84800 1
84900 0
85000 2
85100 1
85200 1
85300 1
85400 1
85500 2
85600 1
85700 3
85800 2
85900 0
86000 3
86100 2
86200 0
86300 0
86400 5
86500 3
86600 5
86700 5
86800 3
86900 0
87000 1
87100 2
87200 2
87300 0
87400 8
87500 14
87600 23
87700 33
87800 343
87900 3163
88000 9732
88100 8146
88200 1776
88300 155
88400 18
88500 16
88600 12
88700 3
88800 2
88900 0
89000 0
89100 1
89200 3
89300 2
89400 3
89500 5
89600 2
89700 4
89800 1
89900 1
90000 1
90100 0
90200 2
90300 1
90400 0
90500 0
90600 1
90700 1
90800 1
90900 0
91000 0
91100 0
91200 0
91300 0
91400 1
91500 1
91600 1
91700 2
91800 0
91900 0
92000 2
92100 0
92200 1
92300 3
92400 1
92500 5
92600 7
92700 5
92800 32
92900 66
93000 44
93100 19
93200 4
93300 4
93400 3
93500 0
93600 0
93700 5
93800 1
93900 2
94000 2
94100 1
94200 17
94300 38
94400 35
94500 14
94600 4
94700 14
94800 33
94900 49
95000 28
95100 3
95200 2
95300 2
95400 3
95500 0
95600 2
95700 0
95800 1
95900 0
96000 2
96100 3
96200 2
96300 0
96400 0
96500 4
96600 3
96700 6
96800 2
96900 2
97000 0
97100 0
97200 1
97300 0
97400 0
97500 1
97600 0
97700 0
97800 1
97900 3
98000 2
98100 1
98200 1
98300 1
98400 0
98500 2
98600 1
98700 2
98800 2
98900 0
99000 1
99100 1
99200 2
99300 1
99400 0
99500 1
99600 5
99700 5
99800 5
99900 2
100000 2
100100 1
100200 1
100300 2
100400 1
100500 4
100600 10
100700 12
100800 15
100900 95
101000 1188
101100 6686
101200 10480
101300 4533
101400 580
101500 37
101600 13
101700 17
101800 14
101900 4
102000 0
102100 0
102200 0
102300 0
102400 2
102500 2
102600 7
102700 8
102800 2
102900 2
103000 1
103100 0
103200 3
103300 0
103400 0
103500 0
103600 1
103700 1
103800 0
103900 1
104000 2
104100 0
104200 1
104300 1
104400 1
104500 0
104600 0
104700 0
104800 0
104900 2
105000 2
105100 1
105200 0
105300 0
105400 1
105500 1
105600 2
105700 2
105800 7
105900 7
106000 60
106100 64
106200 23
106300 4
106400 3
106500 3
106600 1
106700 2
106800 0
106900 2
107000 1
107100 0
107200 4
107300 6
107400 29
107500 28
107600 22
107700 10
107800 10
107900 28
108000 39
108100 36
108200 15
108300 2
108400 1
108500 0
108600 1
108700 2
108800 2
108900 1
109000 5
109100 2
109200 2
109300 0
109400 2
109500 0
109600 3
109700 5
109800 4
109900 1
110000 3
110100 0
110200 0
110300 0
110400 1
110500 1
110600 2
110700 1
110800 1
110900 1
111000 1
111100 0
111200 2
111300 0
111400 1
111500 0
111600 1
111700 0
111800 0
111900 1
112000 0
112100 0
112200 2
112300 3
112400 4
112500 2
112600 1
112700 1
112800 3
112900 3
113000 0
113100 1
113200 2
113300 1
113400 0
113500 1
113600 2
113700 3
113800 14
113900 23
114000 39
114100 495
114200 4053
114300 10491
114400 6794
114500 1258
114600 97
114700 16
114800 21
114900 9
115000 3
115100 1
115200 3
115300 0
115400 1
115500 3
115600 1
115700 3
115800 5
115900 2
116000 2
116100 0
116200 2
116300 0
116400 0
116500 0
116600 0
116700 2
116800 0
116900 2
117000 1
117100 1
117200 0
117300 0
117400 0
117500 0
117600 0
117700 0
117800 1
117900 0
118000 0
118100 0
118200 0
118300 4
118400 2
118500 1
118600 3
118700 1
118800 1
118900 6
119000 5
119100 41
119200 78
119300 40
119400 13
119500 2
119600 5
119700 2
119800 1
119900 0
120000 2
120100 1
120200 1
120300 2
120400 7
120500 17
120600 28
120700 22
120800 6
120900 3
121000 14
121100 40
121200 38
121300 27
121400 7
121500 2
121600 2
121700 1
121800 1
121900 2
122000 1
122100 2
122200 1
122300 1
122400 5
122500 2
122600 0
122700 0
122800 1
122900 4
123000 3
123100 0
123200 1
123300 0
123400 0
123500 0
123600 0
123700 3
123800 2
123900 2
124000 1
124100 3
124200 0
124300 2
124400 1
124500 1
124600 0
124700 2
124800 0
124900 0
125000 1
125100 1
125200 0
125300 2
125400 1
125500 1
125600 3
125700 1
125800 0
125900 2
126000 3
126100 3
126200 3
126300 1
126400 2
126500 4
126600 1
126700 1
126800 4
126900 12
127000 17
127100 42
127200 249
127300 2518
127400 9221
127500 9063
127600 2447
127700 244
127800 30
127900 19
128000 11
128100 8
128200 1
128300 1
128400 1
128500 2
128600 3
128700 1
128800 5
128900 3
129000 3
129100 1
129200 0
129300 0
129400 0
129500 2
129600 2
129700 1
129800 1
129900 0
130000 1
130100 2
130200 0
130300 1
130400 0
130500 1
130600 2
130700 0
130800 2
130900 2
131000 0
131100 0
131200 0
131300 0
131400 1
131500 2
131600 2
131700 1
131800 2
131900 3
132000 7
132100 8
132200 22
132300 53
132400 58
132500 17
132600 4
132700 1
132800 1
132900 2
133000 1
133100 0
133200 1
133300 1
133400 1
133500 5
133600 19
133700 26
133800 32
133900 13
134000 5
134100 10
134200 35
134300 44
134400 36
134500 8
134600 1
134700 1
134800 2
134900 1
135000 0
135100 1
135200 2
135300 1
135400 2
135500 1
135600 1
135700 1
135800 1
135900 2
136000 2
136100 1
136200 2
136300 1
136400 1
136500 1
136600 2
136700 0
136800 1
136900 2
137000 1
137100 1
137200 0
137300 0
137400 0
137500 1
137600 0
137700 1
137800 1
137900 2
138000 2
138100 0
138200 0
138300 1
138400 0
138500 3
138600 1
138700 1
138800 1
138900 3
139000 2
139100 6
139200 3
139300 3
139400 2
139500 0
139600 1
139700 2
139800 2
139900 4
140000 6
140100 14
140200 26
140300 111
140400 1216
140500 6471
140600 10566
140700 4608
140800 576
140900 43
141000 20
141100 19
141200 5
141300 4
141400 2
141500 0
141600 1
141700 0
141800 3
141900 4
142000 5
142100 1
142200 0
142300 1
142400 2
142500 1
142600 1
142700 0
142800 0
142900 3
143000 1
143100 1
143200 0
143300 0
143400 0
143500 2
143600 2
143700 3
143800 2
143900 3
144000 2
144100 0
144200 0
144300 0
144400 0
144500 1
144600 0
144700 0
144800 0
144900 0
145000 3
145100 6
145200 8
145300 14
145400 54
145500 69
145600 36
145700 10
145800 1
145900 2
146000 1
146100 0
146200 1
146300 2
146400 0
146500 0
146600 7
146700 5
146800 30
146900 29
147000 20
147100 13
147200 9
147300 18
147400 42
147500 31
147600 12
147700 3
147800 0
147900 3
148000 1
148100 1
148200 0
148300 1
148400 2
148500 2
148600 2
148700 9
148800 1
148900 1
149000 0
149100 6
149200 6
149300 2
149400 0
149500 3
149600 0
149700 0
149800 2
149900 1
150000 0
150100 3
150200 1
150300 1
150400 2
150500 0
150600 1
150700 5
150800 1
150900 1
151000 2
151100 1
151200 0
151300 1
151400 4
151500 1
151600 2
151700 2
151800 2
151900 1
152000 0
152100 2
152200 3
152300 2
152400 7
152500 2
152600 1
152700 1
152800 0
152900 1
153000 4
153100 6
153200 14
153300 24
153400 51
153500 413
153600 3726
153700 10076
153800 7570
153900 1639
154000 112
154100 23
154200 18
154300 12
154400 6
154500 0
154600 1
154700 0
154800 2
154900 2
155000 1
155100 2
155200 1
155300 1
155400 1
155500 1
155600 0
155700 0
155800 1
155900 1
156000 0
156100 2
156200 1
156300 1
156400 1
156500 0
156600 2
156700 0
156800 3
156900 3
157000 1
157100 1
157200 0
157300 0
157400 3
157500 0
157600 0
157700 1
157800 1
157900 1
158000 0
158100 1
158200 2
158300 3
158400 4
158500 27
158600 76
158700 49
158800 6
158900 3
159000 4
159100 0
159200 3
159300 2
159400 1
159500 2
159600 3
159700 2
159800 7
159900 24
160000 36
160100 28
160200 9
160300 6
160400 18
160500 32
160600 40
160700 22
160800 3
160900 2
161000 3
161100 0
161200 0
161300 2
161400 2
161500 4
161600 3
161700 2
161800 1
161900 0
162000 2
162100 2
162200 4
162300 5
162400 4
162500 1
162600 3
162700 0
162800 0
162900 0
163000 1
163100 2
163200 1
163300 0
163400 2
163500 2
163600 1
163700 1
163800 0
163900 1
164000 1
164100 0
164200 2
164300 1
164400 2
164500 0
164600 2
164700 1
164800 1
164900 4
165000 1
165100 0
165200 1
165300 3
165400 4
165500 3
165600 1
165700 1
165800 0
165900 0
166000 3
166100 2
166200 3
166300 11
166400 13
166500 32
166600 187
166700 1987
166800 8403
166900 9557
167000 3092
167100 320
167200 30
167300 19
167400 13
167500 11
167600 4
167700 2
167800 1
167900 0
168000 1
168100 0
168200 1
168300 2
168400 3
168500 0
168600 0
168700 0
168800 1
168900 0
169000 2
169100 1
169200 2
169300 0
169400 1
169500 0
169600 2
169700 1
169800 0
169900 0
170000 0
170100 1
170200 0
170300 0
170400 0
170500 0
170600 2
170700 0
170800 0
170900 1
171000 2
171100 0
171200 2
171300 2
171400 4
171500 6
171600 22
171700 70
171800 71
171900 18
172000 4
172100 3
172200 4
172300 2
172400 0
172500 3
172600 0
172700 1
172800 1
172900 7
173000 15
173100 27
173200 36
173300 10
173400 8
173500 10
173600 28
173700 35
173800 33
173900 7
174000 3
174100 1
174200 1
174300 2
174400 4
174500 1
174600 2
174700 2
174800 2
174900 3
175000 0
175100 0
175200 2
175300 2
175400 2
175500 1
175600 0
175700 3
175800 1
175900 1
176000 1
176100 1
176200 0
176300 1
176400 0
176500 1
176600 1
176700 2
176800 1
176900 0
177000 0
177100 0
177200 0
177300 1
177400 2
177500 0
177600 1
177700 1
177800 1
177900 0
178000 5
178100 1
178200 1
178300 1
178400 6
178500 5
178600 5
178700 7
178800 0
178900 0
179000 1
179100 0
179200 3
179300 3
179400 13
179500 14
179600 28
179700 94
179800 936
179900 5972
180000 10424
180100 5185
180200 779
180300 55
180400 20
180500 13
180600 7
180700 4
180800 1
180900 5
181000 0
181100 0
181200 2
181300 3
181400 1
181500 9
181600 6
181700 1
181800 1
181900 0
182000 3
182100 1
182200 0
182300 1
182400 3
182500 1
182600 2
182700 0
182800 0
182900 1
183000 0
183100 0
183200 1
183300 1
183400 1
183500 1
183600 1
183700 1
183800 1
183900 2
184000 2
184100 1
184200 2
184300 3
184400 0
184500 3
184600 5
184700 10
184800 54
184900 63
185000 44
185100 10
185200 5
185300 3
185400 1
185500 0
185600 0
185700 1
185800 1
185900 3
186000 2
186100 13
186200 28
186300 35
186400 23
186500 10
186600 4
186700 19
186800 44
186900 34
187000 16
187100 5
187200 1
187300 0
187400 1
187500 0
187600 0
187700 1
187800 0
187900 1
188000 6
188100 0
188200 0
188300 0
188400 1
188500 1
188600 3
188700 0
188800 0
188900 0
189000 1
189100 0
189200 0
189300 1
189400 0
189500 1
189600 1
189700 1
189800 3
189900 3
190000 2
190100 1
190200 1
190300 1
190400 2
190500 0
190600 2
190700 0
190800 1
190900 1
191000 1
191100 1
191200 1
191300 2
191400 0
191500 5
191600 2
191700 4
191800 3
191900 3
192000 0
192100 0
192200 1
192300 0
192400 3
192500 7
192600 13
192700 17
192800 49
192900 363
193000 3332
193100 9497
193200 8150
193300 2021
193400 194
193500 29
193600 17
193700 17
193800 10
193900 3
194000 1
194100 0
194200 0
194300 0
194400 1
194500 2
194600 2
194700 1
194800 0
194900 1
195000 0
195100 0
195200 1
195300 2
195400 1
195500 0
195600 1
195700 1
195800 1
195900 1
196000 3
196100 0
196200 1
196300 2
196400 1
196500 1
196600 1
196700 1
196800 0
196900 4
197000 1
197100 0
197200 0
197300 1
197400 1
197500 2
197600 4
197700 4
197800 8
197900 34
198000 61
198100 48
198200 10
198300 7
198400 6
198500 2
198600 0
198700 0
198800 1
198900 0
199000 3
199100 1
199200 3
199300 15
199400 40
199500 25
199600 13
199700 3
199800 14
199900 34
200000 39
200100 25
200200 7
200300 1
200400 3
200500 1
200600 1
200700 2
200800 1
200900 2
201000 1
201100 2
201200 2
201300 0
201400 1
201500 1
201600 1
201700 3
201800 3
201900 1
202000 0
202100 4
202200 0
202300 2
202400 1
202500 2
202600 1
202700 0
202800 0
202900 1
203000 0
203100 0
203200 0
203300 1
203400 1
203500 2
203600 1
203700 2
203800 1
203900 1
204000 3
204100 0
204200 1
204300 2
204400 2
204500 0
204600 2
204700 1
204800 3
204900 2
205000 1
205100 1
205200 0
205300 1
205400 1
205500 1
205600 4
205700 9
205800 12
205900 33
206000 182
206100 2023
206200 7650
206300 9770
206400 3452
206500 399
206600 41
206700 17
206800 15
206900 6
207000 3
207100 0
207200 0
207300 1
207400 2
207500 3
207600 1
207700 3
207800 0
207900 0
208000 0
208100 0
208200 2
208300 2
208400 1
208500 0
208600 0
208700 2
208800 3
208900 2
209000 0
209100 3
209200 0
209300 0
209400 1
209500 2
209600 0
209700 0
209800 0
209900 0
210000 1
210100 0
210200 0
210300 1
210400 0
210500 0
210600 1
210700 1
210800 2
210900 4
211000 22
211100 74
211200 36
211300 14
211400 4
211500 2
211600 3
211700 0
211800 1
211900 0
212000 0
212100 0
212200 0
212300 4
212400 15
212500 30
212600 21
212700 22
212800 3
212900 10
213000 23
213100 38
213200 45
213300 19
213400 2
213500 2
213600 1
213700 3
213800 0
213900 0
214000 3
214100 6
214200 3
214300 1
214400 0
214500 1
214600 1
214700 2
214800 3
214900 1
215000 3
215100 2
215200 2
215300 1
215400 1
215500 1
215600 0
215700 1
215800 0
215900 2
216000 1
216100 2
216200 1
216300 1
216400 1
216500 1
216600 0
216700 3
216800 3
216900 0
217000 2
217100 1
217200 0
217300 2
217400 1
217500 0
217600 0
217700 1
217800 2
217900 3
218000 5
218100 2
218200 0
218300 1
218400 1
218500 2
218600 0
218700 2
218800 8
218900 19
219000 21
219100 81
219200 895
219300 5561
219400 10400
219500 5818
219600 929
219700 82
219800 12
219900 17
220000 11
220100 2
220200 1
220300 2
220400 0
220500 1
220600 4
220700 1
220800 4
220900 0
221000 1
221100 0
221200 1
221300 0
221400 2
221500 1
221600 0
221700 2
221800 0
221900 0
222000 1
222100 0
222200 1
222300 0
222400 0
222500 1
222600 1
222700 2
222800 2
222900 0
223000 0
223100 0
223200 1
223300 0
223400 1
223500 1
223600 2
223700 2
223800 1
223900 7
224000 5
224100 15
224200 54
224300 78
224400 26
224500 7
224600 3
224700 6
224800 1
224900 1
225000 1
225100 3
225200 3
225300 2
225400 1
225500 10
225600 40
225700 68
225800 47
225900 15
226000 5
226100 32
226200 65
226300 60
226400 29
226500 7
226600 1
226700 6
226800 1
226900 1
227000 1
227100 3
227200 3
227300 2
227400 3
227500 2
227600 2
227700 1
227800 2
227900 2
228000 3
228100 3
228200 1
228300 0
228400 0
228500 1
228600 0
228700 1
228800 0
228900 1
229000 3
229100 4
229200 3
229300 2
229400 2
229500 0
229600 0
229700 1
229800 1
229900 0
230000 0
230100 0
230200 2
230300 1
230400 1
230500 0
230600 0
230700 1
230800 1
230900 2
231000 9
231100 9
231200 3
231300 1
231400 1
231500 2
231600 1
231700 1
231800 5
231900 8
232000 15
232100 19
232200 54
232300 572
232400 4049
232500 10085
232600 7208
232700 1519
232800 134
232900 26
233000 20
233100 12
233200 4
233300 1
233400 0
233500 2
233600 0
233700 0
233800 0
233900 1
234000 1
234100 3
234200 1
234300 0
234400 1
234500 0
234600 0
234700 1
234800 2
234900 0
235000 0
235100 0
235200 2
235300 0
235400 0
235500 0
235600 1
235700 0
235800 0
235900 0
236000 1
236100 1
236200 0
236300 0
236400 0
236500 0
236600 0
236700 0
236800 0
236900 0
237000 4
237100 5
237200 6
237300 30
237400 80
237500 57
237600 10
237700 3
237800 2
237900 0
238000 1
238100 1
238200 2
238300 0
238400 3
238500 1
238600 5
238700 16
238800 38
238900 38
239000 9
239100 4
239200 16
239300 39
239400 39
239500 19
239600 11
239700 3
239800 1
239900 1
240000 1
240100 2
240200 0
240300 2
240400 4
240500 4
240600 5
240700 3
240800 0
240900 0
241000 2
241100 0
241200 2
241300 0
241400 0
241500 0
241600 2
241700 0
241800 1
241900 1
242000 2
242100 1
242200 1
242300 2
242400 0
242500 0
242600 0
242700 0
242800 1
242900 0
243000 0
243100 1
243200 1
243300 1
243400 0
243500 2
243600 0
243700 0
243800 3
243900 1
244000 2
244100 4
244200 7
244300 2
244400 1
244500 0
244600 3
244700 1
244800 1
244900 1
245000 4
245100 9
245200 25
245300 30
245400 208
245500 1995
245600 7829
245700 9699
245800 3541
245900 413
246000 37
246100 17
246200 13
246300 3
246400 2
246500 1
246600 0
246700 0
246800 1
246900 1
247000 2
247100 1
247200 2
247300 4
247400 1
247500 1
247600 0
247700 1
247800 0
247900 1
248000 1
248100 1
248200 3
248300 1
248400 1
248500 1
248600 0
248700 0
248800 1
248900 0
249000 2
249100 0
249200 1
249300 2
249400 1
249500 0
249600 2
249700 0
249800 2
249900 0
250000 1
250100 2
250200 6
250300 5
250400 15
250500 62
250600 57
250700 20
250800 4
250900 7
251000 1
251100 2
251200 0
251300 0
251400 3
251500 0
251600 1
251700 2
251800 16
251900 31
252000 29
252100 17
252200 4
252300 9
252400 30
252500 51
252600 34
252700 12
252800 2
252900 4
253000 4
253100 2
253200 2
253300 2
253400 1
253500 1
253600 5
253700 1
253800 0
253900 1
254000 1
254100 3
254200 4
254300 2
254400 1
254500 2
254600 1
254700 0
254800 1
254900 0
255000 1
255100 0
255200 0
255300 0
255400 3
255500 1
255600 0
255700 1
255800 2
255900 0
256000 2
256100 1
256200 1
256300 0
256400 0
256500 1
256600 1
256700 1
256800 1
256900 2
257000 5
257100 0
257200 4
257300 5
257400 4
257500 1
257600 1
257700 2
257800 0
257900 0
258000 1
258100 4
258200 8
258300 11
258400 18
258500 77
258600 984
258700 5642
258800 10294
258900 5606
259000 891
259100 60
259200 23
259300 16
259400 11
259500 6
259600 1
259700 4
259800 1
259900 1
260000 4
260100 1
260200 3
260300 3
260400 0
260500 1
260600 2
260700 2
260800 2
260900 1
261000 2
261100 2
261200 1
261300 1
261400 1
261500 2
261600 1
261700 0
261800 0
261900 0
262000 2
262100 1
262200 2
262300 0
262400 0
262500 3
262600 1
262700 2
262800 0
262900 0
263000 1
263100 0
263200 0
263300 3
263400 5
263500 17
263600 52
263700 76
263800 34
263900 6
264000 4
264100 3
264200 3
264300 0
264400 1
264500 2
264600 1
264700 1
264800 4
264900 7
265000 32
265100 24
265200 19
265300 9
265400 6
265500 13
265600 52
265700 36
265800 18
265900 1
266000 2
266100 1
266200 1
266300 0
266400 1
266500 4
266600 1
266700 5
266800 6
266900 4
267000 0
267100 2
267200 0
267300 4
267400 2
267500 2
267600 2
267700 1
267800 0
267900 2
268000 0
268100 1
268200 1
268300 0
268400 2
268500 1
268600 0
268700 6
268800 1
268900 1
269000 0
269100 1
269200 0
269300 0
269400 0
269500 2
269600 1
269700 2
269800 1
269900 0
270000 3
270100 1
270200 0
270300 2
270400 1
270500 1
270600 1
270700 1
270800 0
270900 0
271000 0
271100 0
271200 2
271300 4
271400 12
271500 5
271600 52
271700 485
271800 3676
271900 9743
272000 7685
272100 1795
272200 148
272300 24
272400 11
272500 17
272600 6
272700 1
272800 2
272900 0
273000 1
273100 0
273200 2
273300 1
273400 1
273500 1
273600 1
273700 0
273800 1
273900 2
274000 1
274100 0
274200 0
274300 1
274400 1
274500 1
274600 0
274700 2
274800 0
274900 1
275000 1
275100 0
275200 0
275300 2
275400 2
275500 3
275600 1
275700 0
275800 1
275900 1
276000 1
276100 0
276200 0
276300 1
276400 4
276500 2
276600 7
276700 36
276800 66
276900 52
277000 13
277100 9
277200 1
277300 3
277400 0
277500 0
277600 2
277700 1
277800 0
277900 1
278000 1
278100 14
278200 30
278300 20
278400 16
278500 7
278600 10
278700 34
278800 33
278900 26
279000 4
279100 1
279200 1
279300 1
279400 1
279500 0
279600 1
279700 1
279800 4
279900 5
280000 2
280100 1
280200 0
280300 0
280400 2
280500 3
280600 2
280700 2
280800 0
280900 0
281000 0
281100 0
281200 1
281300 1
281400 1
281500 0
281600 2
281700 1
281800 0
281900 1
282000 3
282100 1
282200 0
282300 1
282400 0
282500 1
282600 2
282700 0
282800 1
282900 2
283000 1
283100 1
283200 2
283300 1
283400 3
283500 2
283600 8
283700 2
283800 0
283900 0
284000 2
284100 0
284200 2
284300 0
284400 5
284500 16
284600 18
284700 47
284800 167
284900 1997
285000 7811
285100 9590
285200 3423
285300 365
285400 33
285500 13
285600 16
285700 8
285800 7
285900 1
286000 3
286100 0
286200 2
286300 0
286400 1
286500 5
286600 0
286700 1
286800 0
286900 3
287000 0
287100 0
287200 2
287300 1
287400 2
287500 1
287600 1
287700 0
287800 0
287900 1
288000 1
288100 0
288200 0
288300 1
288400 2
288500 1
288600 4
288700 0
288800 2
288900 1
289000 0
289100 1
289200 1
289300 0
289400 1
289500 1
289600 7
289700 6
289800 15
289900 67
290000 72
290100 23
290200 6
290300 4
290400 4
290500 1
290600 0
290700 1
290800 2
290900 2
291000 1
291100 3
291200 20
291300 31
291400 32
291500 16
291600 11
291700 7
291800 22
291900 41
292000 19
292100 14
292200 2
292300 1
292400 4
292500 1
292600 1
292700 0
292800 2
292900 2
293000 3
293100 6
293200 3
293300 0
293400 0
293500 0
293600 2
293700 3
293800 1
293900 1
294000 0
294100 0
294200 1
294300 0
294400 1
294500 0
294600 1
294700 2
294800 2
294900 1
295000 4
295100 0
295200 2
295300 0
295400 3
295500 0
295600 2
295700 1
295800 1
295900 0
296000 0
296100 1
296200 1
296300 1
296400 0
296500 1
296600 2
296700 3
296800 5
296900 2
297000 1
297100 0
297200 2
297300 1
297400 1
297500 6
297600 8
297700 15
297800 21
297900 83
298000 900
298100 5244
298200 10144
298300 6055
298400 1136
298500 102
298600 15
298700 14
298800 9
298900 4
299000 1
299100 1
299200 1
299300 0
299400 1
299500 2
299600 3
299700 2
299800 1
299900 0
