-300000 5
-299900 13
-299800 44
-299700 109
-299600 83
-299500 29
-299400 22
-299300 78
-299200 126
-299100 112
-299000 52
-298900 9
-298800 0
-298700 7
-298600 2
-298500 2
-298400 1
-298300 4
-298200 4
-298100 6
-298000 14
-297900 11
-297800 7
-297700 2
-297600 2
-297500 1
-297400 7
-297300 6
-297200 1
-297100 1
-297000 3
-296900 0
-296800 1
-296700 1
-296600 1
-296500 5
-296400 2
-296300 5
-296200 5
-296100 5
-296000 3
-295900 1
-295800 0
-295700 1
-295600 4
-295500 1
-295400 2
-295300 0
-295200 1
-295100 0
-295000 2
-294900 2
-294800 7
-294700 15
-294600 9
-294500 8
-294400 5
-294300 5
-294200 7
-294100 2
-294000 0
-293900 2
-293800 0
-293700 2
-293600 1
-293500 15
-293400 32
-293300 55
-293200 121
-293100 848
-293000 6465
-292900 16940
-292800 14352
-292700 3847
-292600 378
-292500 53
-292400 38
-292300 34
-292200 12
-292100 4
-292000 1
-291900 1
-291800 3
-291700 1
-291600 5
-291500 6
-291400 17
-291300 17
-291200 19
-291100 20
-291000 3
-290900 1
-290800 0
-290700 2
-290600 1
-290500 0
-290400 0
-290300 1
-290200 2
-290100 2
-290000 1
-289900 2
-289800 1
-289700 3
-289600 0
-289500 3
-289400 0
-289300 1
-289200 1
-289100 1
-289000 0
-288900 1
-288800 1
-288700 3
-288600 3
-288500 1
-288400 6
-288300 9
-288200 22
-288100 178
-288000 416
-287900 345
-287800 76
-287700 20
-287600 7
-287500 6
-287400 5
-287300 4
-287200 1
-287100 3
-287000 5
-286900 4
-286800 6
-286700 45
-286600 77
-286500 93
-286400 58
-286300 17
-286200 52
-286100 124
-286000 132
-285900 71
-285800 20
-285700 4
-285600 3
-285500 8
-285400 4
-285300 2
-285200 2
-285100 3
-285000 6
-284900 14
-284800 12
-284700 5
-284600 3
-284500 3
-284400 1
-284300 3
-284200 2
-284100 1
-284000 0
-283900 1
-283800 2
-283700 2
-283600 0
-283500 1
-283400 2
-283300 1
-283200 3
-283100 10
-283000 13
-282900 5
-282800 3
-282700 3
-282600 0
-282500 0
-282400 1
-282300 1
-282200 1
-282100 3
-282000 2
-281900 0
-281800 5
-281700 3
-281600 10
-281500 6
-281400 7
-281300 9
-281200 8
-281100 12
-281000 5
-280900 1
-280800 2
-280700 4
-280600 2
-280500 6
-280400 11
-280300 29
-280200 56
-280100 74
-280000 335
-279900 3103
-279800 13059
-279700 17784
-279600 7406
-279500 1042
-279400 89
-279300 47
-279200 39
-279100 22
-279000 6
-278900 2
-278800 2
-278700 1
-278600 2
-278500 2
-278400 6
-278300 21
-278200 23
-278100 17
-278000 15
-277900 8
-277800 3
-277700 0
-277600 2
-277500 2
-277400 2
-277300 1
-277200 0
-277100 1
-277000 2
-276900 0
-276800 2
-276700 1
-276600 3
-276500 3
-276400 1
-276300 2
-276200 0
-276100 0
-276000 0
-275900 4
-275800 2
-275700 2
-275600 1
-275500 2
-275400 3
-275300 4
-275200 7
-275100 16
-275000 100
-274900 344
-274800 416
-274700 159
-274600 30
-274500 10
-274400 6
-274300 3
-274200 2
-274100 0
-274000 3
-273900 9
-273800 7
-273700 8
-273600 19
-273500 63
-273400 112
-273300 68
-273200 21
-273100 41
-273000 105
-272900 118
-272800 96
-272700 20
-272600 9
-272500 3
-272400 1
-272300 1
-272200 3
-272100 1
-272000 3
-271900 5
-271800 7
-271700 9
-271600 11
-271500 5
-271400 1
-271300 4
-271200 8
-271100 3
-271000 4
-270900 2
-270800 2
-270700 3
-270600 3
-270500 1
-270400 3
-270300 0
-270200 4
-270100 2
-270000 5
-269900 10
-269800 6
-269700 1
-269600 1
-269500 4
-269400 2
-269300 2
-269200 1
-269100 2
-269000 1
-268900 3
-268800 1
-268700 4
-268600 6
-268500 11
-268400 12
-268300 8
-268200 8
-268100 5
-268000 5
-267900 6
-267800 0
-267700 2
-267600 1
-267500 1
-267400 3
-267300 9
-267200 21
-267100 39
-267000 69
-266900 157
-266800 1524
-266700 9108
-266600 18408
-266500 11145
-266400 2067
-266300 213
-266200 43
-266100 45
-266000 20
-265900 9
-265800 3
-265700 4
-265600 0
-265500 3
-265400 4
-265300 4
-265200 11
-265100 19
-265000 23
-264900 20
-264800 5
-264700 1
-264600 5
-264500 1
-264400 2
-264300 1
-264200 1
-264100 2
-264000 3
-263900 1
-263800 1
-263700 3
-263600 0
-263500 4
-263400 2
-263300 2
-263200 0
-263100 1
-263000 2
-262900 2
-262800 6
-262700 0
-262600 1
-262500 1
-262400 1
-262300 1
-262200 4
-262100 8
-262000 10
-261900 56
-261800 255
-261700 453
-261600 228
-261500 48
-261400 14
-261300 5
-261200 7
-261100 2
-261000 3
-260900 1
-260800 7
-260700 7
-260600 5
-260500 21
-260400 43
-260300 111
-260200 91
-260100 30
-260000 27
-259900 85
-259800 121
-259700 104
-259600 53
-259500 8
-259400 5
-259300 11
-259200 2
-259100 3
-259000 2
-258900 0
-258800 6
-258700 5
-258600 14
-258500 8
-258400 4
-258300 2
-258200 0
-258100 4
-258000 7
-257900 6
-257800 2
-257700 0
-257600 1
-257500 2
-257400 0
-257300 1
-257200 0
-257100 1
-257000 2
-256900 2
-256800 11
-256700 1
-256600 4
-256500 4
-256400 3
-256300 3
-256200 0
-256100 3
-256000 3
-255900 1
-255800 1
-255700 1
-255600 3
-255500 2
-255400 8
-255300 8
-255200 6
-255100 10
-255000 10
-254900 9
-254800 5
-254700 2
-254600 1
-254500 3
-254400 5
-254300 3
-254200 4
-254100 15
-254000 37
-253900 61
-253800 97
-253700 750
-253600 5617
-253500 16934
-253400 14593
-253300 3972
-253200 400
-253100 59
-253000 38
-252900 21
-252800 13
-252700 8
-252600 2
-252500 2
-252400 2
-252300 1
-252200 3
-252100 11
-252000 17
-251900 20
-251800 18
-251700 12
-251600 5
-251500 3
-251400 4
-251300 0
-251200 0
-251100 2
-251000 0
-250900 1
-250800 1
-250700 1
-250600 2
-250500 3
-250400 0
-250300 4
-250200 3
-250100 1
-250000 2
-249900 1
-249800 2
-249700 0
-249600 0
-249500 1
-249400 2
-249300 0
-249200 3
-249100 2
-249000 4
-248900 7
-248800 35
-248700 183
-248600 470
-248500 334
-248400 80
-248300 14
-248200 10
-248100 7
-248000 2
-247900 0
-247800 0
-247700 5
-247600 7
-247500 3
-247400 5
-247300 36
-247200 80
-247100 83
-247000 59
-246900 19
-246800 62
-246700 113
-246600 144
-246500 66
-246400 12
-246300 5
-246200 1
-246100 8
-246000 1
-245900 2
-245800 3
-245700 6
-245600 5
-245500 18
-245400 8
-245300 11
-245200 4
-245100 0
-245000 3
-244900 4
-244800 3
-244700 3
-244600 4
-244500 4
-244400 4
-244300 3
-244200 2
-244100 0
-244000 0
-243900 2
-243800 6
-243700 10
-243600 5
-243500 3
-243400 2
-243300 1
-243200 1
-243100 3
-243000 0
-242900 2
-242800 1
-242700 1
-242600 2
-242500 2
-242400 2
-242300 10
-242200 10
-242100 6
-242000 9
-241900 9
-241800 8
-241700 8
-241600 4
-241500 0
-241400 3
-241300 0
-241200 2
-241100 8
-241000 9
-240900 30
-240800 50
-240700 69
-240600 255
-240500 2657
-240400 12826
-240300 18205
-240200 7645
-240100 1049
-240000 98
-239900 40
-239800 35
-239700 17
-239600 4
-239500 3
-239400 1
-239300 2
-239200 3
-239100 1
-239000 6
-238900 13
-238800 20
-238700 21
-238600 12
-238500 6
-238400 1
-238300 6
-238200 1
-238100 4
-238000 1
-237900 2
-237800 2
-237700 1
-237600 0
-237500 2
-237400 3
-237300 3
-237200 4
-237100 3
-237000 4
-236900 1
-236800 1
-236700 3
-236600 2
-236500 0
-236400 2
-236300 1
-236200 5
-236100 3
-236000 0
-235900 3
-235800 11
-235700 16
-235600 81
-235500 333
-235400 437
-235300 185
-235200 24
-235100 11
-235000 7
-234900 3
-234800 0
-234700 2
-234600 3
-234500 5
-234400 4
-234300 2
-234200 24
-234100 66
-234000 111
-233900 63
-233800 26
-233700 31
-233600 101
-233500 125
-233400 94
-233300 35
-233200 5
-233100 1
-233000 4
-232900 2
-232800 2
-232700 3
-232600 4
-232500 3
-232400 5
-232300 13
-232200 6
-232100 4
-232000 1
-231900 6
-231800 8
-231700 8
-231600 4
-231500 0
-231400 0
-231300 3
-231200 1
-231100 0
-231000 5
-230900 3
-230800 1
-230700 3
-230600 10
-230500 12
-230400 5
-230300 6
-230200 0
-230100 2
-230000 2
-229900 3
-229800 2
-229700 2
-229600 2
-229500 2
-229400 3
-229300 1
-229200 7
-229100 8
-229000 8
-228900 13
-228800 12
-228700 8
-228600 7
-228500 3
-228400 1
-228300 2
-228200 1
-228100 4
-228000 3
-227900 5
-227800 26
-227700 42
-227600 71
-227500 152
-227400 1133
-227300 7993
-227200 18727
-227100 12315
-227000 2442
-226900 197
-226800 44
-226700 30
-226600 18
-226500 7
-226400 4
-226300 4
-226200 5
-226100 2
-226000 1
-225900 2
-225800 13
-225700 13
-225600 19
-225500 19
-225400 7
-225300 3
-225200 3
-225100 3
-225000 2
-224900 3
-224800 1
-224700 1
-224600 1
-224500 0
-224400 0
-224300 1
-224200 1
-224100 4
-224000 9
-223900 3
-223800 1
-223700 1
-223600 3
-223500 2
-223400 3
-223300 1
-223200 4
-223100 0
-223000 2
-222900 2
-222800 5
-222700 8
-222600 9
-222500 49
-222400 283
-222300 484
-222200 228
-222100 43
-222000 15
-221900 15
-221800 4
-221700 2
-221600 3
-221500 4
-221400 3
-221300 11
-221200 1
-221100 14
-221000 51
-220900 70
-220800 89
-220700 38
-220600 15
-220500 84
-220400 141
-220300 112
-220200 36
-220100 13
-220000 6
-219900 5
-219800 1
-219700 3
-219600 4
-219500 2
-219400 0
-219300 6
-219200 14
-219100 17
-219000 4
-218900 6
-218800 4
-218700 3
-218600 3
-218500 3
-218400 3
-218300 1
-218200 1
-218100 3
-218000 4
-217900 1
-217800 1
-217700 0
-217600 4
-217500 4
-217400 6
-217300 6
-217200 3
-217100 1
-217000 0
-216900 0
-216800 2
-216700 4
-216600 1
-216500 1
-216400 0
-216300 1
-216200 1
-216100 7
-216000 3
-215900 6
-215800 12
-215700 5
-215600 11
-215500 5
-215400 5
-215300 3
-215200 1
-215100 2
-215000 2
-214900 1
-214800 6
-214700 13
-214600 41
-214500 58
-214400 91
-214300 690
-214200 5735
-214100 17118
-214000 14907
-213900 3765
-213800 334
-213700 43
-213600 31
-213500 26
-213400 3
-213300 1
-213200 2
-213100 1
-213000 3
-212900 1
-212800 0
-212700 12
-212600 16
-212500 17
-212400 23
-212300 14
-212200 7
-212100 3
-212000 2
-211900 1
-211800 0
-211700 3
-211600 2
-211500 0
-211400 0
-211300 0
-211200 1
-211100 1
-211000 4
-210900 3
-210800 2
-210700 0
-210600 0
-210500 2
-210400 2
-210300 4
-210200 3
-210100 2
-210000 0
-209900 3
-209800 0
-209700 2
-209600 10
-209500 10
-209400 30
-209300 188
-209200 468
-209100 323
-209000 87
-208900 18
-208800 15
-208700 5
-208600 0
-208500 4
-208400 6
-208300 2
-208200 5
-208100 8
-208000 9
-207900 39
-207800 93
-207700 116
-207600 65
-207500 29
-207400 101
-207300 231
-207200 152
-207100 61
-207000 20
-206900 2
-206800 6
-206700 4
-206600 3
-206500 0
-206400 3
-206300 1
-206200 7
-206100 11
-206000 16
-205900 4
-205800 3
-205700 0
-205600 1
-205500 2
-205400 3
-205300 3
-205200 2
-205100 2
-205000 2
-204900 2
-204800 1
-204700 2
-204600 0
-204500 1
-204400 6
-204300 7
-204200 4
-204100 3
-204000 2
-203900 3
-203800 2
-203700 3
-203600 0
-203500 2
-203400 3
-203300 3
-203200 2
-203100 2
-203000 5
-202900 8
-202800 10
-202700 10
-202600 12
-202500 6
-202400 12
-202300 6
-202200 2
-202100 1
-202000 4
-201900 3
-201800 5
-201700 2
-201600 8
-201500 24
-201400 50
-201300 82
-201200 373
-201100 3523
-201000 14335
-200900 17843
-200800 6298
-200700 707
-200600 72
-200500 47
-200400 29
-200300 15
-200200 2
-200100 2
-200000 2
-199900 0
-199800 2
-199700 3
-199600 6
-199500 7
-199400 17
-199300 22
-199200 19
-199100 6
-199000 0
-198900 3
-198800 1
-198700 2
-198600 3
-198500 0
-198400 2
-198300 0
-198200 0
-198100 2
-198000 2
-197900 1
-197800 2
-197700 0
-197600 2
-197500 2
-197400 0
-197300 2
-197200 0
-197100 1
-197000 2
-196900 0
-196800 2
-196700 3
-196600 3
-196500 5
-196400 7
-196300 18
-196200 93
-196100 412
-196000 407
-195900 129
-195800 25
-195700 7
-195600 6
-195500 2
-195400 2
-195300 6
-195200 3
-195100 4
-195000 4
-194900 4
-194800 22
-194700 61
-194600 112
-194500 68
-194400 20
-194300 34
-194200 92
-194100 133
-194000 96
-193900 33
-193800 5
-193700 7
-193600 5
-193500 3
-193400 1
-193300 0
-193200 4
-193100 7
-193000 9
-192900 13
-192800 9
-192700 5
-192600 2
-192500 3
-192400 2
-192300 2
-192200 1
-192100 1
-192000 0
-191900 1
-191800 1
-191700 1
-191600 2
-191500 0
-191400 0
-191300 3
-191200 7
-191100 8
-191000 5
-190900 2
-190800 2
-190700 3
-190600 2
-190500 1
-190400 2
-190300 2
-190200 5
-190100 1
-190000 1
-189900 3
-189800 7
-189700 8
-189600 8
-189500 7
-189400 4
-189300 14
-189200 9
-189100 2
-189000 6
-188900 3
-188800 2
-188700 5
-188600 4
-188500 8
-188400 16
-188300 45
-188200 60
-188100 156
-188000 1397
-187900 8963
-187800 19029
-187700 11177
-187600 1863
-187500 155
-187400 40
-187300 45
-187200 23
-187100 8
-187000 2
-186900 1
-186800 1
-186700 0
-186600 2
-186500 4
-186400 10
-186300 17
-186200 22
-186100 23
-186000 11
-185900 4
-185800 0
-185700 0
-185600 0
-185500 2
-185400 1
-185300 3
-185200 2
-185100 2
-185000 1
-184900 4
-184800 2
-184700 0
-184600 3
-184500 0
-184400 1
-184300 1
-184200 2
-184100 1
-184000 2
-183900 0
-183800 1
-183700 0
-183600 2
-183500 1
-183400 6
-183300 6
-183200 12
-183100 45
-183000 268
-182900 509
-182800 257
-182700 38
-182600 10
-182500 11
-182400 5
-182300 2
-182200 1
-182100 1
-182000 7
-181900 5
-181800 0
-181700 11
-181600 36
-181500 89
-181400 89
-181300 33
-181200 30
-181100 57
-181000 151
-180900 121
-180800 51
-180700 3
-180600 5
-180500 7
-180400 6
-180300 1
-180200 2
-180100 3
-180000 2
-179900 3
-179800 11
-179700 10
-179600 4
-179500 2
-179400 0
-179300 7
-179200 8
-179100 3
-179000 1
-178900 0
-178800 4
-178700 0
-178600 2
-178500 0
-178400 2
-178300 2
-178200 1
-178100 7
-178000 7
-177900 6
-177800 3
-177700 0
-177600 2
-177500 3
-177400 1
-177300 1
-177200 1
-177100 0
-177000 4
-176900 2
-176800 3
-176700 3
-176600 6
-176500 10
-176400 7
-176300 9
-176200 12
-176100 3
-176000 8
-175900 2
-175800 4
-175700 2
-175600 2
-175500 4
-175400 8
-175300 13
-175200 32
-175100 55
-175000 104
-174900 510
-174800 4719
-174700 16414
-174600 16124
-174500 4407
-174400 433
-174300 52
-174200 37
-174100 22
-174000 6
-173900 2
-173800 1
-173700 1
-173600 3
-173500 1
-173400 1
-173300 7
-173200 16
-173100 11
-173000 22
-172900 13
-172800 7
-172700 3
-172600 1
-172500 2
-172400 2
-172300 3
-172200 0
-172100 3
-172000 2
-171900 1
-171800 0
-171700 0
-171600 2
-171500 4
-171400 2
-171300 1
-171200 1
-171100 0
-171000 0
-170900 1
-170800 1
-170700 6
-170600 2
-170500 1
-170400 2
-170300 1
-170200 9
-170100 7
-170000 22
-169900 145
-169800 434
-169700 357
-169600 99
-169500 11
-169400 17
-169300 6
-169200 3
-169100 0
-169000 1
-168900 5
-168800 7
-168700 2
-168600 8
-168500 31
-168400 70
-168300 103
-168200 50
-168100 17
-168000 65
-167900 121
-167800 117
-167700 72
-167600 19
-167500 2
-167400 7
-167300 11
-167200 3
-167100 1
-167000 1
-166900 8
-166800 1
-166700 4
-166600 15
-166500 7
-166400 5
-166300 2
-166200 4
-166100 6
-166000 8
-165900 2
-165800 2
-165700 2
-165600 4
-165500 0
-165400 3
-165300 2
-165200 2
-165100 1
-165000 3
-164900 3
-164800 6
-164700 2
-164600 3
-164500 4
-164400 1
-164300 1
-164200 0
-164100 1
-164000 0
-163900 7
-163800 2
-163700 2
-163600 4
-163500 8
-163400 14
-163300 10
-163200 10
-163100 13
-163000 18
-162900 6
-162800 2
-162700 4
-162600 4
-162500 2
-162400 3
-162300 4
-162200 9
-162100 27
-162000 59
-161900 79
-161800 247
-161700 2571
-161600 12350
-161500 18448
-161400 7771
-161300 992
-161200 83
-161100 40
-161000 23
-160900 16
-160800 6
-160700 0
-160600 1
-160500 4
-160400 1
-160300 1
-160200 2
-160100 5
-160000 19
-159900 20
-159800 18
-159700 10
-159600 3
-159500 0
-159400 1
-159300 2
-159200 1
-159100 2
-159000 1
-158900 1
-158800 2
-158700 2
-158600 1
-158500 5
-158400 4
-158300 2
-158200 0
-158100 1
-158000 1
-157900 1
-157800 1
-157700 0
-157600 3
-157500 1
-157400 5
-157300 2
-157200 2
-157100 3
-157000 6
-156900 10
-156800 97
-156700 371
-156600 461
-156500 146
-156400 27
-156300 12
-156200 11
-156100 3
-156000 2
-155900 5
-155800 3
-155700 7
-155600 5
-155500 3
-155400 15
-155300 73
-155200 100
-155100 73
-155000 18
-154900 28
-154800 107
-154700 122
-154600 77
-154500 34
-154400 4
-154300 7
-154200 5
-154100 3
-154000 1
-153900 0
-153800 3
-153700 5
-153600 13
-153500 18
-153400 6
-153300 8
-153200 1
-153100 5
-153000 9
-152900 5
-152800 4
-152700 2
-152600 2
-152500 0
-152400 2
-152300 4
-152200 0
-152100 1
-152000 2
-151900 2
-151800 7
-151700 7
-151600 2
-151500 2
-151400 4
-151300 2
-151200 1
-151100 0
-151000 1
-150900 2
-150800 1
-150700 4
-150600 7
-150500 2
-150400 2
-150300 9
-150200 10
-150100 8
-150000 5
-149900 11
-149800 10
-149700 2
-149600 3
-149500 0
-149400 1
-149300 1
-149200 1
-149100 10
-149000 13
-148900 38
-148800 74
-148700 131
-148600 1191
-148500 8542
-148400 18666
-148300 11837
-148200 2246
-148100 166
-148000 37
-147900 19
-147800 9
-147700 6
-147600 1
-147500 4
-147400 2
-147300 3
-147200 2
-147100 5
-147000 12
-146900 21
-146800 24
-146700 17
-146600 7
-146500 5
-146400 3
-146300 1
-146200 1
-146100 3
-146000 1
-145900 2
-145800 0
-145700 0
-145600 2
-145500 1
-145400 0
-145300 2
-145200 5
-145100 0
-145000 1
-144900 4
-144800 2
-144700 0
-144600 0
-144500 1
-144400 0
-144300 2
-144200 3
-144100 2
-144000 4
-143900 8
-143800 6
-143700 44
-143600 240
-143500 487
-143400 284
-143300 47
-143200 10
-143100 9
-143000 2
-142900 5
-142800 4
-142700 2
-142600 6
-142500 4
-142400 3
-142300 11
-142200 34
-142100 92
-142000 107
-141900 41
-141800 19
-141700 61
-141600 142
-141500 114
-141400 63
-141300 11
-141200 4
-141100 4
-141000 2
-140900 1
-140800 4
-140700 5
-140600 1
-140500 9
-140400 14
-140300 7
-140200 4
-140100 1
-140000 0
-139900 6
-139800 14
-139700 1
-139600 3
-139500 1
-139400 4
-139300 0
-139200 0
-139100 0
-139000 1
-138900 1
-138800 2
-138700 9
-138600 10
-138500 8
-138400 1
-138300 4
-138200 0
-138100 0
-138000 1
-137900 5
-137800 0
-137700 1
-137600 4
-137500 1
-137400 2
-137300 6
-137200 7
-137100 16
-137000 2
-136900 5
-136800 8
-136700 8
-136600 2
-136500 1
-136400 1
-136300 2
-136200 2
-136100 2
-136000 10
-135900 18
-135800 36
-135700 64
-135600 86
-135500 438
-135400 4292
-135300 16122
-135200 16658
-135100 4784
-135000 472
-134900 51
-134800 30
-134700 21
-134600 10
-134500 4
-134400 1
-134300 2
-134200 3
-134100 1
-134000 2
-133900 5
-133800 13
-133700 24
-133600 18
-133500 20
-133400 7
-133300 3
-133200 1
-133100 1
-133000 0
-132900 0
-132800 1
-132700 2
-132600 1
-132500 3
-132400 0
-132300 0
-132200 0
-132100 3
-132000 2
-131900 1
-131800 0
-131700 0
-131600 2
-131500 2
-131400 0
-131300 0
-131200 4
-131100 1
-131000 0
-130900 3
-130800 6
-130700 5
-130600 22
-130500 123
-130400 440
-130300 391
-130200 95
-130100 20
-130000 5
-129900 6
-129800 2
-129700 4
-129600 0
-129500 8
-129400 5
-129300 5
-129200 1
-129100 28
-129000 77
-128900 97
-128800 57
-128700 16
-128600 36
-128500 109
-128400 142
-128300 87
-128200 22
-128100 5
-128000 4
-127900 2
-127800 4
-127700 0
-127600 1
-127500 6
-127400 5
-127300 15
-127200 16
-127100 15
-127000 3
-126900 2
-126800 1
-126700 3
-126600 8
-126500 2
-126400 4
-126300 1
-126200 3
-126100 1
-126000 2
-125900 3
-125800 3
-125700 0
-125600 3
-125500 10
-125400 4
-125300 2
-125200 5
-125100 1
-125000 0
-124900 1
-124800 0
-124700 5
-124600 1
-124500 3
-124400 4
-124300 4
-124200 4
-124100 6
-124000 15
-123900 9
-123800 17
-123700 11
-123600 13
-123500 11
-123400 3
-123300 2
-123200 1
-123100 2
-123000 2
-122900 1
-122800 8
-122700 25
-122600 48
-122500 56
-122400 227
-122300 2172
-122200 11630
-122100 18979
-122000 8533
-121900 1207
-121800 108
-121700 40
-121600 26
-121500 17
-121400 6
-121300 4
-121200 2
-121100 1
-121000 2
-120900 4
-120800 4
-120700 13
-120600 13
-120500 23
-120400 22
-120300 6
-120200 4
-120100 0
-120000 2
-119900 4
-119800 2
-119700 2
-119600 4
-119500 1
-119400 1
-119300 4
-119200 2
-119100 2
-119000 3
-118900 3
-118800 2
-118700 5
-118600 2
-118500 2
-118400 1
-118300 1
-118200 0
-118100 2
-118000 1
-117900 2
-117800 3
-117700 5
-117600 13
-117500 10
-117400 58
-117300 331
-117200 434
-117100 177
-117000 29
-116900 15
-116800 3
-116700 6
-116600 3
-116500 1
-116400 3
-116300 4
-116200 8
-116100 5
-116000 17
-115900 52
-115800 97
-115700 79
-115600 40
-115500 34
-115400 89
-115300 141
-115200 110
-115100 38
-115000 5
-114900 3
-114800 6
-114700 4
-114600 1
-114500 0
-114400 2
-114300 4
-114200 7
-114100 10
-114000 14
-113900 3
-113800 1
-113700 3
-113600 6
-113500 7
-113400 4
-113300 0
-113200 2
-113100 3
-113000 0
-112900 2
-112800 2
-112700 2
-112600 0
-112500 1
-112400 5
-112300 8
-112200 4
-112100 3
-112000 1
-111900 2
-111800 2
-111700 1
-111600 0
-111500 2
-111400 6
-111300 1
-111200 1
-111100 5
-111000 3
-110900 15
-110800 8
-110700 7
-110600 8
-110500 10
-110400 6
-110300 6
-110200 1
-110100 1
-110000 2
-109900 0
-109800 2
-109700 6
-109600 16
-109500 36
-109400 68
-109300 89
-109200 936
-109100 7634
-109000 18694
-108900 12792
-108800 2416
-108700 193
-108600 40
-108500 31
-108400 16
-108300 10
-108200 2
-108100 0
-108000 1
-107900 2
-107800 3
-107700 1
-107600 10
-107500 29
-107400 17
-107300 17
-107200 6
-107100 2
-107000 1
-106900 8
-106800 2
-106700 4
-106600 4
-106500 1
-106400 0
-106300 1
-106200 0
-106100 1
-106000 3
-105900 2
-105800 2
-105700 1
-105600 2
-105500 2
-105400 2
-105300 0
-105200 2
-105100 1
-105000 1
-104900 3
-104800 1
-104700 1
-104600 3
-104500 3
-104400 8
-104300 34
-104200 274
-104100 454
-104000 249
-103900 44
-103800 6
-103700 11
-103600 3
-103500 5
-103400 0
-103300 4
-103200 6
-103100 5
-103000 3
-102900 15
-102800 58
-102700 95
-102600 98
-102500 32
-102400 10
-102300 90
-102200 122
-102100 107
-102000 48
-101900 11
-101800 5
-101700 4
-101600 2
-101500 1
-101400 2
-101300 0
-101200 3
-101100 12
-101000 16
-100900 13
-100800 6
-100700 1
-100600 2
-100500 4
-100400 8
-100300 2
-100200 1
-100100 2
-100000 2
-99900 0
-99800 2
-99700 0
-99600 4
-99500 1
-99400 4
-99300 2
-99200 11
-99100 7
-99000 2
-98900 1
-98800 1
-98700 3
-98600 1
-98500 1
-98400 1
-98300 2
-98200 1
-98100 1
-98000 0
-97900 2
-97800 9
-97700 11
-97600 8
-97500 8
-97400 7
-97300 8
-97200 6
-97100 5
-97000 2
-96900 2
-96800 1
-96700 0
-96600 3
-96500 11
-96400 22
-96300 54
-96200 90
-96100 323
-96000 3345
-95900 14556
-95800 17868
-95700 5862
-95600 643
-95500 42
-95400 43
-95300 27
-95200 13
-95100 4
-95000 1
-94900 3
-94800 4
-94700 1
-94600 1
-94500 5
-94400 17
-94300 14
-94200 18
-94100 16
-94000 4
-93900 2
-93800 2
-93700 0
-93600 1
-93500 0
-93400 1
-93300 2
-93200 1
-93100 1
-93000 1
-92900 1
-92800 4
-92700 2
-92600 3
-92500 2
-92400 2
-92300 2
-92200 1
-92100 1
-92000 2
-91900 1
-91800 4
-91700 4
-91600 0
-91500 1
-91400 6
-91300 10
-91200 13
-91100 104
-91000 416
-90900 372
-90800 128
-90700 20
-90600 11
-90500 9
-90400 4
-90300 2
-90200 5
-90100 3
-90000 2
-89900 7
-89800 9
-89700 18
-89600 79
-89500 82
-89400 59
-89300 20
-89200 33
-89100 98
-89000 137
-88900 110
-88800 33
-88700 4
-88600 4
-88500 5
-88400 0
-88300 1
-88200 0
-88100 10
-88000 5
-87900 13
-87800 18
-87700 11
-87600 5
-87500 1
-87400 5
-87300 6
-87200 5
-87100 3
-87000 2
-86900 0
-86800 2
-86700 2
-86600 1
-86500 2
-86400 1
-86300 3
-86200 2
-86100 6
-86000 4
-85900 8
-85800 2
-85700 3
-85600 1
-85500 4
-85400 2
-85300 3
-85200 4
-85100 0
-85000 3
-84900 2
-84800 4
-84700 1
-84600 5
-84500 9
-84400 10
-84300 9
-84200 13
-84100 11
-84000 2
-83900 1
-83800 3
-83700 2
-83600 2
-83500 5
-83400 11
-83300 14
-83200 33
-83100 61
-83000 136
-82900 1021
-82800 8263
-82700 19425
-82600 11805
-82500 1976
-82400 142
-82300 32
-82200 44
-82100 18
-82000 2
-81900 3
-81800 2
-81700 0
-81600 3
-81500 1
-81400 4
-81300 10
-81200 26
-81100 23
-81000 20
-80900 4
-80800 5
-80700 0
-80600 1
-80500 1
-80400 2
-80300 1
-80200 3
-80100 0
-80000 0
-79900 2
-79800 1
-79700 4
-79600 4
-79500 3
-79400 1
-79300 1
-79200 1
-79100 1
-79000 0
-78900 1
-78800 0
-78700 1
-78600 1
-78500 1
-78400 2
-78300 6
-78200 5
-78100 10
-78000 45
-77900 255
-77800 476
-77700 214
-77600 38
-77500 5
-77400 2
-77300 4
-77200 3
-77100 0
-77000 7
-76900 8
-76800 8
-76700 4
-76600 15
-76500 50
-76400 89
-76300 96
-76200 36
-76100 21
-76000 85
-75900 143
-75800 107
-75700 34
-75600 6
-75500 3
-75400 3
-75300 5
-75200 3
-75100 1
-75000 1
-74900 3
-74800 12
-74700 14
-74600 12
-74500 2
-74400 2
-74300 1
-74200 6
-74100 2
-74000 2
-73900 0
-73800 3
-73700 2
-73600 1
-73500 2
-73400 1
-73300 1
-73200 1
-73100 3
-73000 5
-72900 12
-72800 3
-72700 3
-72600 1
-72500 1
-72400 2
-72300 2
-72200 0
-72100 1
-72000 0
-71900 3
-71800 1
-71700 1
-71600 10
-71500 9
-71400 12
-71300 6
-71200 10
-71100 12
-71000 8
-70900 2
-70800 1
-70700 5
-70600 1
-70500 2
-70400 4
-70300 6
-70200 21
-70100 47
-70000 64
-69900 131
-69800 998
-69700 7781
-69600 18980
-69500 12479
-69400 2324
-69300 202
-69200 33
-69100 33
-69000 26
-68900 7
-68800 2
-68700 1
-68600 0
-68500 3
-68400 0
-68300 3
-68200 15
-68100 12
-68000 27
-67900 16
-67800 6
-67700 10
-67600 2
-67500 2
-67400 0
-67300 2
-67200 1
-67100 0
-67000 3
-66900 2
-66800 0
-66700 2
-66600 2
-66500 2
-66400 2
-66300 3
-66200 0
-66100 4
-66000 1
-65900 0
-65800 4
-65700 1
-65600 0
-65500 3
-65400 1
-65300 3
-65200 4
-65100 4
-65000 3
-64900 33
-64800 246
-64700 463
-64600 263
-64500 50
-64400 11
-64300 7
-64200 1
-64100 2
-64000 1
-63900 3
-63800 5
-63700 4
-63600 4
-63500 13
-63400 50
-63300 104
-63200 107
-63100 29
-63000 18
-62900 74
-62800 137
-62700 111
-62600 51
-62500 15
-62400 5
-62300 1
-62200 5
-62100 2
-62000 5
-61900 2
-61800 7
-61700 7
-61600 11
-61500 12
-61400 4
-61300 2
-61200 1
-61100 3
-61000 7
-60900 7
-60800 2
-60700 1
-60600 2
-60500 0
-60400 1
-60300 1
-60200 2
-60100 1
-60000 3
-59900 1
-59800 9
-59700 7
-59600 0
-59500 0
-59400 3
-59300 0
-59200 0
-59100 0
-59000 3
-58900 1
-58800 2
-58700 2
-58600 3
-58500 4
-58400 2
-58300 10
-58200 10
-58100 3
-58000 11
-57900 12
-57800 7
-57700 3
-57600 3
-57500 2
-57400 2
-57300 3
-57200 2
-57100 16
-57000 26
-56900 58
-56800 104
-56700 544
-56600 5148
-56500 16885
-56400 15405
-56300 3932
-56200 372
-56100 45
-56000 46
-55900 28
-55800 10
-55700 2
-55600 2
-55500 4
-55400 0
-55300 2
-55200 2
-55100 10
-55000 15
-54900 17
-54800 17
-54700 18
-54600 3
-54500 1
-54400 1
-54300 1
-54200 1
-54100 1
-54000 2
-53900 2
-53800 0
-53700 1
-53600 1
-53500 2
-53400 4
-53300 1
-53200 1
-53100 3
-53000 0
-52900 0
-52800 0
-52700 3
-52600 1
-52500 1
-52400 2
-52300 2
-52200 3
-52100 2
-52000 4
-51900 6
-51800 16
-51700 132
-51600 434
-51500 400
-51400 87
-51300 15
-51200 6
-51100 4
-51000 5
-50900 2
-50800 4
-50700 8
-50600 8
-50500 2
-50400 3
-50300 23
-50200 58
-50100 111
-50000 66
-49900 19
-49800 38
-49700 110
-49600 127
-49500 92
-49400 29
-49300 5
-49200 2
-49100 6
-49000 2
-48900 1
-48800 1
-48700 3
-48600 7
-48500 8
-48400 10
-48300 8
-48200 5
-48100 2
-48000 4
-47900 5
-47800 9
-47700 1
-47600 2
-47500 1
-47400 1
-47300 1
-47200 1
-47100 0
-47000 1
-46900 2
-46800 2
-46700 4
-46600 7
-46500 4
-46400 3
-46300 1
-46200 2
-46100 2
-46000 1
-45900 2
-45800 0
-45700 4
-45600 1
-45500 2
-45400 1
-45300 8
-45200 9
-45100 2
-45000 10
-44900 7
-44800 10
-44700 6
-44600 2
-44500 2
-44400 3
-44300 4
-44200 5
-44100 5
-44000 9
-43900 26
-43800 53
-43700 68
-43600 188
-43500 1325
-43400 9317
-43300 19546
-43200 10431
-43100 1546
-43000 106
-42900 25
-42800 43
-42700 27
-42600 6
-42500 5
-42400 3
-42300 2
-42200 0
-42100 0
-42000 3
-41900 7
-41800 20
-41700 16
-41600 20
-41500 11
-41400 3
-41300 1
-41200 0
-41100 3
-41000 0
-40900 1
-40800 0
-40700 1
-40600 2
-40500 0
-40400 4
-40300 0
-40200 6
-40100 0
-40000 2
-39900 1
-39800 3
-39700 1
-39600 4
-39500 1
-39400 0
-39300 3
-39200 0
-39100 2
-39000 1
-38900 5
-38800 7
-38700 10
-38600 43
-38500 274
-38400 461
-38300 249
-38200 44
-38100 12
-38000 8
-37900 1
-37800 2
-37700 3
-37600 1
-37500 8
-37400 9
-37300 3
-37200 14
-37100 47
-37000 76
-36900 93
-36800 41
-36700 14
-36600 68
-36500 141
-36400 113
-36300 46
-36200 9
-36100 4
-36000 6
-35900 3
-35800 2
-35700 0
-35600 2
-35500 1
-35400 6
-35300 5
-35200 7
-35100 4
-35000 0
-34900 2
-34800 5
-34700 11
-34600 4
-34500 2
-34400 0
-34300 1
-34200 2
-34100 0
-34000 1
-33900 2
-33800 1
-33700 2
-33600 3
-33500 8
-33400 5
-33300 0
-33200 3
-33100 3
-33000 0
-32900 3
-32800 1
-32700 3
-32600 6
-32500 3
-32400 4
-32300 1
-32200 7
-32100 7
-32000 12
-31900 6
-31800 13
-31700 11
-31600 9
-31500 2
-31400 1
-31300 3
-31200 2
-31100 3
-31000 1
-30900 5
-30800 18
-30700 55
-30600 87
-30500 106
-30400 561
-30300 5101
-30200 17318
-30100 15851
-30000 3752
-29900 331
-29800 45
-29700 44
-29600 30
-29500 13
-29400 5
-29300 5
-29200 2
-29100 3
-29000 1
-28900 1
-28800 8
-28700 15
-28600 18
-28500 12
-28400 9
-28300 4
-28200 5
-28100 2
-28000 0
-27900 1
-27800 4
-27700 4
-27600 4
-27500 1
-27400 0
-27300 2
-27200 1
-27100 3
-27000 2
-26900 4
-26800 1
-26700 0
-26600 0
-26500 1
-26400 2
-26300 2
-26200 2
-26100 0
-26000 1
-25900 2
-25800 5
-25700 8
-25600 10
-25500 30
-25400 229
-25300 485
-25200 225
-25100 49
-25000 11
-24900 11
-24800 5
-24700 2
-24600 2
-24500 1
-24400 6
-24300 7
-24200 4
-24100 14
-24000 47
-23900 100
-23800 96
-23700 33
-23600 25
-23500 71
-23400 157
-23300 117
-23200 47
-23100 9
-23000 5
-22900 1
-22800 1
-22700 3
-22600 0
-22500 3
-22400 0
-22300 9
-22200 16
-22100 13
-22000 3
-21900 2
-21800 2
-21700 1
-21600 4
-21500 4
-21400 1
-21300 0
-21200 1
-21100 3
-21000 1
-20900 3
-20800 1
-20700 2
-20600 2
-20500 3
-20400 9
-20300 5
-20200 4
-20100 1
-20000 2
-19900 3
-19800 2
-19700 4
-19600 2
-19500 3
-19400 3
-19300 1
-19200 2
-19100 4
-19000 10
-18900 15
-18800 15
-18700 6
-18600 14
-18500 7
-18400 2
-18300 2
-18200 3
-18100 5
-18000 1
-17900 1
-17800 4
-17700 12
-17600 30
-17500 75
-17400 146
-17300 1054
-17200 7190
-17100 18077
-17000 13311
-16900 2809
-16800 285
-16700 49
-16600 29
-16500 18
-16400 7
-16300 4
-16200 3
-16100 2
-16000 1
-15900 2
-15800 1
-15700 6
-15600 12
-15500 18
-15400 23
-15300 10
-15200 2
-15100 2
-15000 4
-14900 1
-14800 1
-14700 0
-14600 0
-14500 2
-14400 2
-14300 2
-14200 2
-14100 2
-14000 1
-13900 6
-13800 3
-13700 2
-13600 2
-13500 0
-13400 2
-13300 2
-13200 1
-13100 0
-13000 1
-12900 3
-12800 1
-12700 2
-12600 5
-12500 9
-12400 36
-12300 210
-12200 489
-12100 310
-12000 70
-11900 14
-11800 9
-11700 4
-11600 1
-11500 0
-11400 0
-11300 6
-11200 5
-11100 3
-11000 10
-10900 35
-10800 74
-10700 99
-10600 51
-10500 25
-10400 69
-10300 110
-10200 105
-10100 60
-10000 18
-9900 1
-9800 5
-9700 8
-9600 3
-9500 1
-9400 2
-9300 1
-9200 3
-9100 10
-9000 9
-8900 4
-8800 2
-8700 4
-8600 2
-8500 9
-8400 1
-8300 1
-8200 2
-8100 0
-8000 0
-7900 0
-7800 0
-7700 3
-7600 2
-7500 3
-7400 6
-7300 5
-7200 7
-7100 3
-7000 0
-6900 0
-6800 2
-6700 1
-6600 2
-6500 5
-6400 2
-6300 2
-6200 1
-6100 0
-6000 1
-5900 3
-5800 11
-5700 6
-5600 9
-5500 13
-5400 5
-5300 7
-5200 5
-5100 1
-5000 1
-4900 5
-4800 4
-4700 1
-4600 10
-4500 22
-4400 63
-4300 64
-4200 153
-4100 1612
-4000 10607
-3900 19444
-3800 9429
-3700 1282
-3600 88
-3500 22
-3400 30
-3300 26
-3200 5
-3100 4
-3000 1
-2900 2
-2800 2
-2700 1
-2600 5
-2500 14
-2400 18
-2300 16
-2200 23
-2100 7
-2000 6
-1900 2
-1800 3
-1700 4
-1600 3
-1500 0
-1400 0
-1300 3
-1200 1
-1100 2
-1000 2
-900 0
-800 1
-700 4
-600 1
-500 3
-400 1
-300 2
-200 3
-100 1
0 1
100 3
200 2
300 2
400 3
500 4
600 4
700 9
800 69
900 302
1000 472
1100 226
1200 39
1300 5
1400 9
1500 4
1600 1
1700 2
1800 3
1900 7
2000 5
2100 2
2200 17
2300 40
2400 71
2500 101
2600 38
2700 12
2800 86
2900 143
3000 100
3100 54
3200 7
3300 2
3400 4
3500 4
3600 1
3700 2
3800 4
3900 5
4000 3
4100 9
4200 15
4300 9
4400 3
4500 3
4600 2
4700 8
4800 7
4900 4
5000 2
5100 1
5200 0
5300 1
5400 1
5500 3
5600 1
5700 4
5800 6
5900 10
6000 4
6100 2
6200 0
6300 1
6400 1
6500 1
6600 3
6700 1
6800 1
6900 2
7000 0
7100 2
7200 2
7300 3
7400 11
7500 9
7600 16
7700 15
7800 10
7900 4
8000 1
8100 2
8200 4
8300 3
8400 1
8500 8
8600 17
8700 58
8800 99
8900 139
9000 581
9100 5929
9200 24841
9300 29424
9400 9554
9500 1055
9600 100
9700 57
9800 56
9900 19
10000 8
10100 2
10200 2
10300 3
10400 2
10500 3
10600 4
10700 16
10800 12
10900 17
11000 15
11100 4
11200 6
11300 3
11400 1
11500 1
11600 0
11700 2
11800 1
11900 0
12000 0
12100 3
12200 2
12300 2
12400 2
12500 3
12600 4
12700 1
12800 2
12900 5
13000 1
13100 0
13200 0
13300 6
13400 1
13500 2
13600 1
13700 7
13800 8
13900 10
14000 78
14100 336
14200 440
14300 176
14400 21
14500 12
14600 6
14700 1
14800 3
14900 4
15000 7
15100 3
15200 6
15300 4
15400 21
15500 63
15600 84
15700 75
15800 38
15900 34
16000 102
16100 137
16200 95
16300 38
16400 8
16500 3
16600 5
16700 5
16800 3
16900 7
17000 6
17100 2
17200 13
17300 16
17400 10
17500 6
17600 2
17700 1
17800 5
17900 8
18000 3
18100 2
18200 1
18300 2
18400 1
18500 2
18600 2
18700 2
18800 4
18900 5
19000 9
19100 8
19200 4
19300 2
19400 2
19500 2
19600 1
19700 1
19800 2
19900 1
20000 1
20100 1
20200 2
20300 3
20400 9
20500 6
20600 8
20700 16
20800 8
20900 5
21000 4
21100 6
21200 2
21300 2
21400 0
21500 2
21600 5
21700 10
21800 24
21900 35
22000 69
22100 180
22200 1297
22300 9318
22400 19131
22500 10694
22600 1734
22700 160
22800 44
22900 37
23000 21
23100 5
23200 1
23300 1
23400 5
23500 2
23600 2
23700 1
23800 10
23900 16
24000 13
24100 17
24200 3
24300 1
24400 4
24500 2
24600 3
24700 6
24800 3
24900 2
25000 0
25100 6
25200 0
25300 3
25400 2
25500 3
25600 0
25700 1
25800 3
25900 1
26000 1
26100 0
26200 2
26300 1
26400 0
26500 2
26600 2
26700 5
26800 7
26900 5
27000 16
27100 86
27200 355
27300 443
27400 143
27500 22
27600 5
27700 5
27800 5
27900 2
28000 1
28100 4
28200 9
28300 6
28400 5
28500 13
28600 63
28700 95
28800 71
28900 20
29000 38
29100 122
29200 156
29300 74
29400 30
29500 2
29600 6
29700 4
29800 2
29900 0
30000 2
30100 2
30200 8
30300 7
30400 12
30500 11
30600 2
30700 1
30800 3
30900 5
31000 4
31100 2
31200 2
31300 3
31400 0
31500 2
31600 2
31700 2
31800 1
31900 0
32000 2
32100 10
32200 11
32300 1
32400 2
32500 2
32600 0
32700 1
32800 4
32900 0
33000 4
33100 2
33200 2
33300 4
33400 1
33500 3
33600 10
33700 8
33800 16
33900 4
34000 12
34100 10
34200 7
34300 3
34400 1
34500 4
34600 3
34700 4
34800 6
34900 37
35000 54
35100 64
35200 183
35300 1909
35400 11195
35500 19262
35600 8653
35700 1152
35800 84
35900 35
36000 27
36100 25
36200 2
36300 5
36400 0
36500 0
36600 3
36700 2
36800 0
36900 12
37000 26
37100 20
37200 12
37300 8
37400 3
37500 1
37600 0
37700 3
37800 0
37900 3
38000 1
38100 1
38200 2
38300 1
38400 0
38500 2
38600 3
38700 5
38800 2
38900 1
39000 0
39100 1
39200 1
39300 2
39400 2
39500 0
39600 2
39700 2
39800 5
39900 4
40000 16
40100 5
40200 72
40300 300
40400 475
40500 200
40600 41
40700 8
40800 7
40900 3
41000 3
41100 4
41200 3
41300 6
41400 6
41500 2
41600 16
41700 56
41800 115
41900 95
42000 29
42100 23
42200 92
42300 133
42400 92
42500 48
42600 9
42700 5
42800 8
42900 1
43000 1
43100 2
43200 3
43300 6
43400 6
43500 9
43600 12
43700 4
43800 1
43900 3
44000 4
44100 6
44200 4
44300 0
44400 0
44500 0
44600 1
44700 1
44800 0
44900 0
45000 3
45100 2
45200 1
45300 6
45400 1
45500 5
45600 2
45700 1
45800 1
45900 2
46000 0
46100 1
46200 3
46300 4
46400 2
46500 2
46600 2
46700 7
46800 9
46900 7
47000 11
47100 10
47200 13
47300 7
47400 3
47500 4
47600 5
47700 7
47800 4
47900 8
48000 23
48100 41
48200 81
48300 98
48400 528
48500 5083
48600 17108
48700 15813
48800 3787
48900 364
49000 58
49100 42
49200 48
49300 19
49400 3
49500 1
49600 0
49700 3
49800 4
49900 3
50000 8
50100 11
50200 17
50300 30
50400 11
50500 5
50600 2
50700 4
50800 2
50900 1
51000 2
51100 1
51200 0
51300 1
51400 2
51500 3
51600 5
51700 1
51800 3
51900 1
52000 1
52100 3
52200 2
52300 4
52400 1
52500 0
52600 3
52700 2
52800 2
52900 5
53000 0
53100 2
53200 9
53300 27
53400 229
53500 719
53600 575
53700 151
53800 24
53900 14
54000 7
54100 0
54200 0
54300 3
54400 7
54500 10
54600 2
54700 3
54800 24
54900 69
55000 105
55100 65
55200 14
55300 37
55400 115
55500 136
55600 86
55700 24
55800 4
55900 4
56000 3
56100 8
56200 5
56300 0
56400 3
56500 4
56600 10
56700 14
56800 9
56900 2
57000 1
57100 5
57200 6
57300 5
57400 4
57500 2
57600 2
57700 1
57800 1
57900 1
58000 3
58100 0
58200 3
58300 5
58400 5
58500 2
58600 3
58700 1
58800 1
58900 2
59000 0
59100 1
59200 1
59300 2
59400 2
59500 0
59600 3
59700 1
59800 3
59900 14
60000 7
60100 12
60200 10
60300 8
60400 6
60500 1
60600 3
60700 3
60800 5
60900 1
61000 1
61100 5
61200 28
61300 42
61400 81
61500 194
61600 1784
61700 11077
61800 19372
61900 9088
62000 1249
62100 105
62200 43
62300 39
62400 14
62500 5
62600 3
62700 1
62800 2
62900 1
63000 1
63100 3
63200 10
63300 16
63400 21
63500 21
63600 11
63700 4
63800 0
63900 4
64000 2
64100 3
64200 2
64300 4
64400 0
64500 0
64600 4
64700 3
64800 1
64900 4
65000 3
65100 4
65200 0
65300 6
65400 1
65500 2
65600 4
65700 1
65800 2
65900 0
66000 0
66100 2
66200 2
66300 9
66400 16
66500 74
66600 296
66700 471
66800 169
66900 28
67000 10
67100 11
67200 0
67300 1
67400 3
67500 4
67600 9
67700 5
67800 0
67900 15
68000 54
68100 87
68200 75
68300 29
68400 21
68500 111
68600 123
68700 89
68800 42
68900 6
69000 7
69100 1
69200 8
69300 0
69400 0
69500 2
69600 5
69700 8
69800 18
69900 9
70000 3
70100 3
70200 2
70300 4
70400 4
70500 1
70600 0
70700 0
70800 1
70900 5
71000 1
71100 2
71200 0
71300 2
71400 3
71500 6
71600 6
71700 1
71800 4
71900 1
72000 0
72100 4
72200 1
72300 5
72400 4
72500 2
72600 1
72700 1
72800 1
72900 7
73000 9
73100 11
73200 9
73300 12
73400 10
73500 14
73600 1
73700 1
73800 2
73900 3
74000 5
74100 4
74200 7
74300 15
74400 56
74500 76
74600 146
74700 1314
74800 9062
74900 19434
75000 11151
75100 1789
75200 136
75300 36
75400 35
75500 21
75600 6
75700 2
75800 2
75900 1
76000 2
76100 4
76200 1
76300 10
76400 16
76500 25
76600 15
76700 9
76800 2
76900 3
77000 2
77100 1
77200 0
77300 2
77400 3
77500 1
77600 2
77700 2
77800 0
77900 0
78000 1
78100 4
78200 0
78300 1
78400 1
78500 1
78600 1
78700 5
78800 0
78900 0
79000 0
79100 2
79200 4
79300 4
79400 2
79500 15
79600 55
79700 271
79800 458
79900 233
80000 33
80100 7
80200 9
80300 7
80400 1
80500 4
80600 6
80700 7
80800 5
80900 5
81000 18
81100 65
81200 96
81300 89
81400 19
81500 33
81600 79
81700 131
81800 93
81900 52
82000 6
82100 4
82200 4
82300 2
82400 0
82500 3
82600 5
82700 4
82800 9
82900 12
83000 13
83100 2
83200 2
83300 1
83400 1
83500 8
83600 5
83700 3
83800 3
83900 0
84000 2
84100 0
84200 1
84300 1
84400 1
84500 0
84600 8
84700 14
84800 7
84900 3
85000 2
85100 3
85200 5
85300 0
85400 3
85500 2
85600 1
85700 2
85800 0
85900 0
86000 5
86100 9
86200 9
86300 10
86400 12
86500 12
86600 12
86700 2
86800 4
86900 2
87000 1
87100 6
87200 3
87300 4
87400 22
87500 47
87600 64
87700 109
87800 676
87900 6015
88000 17891
88100 14533
88200 3254
88300 295
88400 45
88500 43
88600 26
88700 8
88800 6
88900 2
89000 1
89100 3
89200 1
89300 4
89400 6
89500 23
89600 11
89700 23
89800 8
89900 5
90000 1
90100 2
90200 2
90300 1
90400 5
90500 2
90600 2
90700 3
90800 1
90900 2
91000 3
91100 2
91200 4
91300 2
91400 3
91500 0
91600 1
91700 0
91800 2
91900 0
92000 0
92100 2
92200 1
92300 0
92400 3
92500 8
92600 13
92700 22
92800 149
92900 455
93000 336
93100 81
93200 11
93300 4
93400 6
93500 6
93600 3
93700 1
93800 6
93900 2
94000 4
94100 11
94200 25
94300 71
94400 99
94500 54
94600 17
94700 63
94800 111
94900 116
95000 70
95100 13
95200 5
95300 6
95400 6
95500 1
95600 1
95700 3
95800 1
95900 6
96000 12
96100 9
96200 7
96300 1
96400 4
96500 5
96600 5
96700 6
96800 2
96900 3
97000 2
97100 0
97200 2
97300 0
97400 0
97500 3
97600 5
97700 7
97800 22
97900 6
98000 6
98100 2
98200 4
98300 5
98400 2
98500 0
98600 4
98700 1
98800 3
98900 0
99000 3
99100 1
99200 5
99300 5
99400 7
99500 13
99600 6
99700 10
99800 6
99900 2
100000 4
100100 1
100200 2
100300 0
100400 3
100500 8
100600 22
100700 50
100800 97
100900 225
101000 2176
101100 12082
101200 19277
101300 8068
101400 1016
101500 72
101600 35
101700 35
101800 12
101900 5
102000 4
102100 2
102200 1
102300 2
102400 2
102500 6
102600 12
102700 15
102800 21
102900 12
103000 9
103100 4
103200 0
103300 1
103400 1
103500 1
103600 2
103700 2
103800 3
103900 0
104000 1
104100 0
104200 4
104300 2
104400 0
104500 4
104600 3
104700 0
104800 2
104900 0
105000 1
105100 2
105200 2
105300 3
105400 0
105500 3
105600 2
105700 10
105800 13
105900 71
106000 326
106100 460
106200 173
106300 28
106400 13
106500 3
106600 3
106700 1
106800 3
106900 0
107000 10
107100 3
107200 1
107300 21
107400 61
107500 104
107600 75
107700 24
107800 28
107900 76
108000 139
108100 89
108200 40
108300 5
108400 2
108500 4
108600 6
108700 2
108800 2
108900 3
109000 4
109100 11
109200 12
109300 7
109400 5
109500 1
109600 1
109700 4
109800 9
109900 1
110000 1
110100 0
110200 5
110300 1
110400 2
110500 0
110600 1
110700 1
110800 4
110900 9
111000 5
111100 5
111200 3
111300 2
111400 0
111500 3
111600 2
111700 2
111800 1
111900 6
112000 3
112100 0
112200 1
112300 7
112400 14
112500 6
112600 4
112700 9
112800 16
112900 11
113000 2
113100 4
113200 2
113300 1
113400 2
113500 3
113600 7
113700 17
113800 34
113900 49
114000 100
114100 1002
114200 7765
114300 18882
114400 12355
114500 2350
114600 174
114700 44
114800 34
114900 17
115000 6
115100 4
115200 2
115300 4
115400 1
115500 0
115600 4
115700 15
115800 20
115900 22
116000 11
116100 8
116200 2
116300 0
116400 1
116500 0
116600 2
116700 3
116800 1
116900 1
117000 0
117100 3
117200 1
117300 2
117400 1
117500 4
117600 0
117700 0
117800 3
117900 3
118000 3
118100 3
118200 6
118300 1
118400 2
118500 3
118600 1
118700 1
118800 8
118900 16
119000 35
119100 233
119200 459
119300 257
119400 47
119500 20
119600 9
119700 3
119800 3
119900 4
120000 2
120100 8
120200 10
120300 2
120400 12
120500 40
120600 100
120700 96
120800 38
120900 28
121000 53
121100 145
121200 142
121300 47
121400 9
121500 8
121600 5
121700 4
121800 2
121900 1
122000 3
122100 1
122200 3
122300 8
122400 10
122500 6
122600 2
122700 3
122800 6
122900 8
123000 6
123100 2
123200 0
123300 1
123400 1
123500 1
123600 1
123700 2
123800 0
123900 7
124000 7
124100 7
124200 3
124300 4
124400 3
124500 3
124600 1
124700 2
124800 0
124900 2
125000 2
125100 1
125200 1
125300 1
125400 3
125500 6
125600 5
125700 11
125800 7
125900 11
126000 7
126100 3
126200 3
126300 0
126400 2
126500 4
126600 2
126700 5
126800 11
126900 33
127000 52
127100 85
127200 472
127300 4567
127400 16572
127500 16207
127600 4322
127700 436
127800 50
127900 22
128000 29
128100 11
128200 6
128300 2
128400 1
128500 1
128600 0
128700 1
128800 9
128900 12
129000 17
129100 18
129200 22
129300 4
129400 3
129500 2
129600 1
129700 3
129800 2
129900 2
130000 0
130100 1
130200 0
130300 1
130400 1
130500 5
130600 3
130700 2
130800 1
130900 2
131000 1
131100 2
131200 2
131300 2
131400 0
131500 1
131600 2
131700 5
131800 1
131900 6
132000 13
132100 22
132200 140
132300 449
132400 372
132500 90
132600 19
132700 5
132800 8
132900 6
133000 2
133100 1
133200 5
133300 5
133400 5
133500 6
133600 23
133700 77
133800 107
133900 73
134000 15
134100 43
134200 129
134300 103
134400 72
134500 17
134600 2
134700 5
134800 10
134900 2
135000 1
135100 2
135200 1
135300 4
135400 9
135500 11
135600 4
135700 1
135800 5
135900 4
136000 5
136100 7
136200 1
136300 0
136400 1
136500 2
136600 1
136700 1
136800 1
136900 1
137000 1
137100 4
137200 4
137300 4
137400 2
137500 2
137600 2
137700 1
137800 3
137900 4
138000 0
138100 1
138200 1
138300 1
138400 1
138500 5
138600 6
138700 12
138800 15
138900 10
139000 6
139100 16
139200 5
139300 2
139400 4
139500 0
139600 1
139700 2
139800 5
139900 9
140000 30
140100 42
140200 68
140300 202
140400 2239
140500 11833
140600 19144
140700 8416
140800 1059
140900 96
141000 34
141100 35
141200 12
141300 2
141400 1
141500 1
141600 3
141700 0
141800 5
141900 0
142000 12
142100 10
142200 11
142300 20
142400 7
142500 5
142600 0
142700 0
142800 2
142900 1
143000 2
143100 1
143200 2
143300 1
143400 0
143500 4
143600 3
143700 4
143800 1
143900 2
144000 4
144100 3
144200 1
144300 1
144400 2
144500 3
144600 1
144700 1
144800 2
144900 2
145000 1
145100 7
145200 15
145300 72
145400 319
145500 430
145600 174
145700 28
145800 15
145900 4
146000 5
146100 1
146200 3
146300 3
146400 7
146500 6
146600 3
146700 23
146800 60
146900 94
147000 96
147100 24
147200 20
147300 83
147400 124
147500 100
147600 40
147700 7
147800 6
147900 6
148000 1
148100 3
148200 1
148300 1
148400 3
148500 8
148600 11
148700 11
148800 6
148900 1
149000 1
149100 4
149200 10
149300 2
149400 1
149500 1
149600 1
149700 0
149800 2
149900 5
150000 3
150100 5
150200 4
150300 5
150400 7
150500 5
150600 5
150700 3
150800 1
150900 4
151000 2
151100 2
151200 1
151300 1
151400 4
151500 1
151600 4
151700 0
151800 6
151900 6
152000 9
152100 4
152200 3
152300 11
152400 5
152500 2
152600 1
152700 2
152800 1
152900 2
153000 8
153100 21
153200 45
153300 54
153400 118
153500 880
153600 6888
153700 18393
153800 13438
153900 2874
154000 238
154100 39
154200 33
154300 22
154400 6
154500 4
154600 0
154700 1
154800 1
154900 2
155000 6
155100 5
155200 25
155300 20
155400 23
155500 5
155600 7
155700 4
155800 2
155900 1
156000 3
156100 2
156200 0
156300 3
156400 0
156500 1
156600 0
156700 3
156800 1
156900 6
157000 0
157100 3
157200 2
157300 0
157400 1
157500 2
157600 3
157700 1
157800 1
157900 3
158000 2
158100 2
158200 4
158300 12
158400 29
158500 209
158600 486
158700 302
158800 57
158900 7
159000 7
159100 2
159200 4
159300 2
159400 3
159500 5
159600 7
159700 1
159800 6
159900 38
160000 77
160100 96
160200 35
160300 22
160400 67
160500 140
160600 128
160700 58
160800 14
160900 5
161000 7
161100 4
161200 2
161300 2
161400 3
161500 5
161600 6
161700 16
161800 17
161900 5
162000 2
162100 4
162200 3
162300 1
162400 4
162500 2
162600 2
162700 1
162800 0
162900 1
163000 2
163100 1
163200 1
163300 1
163400 6
163500 10
163600 5
163700 4
163800 1
163900 4
164000 3
164100 3
164200 2
164300 1
164400 3
164500 1
164600 0
164700 1
164800 5
164900 3
165000 5
165100 7
165200 15
165300 8
165400 9
165500 7
165600 2
165700 4
165800 0
165900 2
166000 4
166100 3
166200 11
166300 35
166400 61
166500 88
166600 441
166700 3743
166800 15122
166900 17258
167000 5490
167100 568
167200 51
167300 47
167400 26
167500 10
167600 5
167700 3
167800 2
167900 2
168000 0
168100 0
168200 6
168300 15
168400 17
168500 14
168600 15
168700 4
168800 2
168900 2
169000 3
169100 2
169200 4
169300 1
169400 2
169500 2
169600 2
169700 2
169800 1
169900 1
170000 1
170100 2
170200 2
170300 1
170400 0
170500 0
170600 2
170700 0
170800 2
170900 1
171000 1
171100 1
171200 4
171300 4
171400 3
171500 12
171600 126
171700 429
171800 368
171900 99
172000 19
172100 5
172200 1
172300 3
172400 1
172500 0
172600 2
172700 6
172800 3
172900 4
173000 25
173100 64
173200 95
173300 59
173400 28
173500 44
173600 114
173700 141
173800 81
173900 26
174000 1
174100 8
174200 5
174300 3
174400 2
174500 2
174600 0
174700 10
174800 9
174900 10
175000 9
175100 6
175200 3
175300 3
175400 5
175500 10
175600 3
175700 1
175800 3
175900 1
176000 0
176100 1
176200 4
176300 1
176400 0
176500 7
176600 10
176700 10
176800 8
176900 1
177000 6
177100 1
177200 3
177300 3
177400 2
177500 2
177600 2
177700 0
177800 1
177900 2
178000 7
178100 5
178200 5
178300 9
178400 15
178500 10
178600 8
178700 4
178800 1
178900 0
179000 1
179100 4
179200 3
179300 14
179400 19
179500 50
179600 59
179700 201
179800 1776
179900 10693
180000 18973
180100 9310
180200 1341
180300 93
180400 44
180500 27
180600 20
180700 6
180800 5
180900 2
181000 0
181100 1
181200 4
181300 4
181400 17
181500 23
181600 27
181700 25
181800 13
181900 6
182000 3
182100 0
182200 1
182300 2
182400 0
182500 2
182600 4
182700 1
182800 2
182900 0
183000 1
183100 2
183200 1
183300 2
183400 3
183500 1
183600 1
183700 1
183800 0
183900 0
184000 0
184100 0
184200 2
184300 2
184400 2
184500 4
184600 11
184700 60
184800 315
184900 425
185000 196
185100 41
185200 12
185300 11
185400 1
185500 0
185600 3
185700 9
185800 6
185900 7
186000 2
186100 7
186200 46
186300 87
186400 88
186500 49
186600 26
186700 76
186800 115
186900 101
187000 44
187100 10
187200 3
187300 5
187400 8
187500 2
187600 0
187700 1
187800 9
187900 12
188000 11
188100 7
188200 3
188300 0
188400 1
188500 3
188600 9
188700 3
188800 0
188900 2
189000 0
189100 3
189200 0
189300 0
189400 1
189500 1
189600 1
189700 8
189800 12
189900 4
190000 4
190100 2
190200 0
190300 2
190400 0
190500 2
190600 3
190700 5
190800 6
190900 3
191000 3
191100 4
191200 8
191300 9
191400 9
191500 13
191600 5
191700 10
191800 6
191900 3
192000 0
192100 1
192200 1
192300 3
192400 8
192500 11
192600 45
192700 52
192800 104
192900 661
193000 6020
193100 17085
193200 14639
193300 3729
193400 322
193500 49
193600 41
193700 26
193800 13
193900 6
194000 4
194100 2
194200 1
194300 5
194400 2
194500 7
194600 21
194700 15
194800 17
194900 12
195000 7
195100 3
195200 3
195300 3
195400 2
195500 3
195600 4
195700 3
195800 1
195900 3
196000 1
196100 1
196200 1
196300 2
196400 1
196500 2
196600 1
196700 2
196800 1
196900 2
197000 1
197100 3
197200 1
197300 1
197400 0
197500 4
197600 4
197700 11
197800 31
197900 177
198000 452
198100 303
198200 88
198300 11
198400 7
198500 8
198600 3
198700 0
198800 3
198900 9
199000 9
199100 1
199200 14
199300 46
199400 89
199500 96
199600 68
199700 24
199800 51
199900 110
200000 123
200100 61
200200 14
200300 3
200400 6
200500 5
200600 1
200700 1
200800 0
200900 3
201000 7
201100 10
201200 16
201300 8
201400 3
201500 5
201600 9
201700 7
201800 7
201900 2
202000 0
202100 0
202200 1
202300 1
202400 2
202500 1
202600 2
202700 1
202800 2
202900 11
203000 7
203100 4
203200 5
203300 1
203400 2
203500 0
203600 1
203700 3
203800 4
203900 2
204000 0
204100 2
204200 6
204300 7
204400 10
204500 7
204600 11
204700 9
204800 12
204900 5
205000 4
205100 2
205200 2
205300 1
205400 4
205500 3
205600 7
205700 29
205800 54
205900 96
206000 389
206100 3525
206200 14289
206300 17641
206400 6145
206500 705
206600 72
206700 35
206800 22
206900 16
207000 11
207100 1
207200 1
207300 1
207400 2
207500 2
207600 6
207700 20
207800 20
207900 12
208000 17
208100 3
208200 2
208300 4
208400 2
208500 0
208600 2
208700 1
208800 0
208900 1
209000 4
209100 2
209200 1
209300 1
209400 1
209500 1
209600 0
209700 3
209800 1
209900 1
210000 0
210100 1
210200 3
210300 1
210400 1
210500 4
210600 4
210700 4
210800 5
210900 22
211000 96
211100 427
211200 327
211300 132
211400 16
211500 5
211600 7
211700 3
211800 3
211900 2
212000 8
212100 3
212200 7
212300 4
212400 25
212500 73
212600 100
212700 56
212800 23
212900 35
213000 114
213100 124
213200 85
213300 20
213400 5
213500 2
213600 4
213700 5
213800 2
213900 2
214000 2
214100 4
214200 8
214300 17
214400 7
214500 2
214600 3
214700 4
214800 2
214900 3
215000 6
215100 1
215200 2
215300 1
215400 1
215500 1
215600 1
215700 2
215800 4
215900 8
216000 3
216100 11
216200 3
216300 1
216400 1
216500 2
216600 2
216700 1
216800 3
216900 2
217000 1
217100 0
217200 2
217300 5
217400 5
217500 10
217600 9
217700 8
217800 11
217900 8
218000 11
218100 3
218200 5
218300 0
218400 1
218500 5
218600 2
218700 12
218800 31
218900 45
219000 64
219100 193
219200 1658
219300 9772
219400 19098
219500 10403
219600 1673
219700 151
219800 49
219900 26
220000 15
220100 4
220200 2
220300 3
220400 2
220500 4
220600 1
220700 4
220800 11
220900 14
221000 22
221100 17
221200 9
221300 5
221400 1
221500 2
221600 1
221700 0
221800 2
221900 1
222000 0
222100 1
222200 2
222300 4
222400 0
222500 4
222600 5
222700 3
222800 0
222900 2
223000 1
223100 3
223200 1
223300 3
223400 1
223500 0
223600 1
223700 3
223800 3
223900 9
224000 11
224100 54
224200 323
224300 466
224400 203
224500 47
224600 14
224700 9
224800 1
224900 1
225000 0
225100 0
225200 6
225300 4
225400 9
225500 21
225600 68
225700 154
225800 140
225900 41
226000 34
226100 104
226200 168
226300 158
226400 53
226500 10
226600 5
226700 3
226800 6
226900 3
227000 0
227100 1
227200 5
227300 8
227400 15
227500 8
227600 2
227700 1
227800 3
227900 4
228000 7
228100 3
228200 1
228300 0
228400 1
228500 1
228600 1
228700 1
228800 1
228900 1
229000 2
229100 5
229200 3
229300 3
229400 2
229500 3
229600 1
229700 1
229800 1
229900 1
230000 0
230100 2
230200 0
230300 2
230400 2
230500 3
230600 6
230700 11
230800 7
230900 11
231000 10
231100 7
231200 5
231300 3
231400 4
231500 2
231600 0
231700 2
231800 12
231900 15
232000 38
232100 80
232200 155
232300 1071
232400 7404
232500 18066
232600 12862
232700 2786
232800 254
232900 51
233000 35
233100 27
233200 8
233300 4
233400 4
233500 2
233600 1
233700 3
233800 2
233900 16
234000 8
234100 15
234200 20
234300 7
234400 2
234500 3
234600 4
234700 1
234800 2
234900 2
235000 1
235100 1
235200 3
235300 3
235400 2
235500 2
235600 1
235700 0
235800 4
235900 0
236000 1
236100 0
236200 2
236300 1
236400 0
236500 4
236600 3
236700 4
236800 1
236900 1
237000 8
237100 14
237200 28
237300 220
237400 440
237500 313
237600 72
237700 12
237800 5
237900 3
238000 1
238100 3
238200 0
238300 6
238400 5
238500 5
238600 8
238700 41
238800 68
238900 89
239000 50
239100 14
239200 53
239300 134
239400 115
239500 59
239600 10
239700 2
239800 7
239900 4
240000 2
240100 2
240200 1
240300 4
240400 6
240500 12
240600 11
240700 4
240800 4
240900 4
241000 4
241100 6
241200 4
241300 0
241400 1
241500 2
241600 1
241700 1
241800 0
241900 0
242000 1
242100 0
242200 3
242300 3
242400 4
242500 6
242600 1
242700 2
242800 3
242900 1
243000 2
243100 5
243200 2
243300 0
243400 0
243500 3
243600 2
243700 5
243800 9
243900 7
244000 12
244100 11
244200 11
244300 5
244400 4
244500 1
244600 1
244700 4
244800 3
244900 2
245000 22
245100 28
245200 53
245300 92
245400 404
245500 3566
245600 14419
245700 17360
245800 6320
245900 727
246000 77
246100 32
246200 20
246300 16
246400 4
246500 4
246600 1
246700 2
246800 1
246900 3
247000 9
247100 13
247200 15
247300 21
247400 13
247500 6
247600 3
247700 3
247800 0
247900 0
248000 1
248100 2
248200 2
248300 1
248400 2
248500 3
248600 1
248700 4
248800 2
248900 0
249000 1
249100 2
249200 0
249300 0
249400 0
249500 1
249600 0
249700 2
249800 1
249900 4
250000 2
250100 4
250200 11
250300 14
250400 103
250500 434
250600 400
250700 128
250800 25
250900 10
251000 6
251100 2
251200 2
251300 3
251400 1
251500 6
251600 4
251700 8
251800 34
251900 62
252000 91
252100 71
252200 10
252300 27
252400 102
252500 123
252600 85
252700 25
252800 6
252900 1
253000 5
253100 3
253200 2
253300 1
253400 4
253500 2
253600 12
253700 18
253800 6
253900 1
254000 4
254100 4
254200 9
254300 3
254400 2
254500 1
254600 1
254700 1
254800 2
254900 0
255000 0
255100 0
255200 3
255300 2
255400 8
255500 7
255600 8
255700 0
255800 2
255900 1
256000 1
256100 1
256200 1
256300 1
256400 2
256500 3
256600 2
256700 1
256800 5
256900 8
257000 2
257100 7
257200 11
257300 10
257400 14
257500 4
257600 1
257700 2
257800 2
257900 3
258000 3
258100 6
258200 18
258300 58
258400 69
258500 215
258600 1875
258700 10259
258800 18446
258900 9907
259000 1642
259100 125
259200 42
259300 36
259400 21
259500 10
259600 5
259700 2
259800 2
259900 1
260000 3
260100 7
260200 8
260300 11
260400 23
260500 21
260600 8
260700 5
260800 5
260900 1
261000 1
261100 2
261200 0
261300 2
261400 0
261500 3
261600 2
261700 2
261800 2
261900 5
262000 5
262100 2
262200 2
262300 1
262400 3
262500 3
262600 5
262700 0
262800 3
262900 4
263000 1
263100 2
263200 4
263300 2
263400 12
263500 64
263600 320
263700 457
263800 211
263900 38
264000 14
264100 3
264200 5
264300 7
264400 9
264500 4
264600 8
264700 9
264800 3
264900 17
265000 54
265100 100
265200 82
265300 31
265400 33
265500 97
265600 122
265700 100
265800 37
265900 5
266000 6
266100 6
266200 2
266300 2
266400 0
266500 3
266600 3
266700 5
266800 14
266900 8
267000 5
267100 2
267200 4
267300 3
267400 9
267500 5
267600 1
267700 1
267800 1
267900 3
268000 1
268100 1
268200 3
268300 3
268400 2
268500 5
268600 8
268700 6
268800 3
268900 3
269000 1
269100 1
269200 0
269300 1
269400 2
269500 2
269600 1
269700 0
269800 2
269900 8
270000 11
270100 17
270200 14
270300 8
270400 6
270500 11
270600 3
270700 3
270800 0
270900 4
271000 3
271100 2
271200 9
271300 9
271400 42
271500 56
271600 110
271700 911
271800 6831
271900 17635
272000 13796
272100 3253
272200 308
272300 41
272400 29
272500 29
272600 15
272700 1
272800 1
272900 0
273000 1
273100 0
273200 4
273300 11
273400 9
273500 16
273600 20
273700 7
273800 6
273900 3
274000 0
274100 1
274200 0
274300 1
274400 2
274500 2
274600 0
274700 1
274800 1
274900 1
275000 1
275100 2
275200 2
275300 2
275400 3
275500 1
275600 4
275700 1
275800 0
275900 5
276000 0
276100 0
276200 1
276300 4
276400 6
276500 9
276600 45
276700 202
276800 466
276900 281
277000 77
277100 15
277200 6
277300 3
277400 2
277500 2
277600 2
277700 6
277800 6
277900 5
278000 8
278100 46
278200 69
278300 93
278400 51
278500 22
278600 63
278700 137
278800 123
278900 64
279000 17
279100 7
279200 4
279300 8
279400 2
279500 2
279600 1
279700 4
279800 7
279900 10
280000 15
280100 3
280200 1
280300 1
280400 1
280500 6
280600 8
280700 2
280800 3
280900 0
281000 1
281100 1
281200 0
281300 4
281400 2
281500 3
281600 4
281700 10
281800 7
281900 6
282000 3
282100 2
282200 1
282300 2
282400 0
282500 1
282600 0
282700 1
282800 1
282900 3
283000 4
283100 5
283200 12
283300 11
283400 8
283500 12
283600 10
283700 7
283800 2
283900 0
284000 4
284100 3
284200 1
284300 3
284400 19
284500 31
284600 55
284700 81
284800 413
284900 3727
285000 14324
285100 17077
285200 6179
285300 760
285400 71
285500 37
285600 26
285700 10
285800 9
285900 1
286000 1
286100 5
286200 1
286300 0
286400 4
286500 14
286600 15
286700 23
286800 17
286900 7
287000 4
287100 1
287200 2
287300 1
287400 4
287500 3
287600 3
287700 1
287800 1
287900 3
288000 1
288100 0
288200 2
288300 1
288400 1
288500 3
288600 1
288700 1
288800 1
288900 0
289000 0
289100 1
289200 1
289300 2
289400 6
289500 6
289600 9
289700 20
289800 120
289900 360
290000 394
290100 146
290200 26
290300 4
290400 4
290500 6
290600 2
290700 3
290800 5
290900 3
291000 2
291100 5
291200 15
291300 75
291400 98
291500 67
291600 17
291700 53
291800 106
291900 121
292000 85
292100 34
292200 7
292300 2
292400 7
292500 4
292600 1
292700 1
292800 3
292900 3
293000 14
293100 13
293200 13
293300 1
293400 3
293500 3
293600 7
293700 8
293800 5
293900 2
294000 0
294100 2
294200 2
294300 1
294400 0
294500 3
294600 2
294700 3
294800 6
294900 10
295000 2
295100 1
295200 4
295300 0
295400 1
295500 0
295600 0
295700 0
295800 1
295900 2
296000 2
296100 4
296200 5
296300 8
296400 10
296500 10
296600 7
296700 10
296800 7
296900 7
297000 5
297100 5
297200 1
297300 2
297400 5
297500 10
297600 13
297700 42
297800 80
297900 175
298000 1718
298100 9839
298200 18507
298300 10604
298400 1950
298500 161
298600 38
298700 42
298800 23
298900 7
299000 1
299100 1
299200 2
299300 5
299400 2
299500 6
299600 7
299700 15
299800 23
299900 12
