-300000 0
-299900 0
-299800 0
-299700 1
-299600 0
-299500 1
-299400 0
-299300 0
-299200 0
-299100 2
-299000 0
-298900 0
-298800 1
-298700 0
-298600 0
-298500 1
-298400 0
-298300 2
-298200 2
-298100 0
-298000 0
-297900 0
-297800 2
-297700 0
-297600 0
-297500 0
-297400 0
-297300 0
-297200 0
-297100 0
-297000 0
-296900 1
-296800 1
-296700 0
-296600 0
-296500 0
-296400 0
-296300 0
-296200 0
-296100 0
-296000 0
-295900 0
-295800 0
-295700 0
-295600 0
-295500 0
-295400 0
-295300 0
-295200 1
-295100 0
-295000 0
-294900 0
-294800 0
-294700 0
-294600 0
-294500 0
-294400 0
-294300 0
-294200 0
-294100 0
-294000 0
-293900 0
-293800 0
-293700 1
-293600 1
-293500 0
-293400 0
-293300 0
-293200 0
-293100 0
-293000 21
-292900 79
-292800 48
-292700 16
-292600 3
-292500 0
-292400 0
-292300 0
-292200 0
-292100 0
-292000 0
-291900 0
-291800 0
-291700 0
-291600 0
-291500 0
-291400 0
-291300 1
-291200 1
-291100 0
-291000 0
-290900 0
-290800 0
-290700 0
-290600 0
-290500 0
-290400 0
-290300 1
-290200 0
-290100 2
-290000 1
-289900 0
-289800 0
-289700 0
-289600 0
-289500 0
-289400 0
-289300 1
-289200 0
-289100 0
-289000 0
-288900 1
-288800 0
-288700 0
-288600 0
-288500 1
-288400 0
-288300 0
-288200 0
-288100 0
-288000 5
-287900 1
-287800 1
-287700 0
-287600 0
-287500 0
-287400 1
-287300 0
-287200 0
-287100 0
-287000 0
-286900 0
-286800 0
-286700 0
-286600 1
-286500 0
-286400 0
-286300 0
-286200 0
-286100 0
-286000 0
-285900 0
-285800 0
-285700 0
-285600 0
-285500 0
-285400 0
-285300 2
-285200 0
-285100 0
-285000 0
-284900 0
-284800 0
-284700 0
-284600 0
-284500 0
-284400 0
-284300 0
-284200 0
-284100 0
-284000 0
-283900 1
-283800 0
-283700 0
-283600 0
-283500 0
-283400 0
-283300 1
-283200 0
-283100 1
-283000 2
-282900 0
-282800 0
-282700 0
-282600 0
-282500 1
-282400 0
-282300 0
-282200 0
-282100 0
-282000 0
-281900 0
-281800 0
-281700 0
-281600 1
-281500 2
-281400 0
-281300 0
-281200 0
-281100 0
-281000 0
-280900 0
-280800 0
-280700 1
-280600 0
-280500 0
-280400 0
-280300 0
-280200 0
-280100 0
-280000 2
-279900 14
-279800 50
-279700 71
-279600 27
-279500 3
-279400 0
-279300 0
-279200 0
-279100 0
-279000 0
-278900 0
-278800 1
-278700 0
-278600 0
-278500 0
-278400 0
-278300 0
-278200 0
-278100 0
-278000 0
-277900 1
-277800 1
-277700 0
-277600 0
-277500 1
-277400 0
-277300 0
-277200 0
-277100 0
-277000 0
-276900 1
-276800 0
-276700 0
-276600 1
-276500 1
-276400 0
-276300 0
-276200 0
-276100 0
-276000 0
-275900 0
-275800 0
-275700 0
-275600 1
-275500 0
-275400 0
-275300 0
-275200 1
-275100 0
-275000 0
-274900 0
-274800 1
-274700 1
-274600 0
-274500 1
-274400 0
-274300 1
-274200 0
-274100 0
-274000 0
-273900 1
-273800 0
-273700 1
-273600 0
-273500 0
-273400 1
-273300 0
-273200 1
-273100 2
-273000 1
-272900 0
-272800 0
-272700 0
-272600 0
-272500 0
-272400 0
-272300 0
-272200 3
-272100 0
-272000 0
-271900 1
-271800 0
-271700 0
-271600 0
-271500 0
-271400 0
-271300 1
-271200 0
-271100 0
-271000 0
-270900 1
-270800 0
-270700 0
-270600 0
-270500 0
-270400 0
-270300 0
-270200 0
-270100 1
-270000 0
-269900 0
-269800 0
-269700 0
-269600 0
-269500 0
-269400 0
-269300 0
-269200 0
-269100 0
-269000 0
-268900 0
-268800 0
-268700 0
-268600 0
-268500 0
-268400 0
-268300 0
-268200 1
-268100 0
-268000 0
-267900 0
-267800 0
-267700 0
-267600 0
-267500 0
-267400 0
-267300 0
-267200 0
-267100 0
-267000 0
-266900 1
-266800 6
-266700 29
-266600 62
-266500 41
-266400 7
-266300 1
-266200 0
-266100 0
-266000 1
-265900 0
-265800 0
-265700 0
-265600 0
-265500 0
-265400 0
-265300 0
-265200 0
-265100 0
-265000 1
-264900 0
-264800 0
-264700 0
-264600 0
-264500 0
-264400 1
-264300 0
-264200 1
-264100 0
-264000 0
-263900 0
-263800 0
-263700 0
-263600 0
-263500 0
-263400 0
-263300 0
-263200 1
-263100 0
-263000 0
-262900 0
-262800 0
-262700 0
-262600 1
-262500 0
-262400 0
-262300 0
-262200 0
-262100 0
-262000 0
-261900 1
-261800 0
-261700 2
-261600 0
-261500 0
-261400 0
-261300 0
-261200 0
-261100 0
-261000 0
-260900 0
-260800 0
-260700 0
-260600 0
-260500 1
-260400 1
-260300 0
-260200 1
-260100 0
-260000 0
-259900 0
-259800 2
-259700 2
-259600 0
-259500 0
-259400 0
-259300 0
-259200 2
-259100 0
-259000 0
-258900 0
-258800 0
-258700 0
-258600 1
-258500 0
-258400 0
-258300 0
-258200 0
-258100 0
-258000 0
-257900 0
-257800 1
-257700 1
-257600 0
-257500 0
-257400 0
-257300 1
-257200 0
-257100 0
-257000 0
-256900 1
-256800 0
-256700 0
-256600 0
-256500 0
-256400 0
-256300 0
-256200 0
-256100 0
-256000 1
-255900 0
-255800 0
-255700 0
-255600 0
-255500 0
-255400 1
-255300 0
-255200 0
-255100 0
-255000 0
-254900 0
-254800 0
-254700 0
-254600 0
-254500 0
-254400 1
-254300 0
-254200 0
-254100 1
-254000 0
-253900 0
-253800 0
-253700 3
-253600 31
-253500 53
-253400 68
-253300 18
-253200 1
-253100 0
-253000 1
-252900 0
-252800 0
-252700 0
-252600 0
-252500 0
-252400 0
-252300 0
-252200 0
-252100 0
-252000 0
-251900 0
-251800 1
-251700 0
-251600 1
-251500 0
-251400 0
-251300 0
-251200 0
-251100 1
-251000 1
-250900 0
-250800 1
-250700 0
-250600 1
-250500 0
-250400 0
-250300 0
-250200 0
-250100 0
-250000 0
-249900 0
-249800 0
-249700 1
-249600 0
-249500 0
-249400 0
-249300 0
-249200 0
-249100 0
-249000 0
-248900 0
-248800 1
-248700 2
-248600 0
-248500 1
-248400 0
-248300 0
-248200 0
-248100 1
-248000 0
-247900 1
-247800 1
-247700 0
-247600 0
-247500 0
-247400 0
-247300 0
-247200 0
-247100 1
-247000 0
-246900 0
-246800 0
-246700 1
-246600 0
-246500 0
-246400 0
-246300 0
-246200 0
-246100 0
-246000 0
-245900 0
-245800 0
-245700 0
-245600 1
-245500 1
-245400 0
-245300 0
-245200 0
-245100 0
-245000 0
-244900 0
-244800 0
-244700 0
-244600 0
-244500 0
-244400 0
-244300 0
-244200 0
-244100 0
-244000 0
-243900 0
-243800 0
-243700 0
-243600 0
-243500 0
-243400 0
-243300 0
-243200 1
-243100 0
-243000 0
-242900 0
-242800 0
-242700 0
-242600 0
-242500 0
-242400 1
-242300 1
-242200 0
-242100 0
-242000 1
-241900 0
-241800 0
-241700 0
-241600 0
-241500 0
-241400 0
-241300 0
-241200 0
-241100 0
-241000 0
-240900 0
-240800 0
-240700 0
-240600 0
-240500 17
-240400 37
-240300 76
-240200 38
-240100 3
-240000 0
-239900 0
-239800 0
-239700 0
-239600 0
-239500 0
-239400 0
-239300 0
-239200 0
-239100 0
-239000 0
-238900 0
-238800 0
-238700 1
-238600 1
-238500 0
-238400 0
-238300 1
-238200 0
-238100 0
-238000 0
-237900 0
-237800 0
-237700 0
-237600 0
-237500 0
-237400 0
-237300 0
-237200 0
-237100 0
-237000 0
-236900 0
-236800 1
-236700 0
-236600 0
-236500 1
-236400 0
-236300 0
-236200 0
-236100 0
-236000 0
-235900 0
-235800 0
-235700 0
-235600 1
-235500 0
-235400 1
-235300 2
-235200 0
-235100 0
-235000 0
-234900 0
-234800 0
-234700 0
-234600 0
-234500 1
-234400 0
-234300 0
-234200 0
-234100 2
-234000 0
-233900 0
-233800 0
-233700 1
-233600 0
-233500 0
-233400 2
-233300 0
-233200 0
-233100 0
-233000 0
-232900 0
-232800 0
-232700 0
-232600 0
-232500 0
-232400 1
-232300 0
-232200 0
-232100 0
-232000 0
-231900 1
-231800 0
-231700 0
-231600 0
-231500 0
-231400 0
-231300 0
-231200 0
-231100 0
-231000 1
-230900 0
-230800 0
-230700 2
-230600 0
-230500 0
-230400 0
-230300 1
-230200 0
-230100 0
-230000 0
-229900 0
-229800 0
-229700 0
-229600 0
-229500 0
-229400 0
-229300 0
-229200 0
-229100 0
-229000 0
-228900 0
-228800 0
-228700 0
-228600 0
-228500 0
-228400 0
-228300 0
-228200 0
-228100 1
-228000 0
-227900 0
-227800 0
-227700 0
-227600 0
-227500 0
-227400 2
-227300 32
-227200 66
-227100 47
-227000 12
-226900 3
-226800 0
-226700 0
-226600 0
-226500 0
-226400 0
-226300 0
-226200 0
-226100 0
-226000 0
-225900 0
-225800 0
-225700 0
-225600 0
-225500 1
-225400 0
-225300 0
-225200 0
-225100 0
-225000 0
-224900 0
-224800 0
-224700 0
-224600 0
-224500 0
-224400 0
-224300 0
-224200 0
-224100 2
-224000 0
-223900 0
-223800 0
-223700 0
-223600 0
-223500 0
-223400 0
-223300 0
-223200 0
-223100 0
-223000 0
-222900 0
-222800 1
-222700 0
-222600 0
-222500 0
-222400 0
-222300 2
-222200 0
-222100 0
-222000 1
-221900 0
-221800 0
-221700 0
-221600 0
-221500 1
-221400 0
-221300 0
-221200 0
-221100 0
-221000 0
-220900 0
-220800 0
-220700 0
-220600 0
-220500 0
-220400 1
-220300 0
-220200 1
-220100 0
-220000 0
-219900 0
-219800 0
-219700 0
-219600 0
-219500 0
-219400 1
-219300 0
-219200 0
-219100 0
-219000 0
-218900 0
-218800 0
-218700 0
-218600 0
-218500 0
-218400 0
-218300 0
-218200 0
-218100 0
-218000 0
-217900 0
-217800 0
-217700 0
-217600 0
-217500 0
-217400 1
-217300 0
-217200 0
-217100 0
-217000 0
-216900 0
-216800 0
-216700 0
-216600 0
-216500 0
-216400 0
-216300 0
-216200 1
-216100 1
-216000 0
-215900 0
-215800 0
-215700 0
-215600 1
-215500 0
-215400 0
-215300 0
-215200 0
-215100 0
-215000 0
-214900 0
-214800 0
-214700 0
-214600 0
-214500 1
-214400 0
-214300 4
-214200 31
-214100 69
-214000 81
-213900 21
-213800 1
-213700 0
-213600 0
-213500 0
-213400 1
-213300 0
-213200 0
-213100 0
-213000 0
-212900 0
-212800 0
-212700 0
-212600 0
-212500 0
-212400 0
-212300 1
-212200 0
-212100 0
-212000 0
-211900 0
-211800 0
-211700 0
-211600 0
-211500 0
-211400 0
-211300 0
-211200 1
-211100 0
-211000 0
-210900 0
-210800 0
-210700 0
-210600 0
-210500 0
-210400 0
-210300 0
-210200 0
-210100 0
-210000 0
-209900 0
-209800 0
-209700 0
-209600 0
-209500 0
-209400 0
-209300 1
-209200 2
-209100 1
-209000 0
-208900 0
-208800 1
-208700 0
-208600 1
-208500 0
-208400 0
-208300 1
-208200 0
-208100 0
-208000 0
-207900 1
-207800 0
-207700 1
-207600 0
-207500 1
-207400 1
-207300 1
-207200 3
-207100 0
-207000 0
-206900 0
-206800 0
-206700 0
-206600 0
-206500 0
-206400 0
-206300 0
-206200 0
-206100 0
-206000 1
-205900 0
-205800 0
-205700 0
-205600 0
-205500 0
-205400 0
-205300 0
-205200 0
-205100 0
-205000 1
-204900 1
-204800 0
-204700 0
-204600 0
-204500 1
-204400 0
-204300 0
-204200 0
-204100 0
-204000 0
-203900 0
-203800 0
-203700 0
-203600 0
-203500 1
-203400 1
-203300 0
-203200 1
-203100 1
-203000 0
-202900 0
-202800 0
-202700 0
-202600 0
-202500 0
-202400 1
-202300 1
-202200 0
-202100 0
-202000 0
-201900 0
-201800 0
-201700 0
-201600 0
-201500 1
-201400 0
-201300 0
-201200 1
-201100 14
-201000 62
-200900 65
-200800 24
-200700 1
-200600 0
-200500 0
-200400 1
-200300 0
-200200 0
-200100 0
-200000 0
-199900 0
-199800 1
-199700 0
-199600 0
-199500 0
-199400 0
-199300 0
-199200 0
-199100 0
-199000 0
-198900 0
-198800 0
-198700 0
-198600 0
-198500 0
-198400 0
-198300 1
-198200 0
-198100 0
-198000 0
-197900 0
-197800 0
-197700 1
-197600 0
-197500 0
-197400 0
-197300 0
-197200 0
-197100 0
-197000 0
-196900 2
-196800 0
-196700 0
-196600 0
-196500 1
-196400 0
-196300 0
-196200 0
-196100 1
-196000 4
-195900 1
-195800 0
-195700 1
-195600 0
-195500 0
-195400 1
-195300 0
-195200 1
-195100 0
-195000 1
-194900 0
-194800 0
-194700 0
-194600 0
-194500 0
-194400 0
-194300 0
-194200 1
-194100 0
-194000 1
-193900 0
-193800 0
-193700 0
-193600 0
-193500 0
-193400 0
-193300 1
-193200 0
-193100 1
-193000 0
-192900 0
-192800 0
-192700 0
-192600 0
-192500 0
-192400 0
-192300 0
-192200 0
-192100 0
-192000 1
-191900 0
-191800 0
-191700 0
-191600 0
-191500 1
-191400 0
-191300 0
-191200 0
-191100 0
-191000 0
-190900 0
-190800 0
-190700 0
-190600 0
-190500 0
-190400 1
-190300 0
-190200 0
-190100 0
-190000 0
-189900 1
-189800 1
-189700 1
-189600 0
-189500 1
-189400 1
-189300 0
-189200 0
-189100 0
-189000 0
-188900 0
-188800 0
-188700 0
-188600 0
-188500 0
-188400 0
-188300 0
-188200 0
-188100 0
-188000 8
-187900 37
-187800 73
-187700 50
-187600 6
-187500 0
-187400 0
-187300 0
-187200 0
-187100 1
-187000 0
-186900 0
-186800 0
-186700 0
-186600 0
-186500 0
-186400 1
-186300 0
-186200 0
-186100 0
-186000 0
-185900 0
-185800 0
-185700 0
-185600 0
-185500 1
-185400 0
-185300 2
-185200 0
-185100 0
-185000 0
-184900 0
-184800 0
-184700 1
-184600 0
-184500 0
-184400 0
-184300 0
-184200 0
-184100 1
-184000 0
-183900 0
-183800 0
-183700 0
-183600 0
-183500 0
-183400 0
-183300 1
-183200 0
-183100 1
-183000 1
-182900 1
-182800 0
-182700 0
-182600 0
-182500 0
-182400 1
-182300 2
-182200 0
-182100 1
-182000 1
-181900 0
-181800 1
-181700 0
-181600 0
-181500 0
-181400 1
-181300 0
-181200 0
-181100 0
-181000 0
-180900 0
-180800 0
-180700 0
-180600 0
-180500 0
-180400 1
-180300 0
-180200 0
-180100 1
-180000 0
-179900 0
-179800 1
-179700 0
-179600 0
-179500 0
-179400 0
-179300 1
-179200 0
-179100 0
-179000 0
-178900 0
-178800 0
-178700 0
-178600 0
-178500 0
-178400 1
-178300 0
-178200 0
-178100 0
-178000 1
-177900 0
-177800 0
-177700 0
-177600 1
-177500 0
-177400 0
-177300 1
-177200 0
-177100 0
-177000 0
-176900 0
-176800 0
-176700 0
-176600 0
-176500 0
-176400 1
-176300 0
-176200 0
-176100 1
-176000 0
-175900 0
-175800 0
-175700 0
-175600 0
-175500 0
-175400 0
-175300 0
-175200 1
-175100 0
-175000 0
-174900 3
-174800 16
-174700 76
-174600 70
-174500 15
-174400 0
-174300 0
-174200 0
-174100 0
-174000 0
-173900 0
-173800 0
-173700 0
-173600 0
-173500 0
-173400 0
-173300 0
-173200 0
-173100 2
-173000 0
-172900 0
-172800 0
-172700 0
-172600 0
-172500 1
-172400 0
-172300 0
-172200 0
-172100 0
-172000 0
-171900 0
-171800 1
-171700 0
-171600 0
-171500 0
-171400 0
-171300 0
-171200 0
-171100 1
-171000 1
-170900 0
-170800 0
-170700 0
-170600 0
-170500 0
-170400 0
-170300 0
-170200 0
-170100 0
-170000 0
-169900 2
-169800 4
-169700 2
-169600 1
-169500 1
-169400 0
-169300 0
-169200 0
-169100 0
-169000 0
-168900 0
-168800 0
-168700 1
-168600 0
-168500 0
-168400 0
-168300 0
-168200 0
-168100 1
-168000 1
-167900 0
-167800 0
-167700 0
-167600 0
-167500 0
-167400 0
-167300 0
-167200 0
-167100 1
-167000 0
-166900 1
-166800 0
-166700 0
-166600 0
-166500 0
-166400 0
-166300 0
-166200 0
-166100 0
-166000 0
-165900 1
-165800 0
-165700 0
-165600 0
-165500 0
-165400 0
-165300 0
-165200 0
-165100 0
-165000 0
-164900 0
-164800 0
-164700 0
-164600 0
-164500 0
-164400 0
-164300 0
-164200 0
-164100 0
-164000 0
-163900 1
-163800 0
-163700 0
-163600 0
-163500 0
-163400 1
-163300 0
-163200 0
-163100 0
-163000 1
-162900 0
-162800 1
-162700 2
-162600 0
-162500 0
-162400 0
-162300 0
-162200 0
-162100 0
-162000 0
-161900 0
-161800 2
-161700 7
-161600 63
-161500 78
-161400 33
-161300 4
-161200 0
-161100 0
-161000 0
-160900 0
-160800 0
-160700 0
-160600 0
-160500 0
-160400 1
-160300 0
-160200 0
-160100 1
-160000 0
-159900 0
-159800 2
-159700 0
-159600 0
-159500 0
-159400 0
-159300 1
-159200 0
-159100 0
-159000 0
-158900 0
-158800 0
-158700 0
-158600 0
-158500 0
-158400 0
-158300 0
-158200 0
-158100 0
-158000 0
-157900 0
-157800 0
-157700 0
-157600 0
-157500 0
-157400 0
-157300 0
-157200 1
-157100 0
-157000 0
-156900 0
-156800 1
-156700 1
-156600 1
-156500 2
-156400 0
-156300 0
-156200 0
-156100 0
-156000 1
-155900 0
-155800 0
-155700 0
-155600 0
-155500 0
-155400 0
-155300 0
-155200 0
-155100 0
-155000 0
-154900 0
-154800 0
-154700 0
-154600 0
-154500 0
-154400 0
-154300 2
-154200 0
-154100 0
-154000 0
-153900 0
-153800 0
-153700 1
-153600 0
-153500 0
-153400 0
-153300 0
-153200 0
-153100 0
-153000 0
-152900 2
-152800 0
-152700 0
-152600 0
-152500 0
-152400 1
-152300 0
-152200 1
-152100 0
-152000 1
-151900 0
-151800 0
-151700 0
-151600 0
-151500 2
-151400 0
-151300 0
-151200 0
-151100 0
-151000 0
-150900 0
-150800 1
-150700 1
-150600 0
-150500 1
-150400 0
-150300 0
-150200 1
-150100 0
-150000 0
-149900 0
-149800 0
-149700 0
-149600 0
-149500 1
-149400 1
-149300 0
-149200 1
-149100 0
-149000 0
-148900 0
-148800 0
-148700 0
-148600 4
-148500 36
-148400 64
-148300 36
-148200 12
-148100 1
-148000 1
-147900 0
-147800 1
-147700 0
-147600 0
-147500 1
-147400 0
-147300 0
-147200 0
-147100 0
-147000 2
-146900 0
-146800 1
-146700 0
-146600 1
-146500 1
-146400 0
-146300 0
-146200 0
-146100 0
-146000 0
-145900 0
-145800 0
-145700 0
-145600 1
-145500 0
-145400 0
-145300 0
-145200 0
-145100 0
-145000 0
-144900 0
-144800 0
-144700 1
-144600 0
-144500 0
-144400 0
-144300 0
-144200 1
-144100 1
-144000 0
-143900 0
-143800 0
-143700 0
-143600 4
-143500 3
-143400 3
-143300 0
-143200 0
-143100 0
-143000 0
-142900 0
-142800 0
-142700 0
-142600 1
-142500 0
-142400 1
-142300 0
-142200 1
-142100 1
-142000 1
-141900 1
-141800 0
-141700 0
-141600 1
-141500 0
-141400 0
-141300 0
-141200 0
-141100 1
-141000 0
-140900 0
-140800 1
-140700 0
-140600 0
-140500 0
-140400 0
-140300 0
-140200 0
-140100 0
-140000 0
-139900 1
-139800 0
-139700 0
-139600 0
-139500 0
-139400 0
-139300 0
-139200 0
-139100 1
-139000 1
-138900 0
-138800 0
-138700 0
-138600 0
-138500 0
-138400 1
-138300 0
-138200 0
-138100 1
-138000 0
-137900 0
-137800 0
-137700 0
-137600 1
-137500 0
-137400 0
-137300 0
-137200 0
-137100 1
-137000 0
-136900 0
-136800 1
-136700 0
-136600 1
-136500 0
-136400 2
-136300 0
-136200 0
-136100 0
-136000 1
-135900 0
-135800 0
-135700 0
-135600 0
-135500 2
-135400 14
-135300 61
-135200 62
-135100 15
-135000 1
-134900 1
-134800 0
-134700 1
-134600 0
-134500 1
-134400 0
-134300 1
-134200 0
-134100 0
-134000 0
-133900 0
-133800 0
-133700 1
-133600 1
-133500 0
-133400 0
-133300 0
-133200 0
-133100 0
-133000 0
-132900 0
-132800 1
-132700 1
-132600 0
-132500 0
-132400 0
-132300 1
-132200 0
-132100 0
-132000 0
-131900 0
-131800 0
-131700 0
-131600 0
-131500 0
-131400 0
-131300 0
-131200 0
-131100 0
-131000 0
-130900 0
-130800 0
-130700 0
-130600 0
-130500 1
-130400 2
-130300 1
-130200 1
-130100 1
-130000 0
-129900 0
-129800 1
-129700 0
-129600 0
-129500 0
-129400 1
-129300 0
-129200 0
-129100 0
-129000 0
-128900 0
-128800 0
-128700 0
-128600 1
-128500 2
-128400 0
-128300 2
-128200 0
-128100 0
-128000 0
-127900 0
-127800 2
-127700 1
-127600 0
-127500 0
-127400 0
-127300 0
-127200 1
-127100 0
-127000 0
-126900 0
-126800 0
-126700 0
-126600 1
-126500 0
-126400 0
-126300 1
-126200 0
-126100 0
-126000 0
-125900 0
-125800 0
-125700 0
-125600 1
-125500 0
-125400 0
-125300 0
-125200 0
-125100 0
-125000 0
-124900 0
-124800 0
-124700 0
-124600 0
-124500 0
-124400 0
-124300 1
-124200 0
-124100 0
-124000 0
-123900 0
-123800 0
-123700 0
-123600 1
-123500 0
-123400 0
-123300 0
-123200 1
-123100 0
-123000 0
-122900 0
-122800 1
-122700 0
-122600 0
-122500 0
-122400 1
-122300 6
-122200 39
-122100 64
-122000 30
-121900 3
-121800 0
-121700 2
-121600 1
-121500 0
-121400 0
-121300 0
-121200 0
-121100 0
-121000 0
-120900 0
-120800 0
-120700 1
-120600 0
-120500 0
-120400 0
-120300 0
-120200 0
-120100 1
-120000 0
-119900 0
-119800 0
-119700 0
-119600 1
-119500 0
-119400 0
-119300 0
-119200 0
-119100 0
-119000 0
-118900 0
-118800 0
-118700 0
-118600 1
-118500 0
-118400 0
-118300 0
-118200 0
-118100 0
-118000 0
-117900 0
-117800 0
-117700 0
-117600 0
-117500 1
-117400 1
-117300 3
-117200 0
-117100 2
-117000 0
-116900 0
-116800 0
-116700 0
-116600 0
-116500 0
-116400 0
-116300 0
-116200 0
-116100 0
-116000 0
-115900 2
-115800 0
-115700 0
-115600 1
-115500 0
-115400 0
-115300 1
-115200 1
-115100 0
-115000 1
-114900 0
-114800 0
-114700 0
-114600 0
-114500 1
-114400 1
-114300 0
-114200 1
-114100 0
-114000 0
-113900 0
-113800 0
-113700 0
-113600 0
-113500 0
-113400 0
-113300 0
-113200 0
-113100 0
-113000 0
-112900 0
-112800 0
-112700 0
-112600 0
-112500 0
-112400 0
-112300 0
-112200 0
-112100 0
-112000 0
-111900 0
-111800 0
-111700 0
-111600 0
-111500 0
-111400 0
-111300 0
-111200 0
-111100 0
-111000 0
-110900 0
-110800 0
-110700 0
-110600 0
-110500 1
-110400 0
-110300 0
-110200 0
-110100 1
-110000 0
-109900 1
-109800 0
-109700 1
-109600 0
-109500 0
-109400 0
-109300 1
-109200 4
-109100 33
-109000 79
-108900 52
-108800 10
-108700 0
-108600 0
-108500 0
-108400 0
-108300 0
-108200 0
-108100 0
-108000 0
-107900 0
-107800 0
-107700 0
-107600 0
-107500 1
-107400 0
-107300 1
-107200 1
-107100 0
-107000 0
-106900 1
-106800 0
-106700 0
-106600 0
-106500 0
-106400 0
-106300 0
-106200 0
-106100 0
-106000 0
-105900 0
-105800 0
-105700 0
-105600 0
-105500 1
-105400 0
-105300 0
-105200 0
-105100 0
-105000 0
-104900 0
-104800 0
-104700 3
-104600 0
-104500 0
-104400 1
-104300 0
-104200 2
-104100 0
-104000 2
-103900 0
-103800 0
-103700 0
-103600 0
-103500 0
-103400 0
-103300 0
-103200 0
-103100 0
-103000 1
-102900 0
-102800 1
-102700 0
-102600 1
-102500 0
-102400 1
-102300 1
-102200 3
-102100 1
-102000 0
-101900 1
-101800 1
-101700 0
-101600 0
-101500 0
-101400 0
-101300 0
-101200 0
-101100 0
-101000 0
-100900 0
-100800 0
-100700 0
-100600 0
-100500 0
-100400 0
-100300 0
-100200 0
-100100 0
-100000 1
-99900 1
-99800 0
-99700 0
-99600 0
-99500 0
-99400 0
-99300 0
-99200 1
-99100 0
-99000 0
-98900 0
-98800 0
-98700 0
-98600 0
-98500 0
-98400 0
-98300 0
-98200 0
-98100 0
-98000 0
-97900 0
-97800 1
-97700 0
-97600 1
-97500 0
-97400 0
-97300 1
-97200 1
-97100 0
-97000 0
-96900 0
-96800 0
-96700 1
-96600 0
-96500 0
-96400 1
-96300 2
-96200 2
-96100 1
-96000 7
-95900 68
-95800 76
-95700 25
-95600 1
-95500 1
-95400 0
-95300 0
-95200 0
-95100 0
-95000 0
-94900 0
-94800 0
-94700 0
-94600 0
-94500 0
-94400 0
-94300 0
-94200 0
-94100 0
-94000 0
-93900 0
-93800 0
-93700 1
-93600 0
-93500 0
-93400 0
-93300 0
-93200 0
-93100 0
-93000 0
-92900 0
-92800 0
-92700 0
-92600 0
-92500 1
-92400 0
-92300 0
-92200 0
-92100 1
-92000 0
-91900 0
-91800 0
-91700 0
-91600 1
-91500 0
-91400 0
-91300 0
-91200 2
-91100 0
-91000 1
-90900 1
-90800 0
-90700 1
-90600 0
-90500 1
-90400 0
-90300 0
-90200 0
-90100 1
-90000 0
-89900 0
-89800 1
-89700 0
-89600 1
-89500 1
-89400 0
-89300 1
-89200 1
-89100 0
-89000 1
-88900 1
-88800 0
-88700 1
-88600 0
-88500 0
-88400 0
-88300 0
-88200 0
-88100 0
-88000 0
-87900 0
-87800 0
-87700 0
-87600 0
-87500 0
-87400 0
-87300 0
-87200 1
-87100 0
-87000 0
-86900 0
-86800 0
-86700 0
-86600 0
-86500 1
-86400 0
-86300 0
-86200 0
-86100 0
-86000 0
-85900 0
-85800 0
-85700 0
-85600 1
-85500 0
-85400 0
-85300 0
-85200 0
-85100 0
-85000 0
-84900 0
-84800 1
-84700 0
-84600 0
-84500 0
-84400 0
-84300 0
-84200 0
-84100 0
-84000 0
-83900 1
-83800 1
-83700 0
-83600 0
-83500 0
-83400 0
-83300 0
-83200 0
-83100 0
-83000 0
-82900 6
-82800 24
-82700 74
-82600 52
-82500 9
-82400 0
-82300 1
-82200 2
-82100 0
-82000 0
-81900 1
-81800 0
-81700 0
-81600 0
-81500 0
-81400 1
-81300 1
-81200 0
-81100 0
-81000 1
-80900 0
-80800 0
-80700 0
-80600 0
-80500 0
-80400 0
-80300 0
-80200 0
-80100 0
-80000 0
-79900 0
-79800 1
-79700 0
-79600 0
-79500 0
-79400 0
-79300 0
-79200 0
-79100 0
-79000 1
-78900 0
-78800 0
-78700 0
-78600 0
-78500 0
-78400 0
-78300 0
-78200 0
-78100 1
-78000 2
-77900 3
-77800 1
-77700 3
-77600 0
-77500 0
-77400 1
-77300 0
-77200 0
-77100 0
-77000 1
-76900 0
-76800 0
-76700 0
-76600 0
-76500 0
-76400 1
-76300 0
-76200 3
-76100 0
-76000 1
-75900 1
-75800 2
-75700 0
-75600 1
-75500 0
-75400 0
-75300 0
-75200 1
-75100 0
-75000 0
-74900 0
-74800 0
-74700 0
-74600 0
-74500 0
-74400 0
-74300 1
-74200 0
-74100 0
-74000 0
-73900 0
-73800 0
-73700 0
-73600 0
-73500 0
-73400 0
-73300 1
-73200 0
-73100 0
-73000 0
-72900 1
-72800 0
-72700 0
-72600 0
-72500 1
-72400 0
-72300 0
-72200 1
-72100 1
-72000 0
-71900 0
-71800 0
-71700 0
-71600 0
-71500 0
-71400 0
-71300 0
-71200 1
-71100 0
-71000 0
-70900 0
-70800 1
-70700 0
-70600 0
-70500 1
-70400 0
-70300 1
-70200 0
-70100 0
-70000 0
-69900 1
-69800 4
-69700 30
-69600 76
-69500 44
-69400 8
-69300 1
-69200 0
-69100 0
-69000 1
-68900 0
-68800 0
-68700 0
-68600 1
-68500 1
-68400 0
-68300 0
-68200 0
-68100 0
-68000 0
-67900 0
-67800 1
-67700 0
-67600 1
-67500 0
-67400 0
-67300 0
-67200 0
-67100 0
-67000 0
-66900 0
-66800 0
-66700 0
-66600 0
-66500 0
-66400 0
-66300 1
-66200 0
-66100 0
-66000 0
-65900 0
-65800 0
-65700 0
-65600 1
-65500 0
-65400 0
-65300 0
-65200 0
-65100 0
-65000 0
-64900 0
-64800 1
-64700 3
-64600 1
-64500 0
-64400 0
-64300 0
-64200 0
-64100 0
-64000 0
-63900 0
-63800 0
-63700 0
-63600 0
-63500 1
-63400 0
-63300 1
-63200 0
-63100 1
-63000 0
-62900 0
-62800 0
-62700 2
-62600 0
-62500 0
-62400 0
-62300 0
-62200 0
-62100 0
-62000 0
-61900 0
-61800 0
-61700 0
-61600 0
-61500 0
-61400 0
-61300 0
-61200 0
-61100 0
-61000 1
-60900 0
-60800 0
-60700 0
-60600 1
-60500 0
-60400 0
-60300 0
-60200 1
-60100 0
-60000 1
-59900 0
-59800 0
-59700 0
-59600 2
-59500 1
-59400 1
-59300 0
-59200 0
-59100 0
-59000 0
-58900 0
-58800 1
-58700 0
-58600 0
-58500 0
-58400 0
-58300 0
-58200 0
-58100 0
-58000 0
-57900 0
-57800 1
-57700 0
-57600 0
-57500 0
-57400 1
-57300 0
-57200 0
-57100 1
-57000 0
-56900 0
-56800 0
-56700 1
-56600 23
-56500 70
-56400 61
-56300 12
-56200 0
-56100 0
-56000 1
-55900 0
-55800 0
-55700 0
-55600 0
-55500 0
-55400 0
-55300 0
-55200 0
-55100 1
-55000 1
-54900 1
-54800 1
-54700 0
-54600 0
-54500 0
-54400 0
-54300 0
-54200 0
-54100 1
-54000 0
-53900 0
-53800 0
-53700 0
-53600 0
-53500 0
-53400 0
-53300 0
-53200 0
-53100 0
-53000 0
-52900 0
-52800 0
-52700 0
-52600 0
-52500 0
-52400 0
-52300 0
-52200 1
-52100 0
-52000 0
-51900 1
-51800 0
-51700 0
-51600 0
-51500 1
-51400 0
-51300 0
-51200 0
-51100 0
-51000 0
-50900 0
-50800 0
-50700 0
-50600 0
-50500 0
-50400 0
-50300 1
-50200 0
-50100 1
-50000 0
-49900 0
-49800 0
-49700 0
-49600 1
-49500 0
-49400 0
-49300 0
-49200 0
-49100 0
-49000 0
-48900 0
-48800 0
-48700 0
-48600 0
-48500 0
-48400 0
-48300 0
-48200 0
-48100 1
-48000 1
-47900 0
-47800 1
-47700 0
-47600 0
-47500 0
-47400 1
-47300 1
-47200 0
-47100 0
-47000 0
-46900 0
-46800 0
-46700 1
-46600 3
-46500 0
-46400 0
-46300 0
-46200 0
-46100 0
-46000 1
-45900 0
-45800 0
-45700 0
-45600 0
-45500 1
-45400 0
-45300 0
-45200 0
-45100 0
-45000 0
-44900 0
-44800 0
-44700 0
-44600 0
-44500 1
-44400 0
-44300 0
-44200 0
-44100 0
-44000 1
-43900 1
-43800 1
-43700 0
-43600 0
-43500 2
-43400 39
-43300 78
-43200 40
-43100 5
-43000 1
-42900 0
-42800 0
-42700 0
-42600 0
-42500 0
-42400 0
-42300 0
-42200 0
-42100 0
-42000 0
-41900 0
-41800 1
-41700 0
-41600 0
-41500 0
-41400 0
-41300 1
-41200 1
-41100 0
-41000 0
-40900 0
-40800 0
-40700 0
-40600 0
-40500 0
-40400 0
-40300 0
-40200 0
-40100 0
-40000 0
-39900 0
-39800 0
-39700 0
-39600 0
-39500 2
-39400 0
-39300 1
-39200 0
-39100 0
-39000 0
-38900 0
-38800 0
-38700 0
-38600 1
-38500 1
-38400 1
-38300 1
-38200 0
-38100 0
-38000 0
-37900 0
-37800 0
-37700 0
-37600 1
-37500 1
-37400 0
-37300 0
-37200 0
-37100 0
-37000 0
-36900 3
-36800 1
-36700 0
-36600 1
-36500 0
-36400 1
-36300 0
-36200 1
-36100 0
-36000 0
-35900 0
-35800 1
-35700 1
-35600 0
-35500 0
-35400 1
-35300 0
-35200 0
-35100 0
-35000 0
-34900 0
-34800 1
-34700 0
-34600 0
-34500 0
-34400 2
-34300 0
-34200 0
-34100 0
-34000 0
-33900 0
-33800 0
-33700 0
-33600 0
-33500 0
-33400 0
-33300 0
-33200 0
-33100 0
-33000 0
-32900 0
-32800 1
-32700 0
-32600 0
-32500 0
-32400 0
-32300 0
-32200 0
-32100 0
-32000 0
-31900 0
-31800 0
-31700 0
-31600 0
-31500 0
-31400 0
-31300 0
-31200 0
-31100 0
-31000 0
-30900 0
-30800 0
-30700 0
-30600 1
-30500 0
-30400 2
-30300 23
-30200 62
-30100 69
-30000 13
-29900 2
-29800 0
-29700 0
-29600 0
-29500 0
-29400 0
-29300 0
-29200 0
-29100 0
-29000 0
-28900 0
-28800 2
-28700 0
-28600 0
-28500 0
-28400 0
-28300 0
-28200 0
-28100 0
-28000 2
-27900 0
-27800 1
-27700 0
-27600 0
-27500 0
-27400 0
-27300 1
-27200 0
-27100 0
-27000 0
-26900 0
-26800 1
-26700 1
-26600 0
-26500 0
-26400 0
-26300 0
-26200 1
-26100 0
-26000 0
-25900 0
-25800 0
-25700 0
-25600 2
-25500 0
-25400 1
-25300 1
-25200 1
-25100 1
-25000 0
-24900 0
-24800 0
-24700 0
-24600 0
-24500 0
-24400 0
-24300 0
-24200 0
-24100 0
-24000 0
-23900 2
-23800 2
-23700 0
-23600 0
-23500 0
-23400 0
-23300 1
-23200 0
-23100 0
-23000 1
-22900 1
-22800 0
-22700 0
-22600 0
-22500 0
-22400 0
-22300 0
-22200 0
-22100 1
-22000 0
-21900 0
-21800 0
-21700 0
-21600 0
-21500 0
-21400 1
-21300 0
-21200 0
-21100 0
-21000 0
-20900 0
-20800 1
-20700 1
-20600 0
-20500 0
-20400 0
-20300 0
-20200 0
-20100 0
-20000 0
-19900 0
-19800 0
-19700 1
-19600 0
-19500 0
-19400 1
-19300 0
-19200 0
-19100 1
-19000 0
-18900 0
-18800 0
-18700 0
-18600 0
-18500 0
-18400 1
-18300 0
-18200 0
-18100 0
-18000 0
-17900 0
-17800 0
-17700 0
-17600 1
-17500 0
-17400 1
-17300 1
-17200 21
-17100 65
-17000 49
-16900 9
-16800 0
-16700 0
-16600 0
-16500 0
-16400 0
-16300 0
-16200 0
-16100 0
-16000 0
-15900 0
-15800 0
-15700 0
-15600 0
-15500 1
-15400 0
-15300 0
-15200 0
-15100 1
-15000 0
-14900 0
-14800 0
-14700 0
-14600 0
-14500 0
-14400 0
-14300 0
-14200 2
-14100 0
-14000 0
-13900 0
-13800 0
-13700 1
-13600 0
-13500 0
-13400 1
-13300 0
-13200 0
-13100 0
-13000 0
-12900 0
-12800 0
-12700 0
-12600 0
-12500 0
-12400 1
-12300 5
-12200 1
-12100 1
-12000 0
-11900 0
-11800 0
-11700 0
-11600 0
-11500 0
-11400 0
-11300 0
-11200 0
-11100 0
-11000 0
-10900 0
-10800 0
-10700 1
-10600 1
-10500 0
-10400 0
-10300 1
-10200 0
-10100 1
-10000 0
-9900 2
-9800 0
-9700 0
-9600 0
-9500 0
-9400 0
-9300 1
-9200 0
-9100 1
-9000 0
-8900 0
-8800 0
-8700 0
-8600 1
-8500 0
-8400 0
-8300 0
-8200 0
-8100 0
-8000 0
-7900 0
-7800 0
-7700 0
-7600 0
-7500 0
-7400 0
-7300 0
-7200 0
-7100 0
-7000 0
-6900 0
-6800 0
-6700 1
-6600 0
-6500 0
-6400 1
-6300 0
-6200 1
-6100 0
-6000 0
-5900 0
-5800 0
-5700 1
-5600 0
-5500 0
-5400 1
-5300 0
-5200 0
-5100 0
-5000 0
-4900 1
-4800 0
-4700 1
-4600 0
-4500 0
-4400 0
-4300 1
-4200 0
-4100 6
-4000 38
-3900 74
-3800 40
-3700 6
-3600 0
-3500 0
-3400 1
-3300 0
-3200 1
-3100 0
-3000 0
-2900 0
-2800 0
-2700 0
-2600 0
-2500 0
-2400 0
-2300 0
-2200 0
-2100 0
-2000 1
-1900 0
-1800 0
-1700 0
-1600 0
-1500 0
-1400 0
-1300 0
-1200 0
-1100 1
-1000 0
-900 1
-800 1
-700 0
-600 0
-500 0
-400 0
-300 0
-200 0
-100 0
0 0
100 1
200 0
300 0
400 0
500 0
600 0
700 0
800 1
900 3
1000 1
1100 1
1200 0
1300 0
1400 0
1500 0
1600 0
1700 0
1800 0
1900 1
2000 0
2100 1
2200 0
2300 0
2400 0
2500 1
2600 0
2700 0
2800 0
2900 0
3000 2
3100 2
3200 1
3300 2
3400 0
3500 0
3600 0
3700 0
3800 0
3900 1
4000 0
4100 0
4200 0
4300 0
4400 0
4500 0
4600 0
4700 1
4800 0
4900 0
5000 0
5100 0
5200 0
5300 1
5400 0
5500 0
5600 0
5700 0
5800 0
5900 0
6000 0
6100 0
6200 0
6300 1
6400 0
6500 0
6600 1
6700 0
6800 0
6900 0
7000 0
7100 1
7200 0
7300 0
7400 0
7500 0
7600 1
7700 0
7800 2
7900 0
8000 0
8100 0
8200 1
8300 1
8400 0
8500 0
8600 0
8700 0
8800 0
8900 0
9000 2
9100 31
9200 116
9300 121
9400 43
9500 0
9600 1
9700 0
9800 0
9900 0
10000 0
10100 0
10200 0
10300 0
10400 0
10500 2
10600 0
10700 0
10800 0
10900 0
11000 0
11100 0
11200 0
11300 0
11400 1
11500 0
11600 0
11700 0
11800 0
11900 0
12000 0
12100 1
12200 0
12300 1
12400 0
12500 2
12600 0
12700 0
12800 1
12900 0
13000 0
13100 0
13200 0
13300 0
13400 1
13500 0
13600 0
13700 1
13800 0
13900 0
14000 1
14100 0
14200 4
14300 1
14400 0
14500 0
14600 1
14700 0
14800 0
14900 1
15000 0
15100 0
15200 0
15300 1
15400 0
15500 0
15600 1
15700 0
15800 1
15900 0
16000 0
16100 1
16200 0
16300 0
16400 0
16500 0
16600 0
16700 0
16800 0
16900 0
17000 0
17100 0
17200 0
17300 1
17400 0
17500 1
17600 0
17700 1
17800 0
17900 0
18000 0
18100 0
18200 1
18300 2
18400 0
18500 0
18600 0
18700 0
18800 0
18900 0
19000 0
19100 0
19200 0
19300 0
19400 0
19500 0
19600 0
19700 0
19800 1
19900 0
20000 0
20100 1
20200 0
20300 1
20400 0
20500 0
20600 0
20700 0
20800 0
20900 0
21000 0
21100 0
21200 0
21300 0
21400 0
21500 0
21600 0
21700 0
21800 0
21900 0
22000 0
22100 0
22200 4
22300 41
22400 79
22500 43
22600 5
22700 0
22800 0
22900 0
23000 2
23100 0
23200 0
23300 0
23400 0
23500 1
23600 0
23700 0
23800 0
23900 0
24000 1
24100 1
24200 0
24300 0
24400 0
24500 3
24600 0
24700 0
24800 0
24900 0
25000 1
25100 0
25200 0
25300 0
25400 0
25500 0
25600 0
25700 0
25800 0
25900 0
26000 0
26100 0
26200 0
26300 0
26400 0
26500 0
26600 0
26700 0
26800 0
26900 0
27000 0
27100 0
27200 2
27300 6
27400 0
27500 0
27600 0
27700 0
27800 0
27900 0
28000 0
28100 0
28200 0
28300 1
28400 0
28500 0
28600 0
28700 2
28800 0
28900 0
29000 0
29100 1
29200 1
29300 2
29400 0
29500 0
29600 0
29700 0
29800 0
29900 0
30000 0
30100 0
30200 0
30300 0
30400 0
30500 0
30600 0
30700 0
30800 0
30900 0
31000 0
31100 1
31200 0
31300 0
31400 0
31500 0
31600 0
31700 0
31800 0
31900 1
32000 0
32100 0
32200 1
32300 1
32400 0
32500 0
32600 0
32700 0
32800 0
32900 0
33000 0
33100 1
33200 0
33300 0
33400 0
33500 0
33600 0
33700 1
33800 0
33900 1
34000 0
34100 0
34200 0
34300 0
34400 0
34500 0
34600 1
34700 0
34800 0
34900 0
35000 0
35100 0
35200 0
35300 8
35400 48
35500 88
35600 33
35700 3
35800 1
35900 0
36000 0
36100 0
36200 0
36300 0
36400 0
36500 0
36600 0
36700 0
36800 0
36900 0
37000 0
37100 1
37200 0
37300 0
37400 1
37500 1
37600 1
37700 0
37800 1
37900 0
38000 1
38100 0
38200 1
38300 0
38400 0
38500 0
38600 0
38700 0
38800 1
38900 0
39000 0
39100 0
39200 0
39300 0
39400 0
39500 1
39600 2
39700 0
39800 0
39900 0
40000 0
40100 0
40200 0
40300 1
40400 2
40500 0
40600 0
40700 1
40800 0
40900 1
41000 1
41100 0
41200 0
41300 2
41400 0
41500 0
41600 0
41700 0
41800 1
41900 1
42000 0
42100 2
42200 1
42300 0
42400 0
42500 0
42600 1
42700 1
42800 2
42900 0
43000 0
43100 0
43200 0
43300 0
43400 0
43500 0
43600 0
43700 0
43800 0
43900 0
44000 0
44100 0
44200 0
44300 0
44400 0
44500 0
44600 0
44700 1
44800 0
44900 0
45000 0
45100 0
45200 0
45300 1
45400 0
45500 0
45600 0
45700 0
45800 0
45900 1
46000 0
46100 0
46200 0
46300 0
46400 0
46500 0
46600 0
46700 0
46800 1
46900 0
47000 0
47100 0
47200 0
47300 0
47400 0
47500 0
47600 0
47700 0
47800 0
47900 0
48000 0
48100 1
48200 0
48300 1
48400 1
48500 25
48600 70
48700 67
48800 15
48900 1
49000 0
49100 0
49200 0
49300 0
49400 0
49500 0
49600 0
49700 0
49800 0
49900 0
50000 0
50100 0
50200 0
50300 0
50400 1
50500 0
50600 0
50700 0
50800 0
50900 0
51000 0
51100 0
51200 0
51300 0
51400 0
51500 0
51600 0
51700 0
51800 0
51900 0
52000 0
52100 0
52200 0
52300 0
52400 1
52500 0
52600 0
52700 1
52800 0
52900 2
53000 0
53100 0
53200 0
53300 1
53400 2
53500 1
53600 4
53700 2
53800 1
53900 0
54000 0
54100 0
54200 0
54300 0
54400 0
54500 1
54600 0
54700 1
54800 1
54900 0
55000 2
55100 0
55200 1
55300 0
55400 0
55500 0
55600 1
55700 0
55800 0
55900 0
56000 0
56100 0
56200 0
56300 1
56400 0
56500 0
56600 0
56700 0
56800 0
56900 0
57000 0
57100 0
57200 0
57300 0
57400 0
57500 0
57600 0
57700 0
57800 1
57900 1
58000 0
58100 0
58200 0
58300 0
58400 0
58500 0
58600 0
58700 0
58800 0
58900 0
59000 0
59100 0
59200 1
59300 1
59400 0
59500 0
59600 1
59700 0
59800 0
59900 0
60000 0
60100 0
60200 0
60300 0
60400 0
60500 0
60600 0
60700 0
60800 0
60900 1
61000 0
61100 0
61200 0
61300 0
61400 0
61500 3
61600 6
61700 49
61800 84
61900 44
62000 2
62100 0
62200 0
62300 0
62400 0
62500 0
62600 1
62700 0
62800 0
62900 0
63000 0
63100 0
63200 0
63300 0
63400 0
63500 0
63600 0
63700 0
63800 0
63900 0
64000 0
64100 0
64200 0
64300 0
64400 0
64500 1
64600 0
64700 1
64800 0
64900 0
65000 0
65100 1
65200 1
65300 0
65400 1
65500 2
65600 1
65700 0
65800 1
65900 0
66000 0
66100 0
66200 0
66300 1
66400 0
66500 0
66600 1
66700 1
66800 0
66900 0
67000 0
67100 0
67200 1
67300 1
67400 1
67500 0
67600 0
67700 0
67800 0
67900 0
68000 0
68100 1
68200 0
68300 0
68400 1
68500 0
68600 0
68700 0
68800 0
68900 0
69000 0
69100 0
69200 0
69300 0
69400 2
69500 0
69600 0
69700 0
69800 0
69900 0
70000 0
70100 0
70200 0
70300 1
70400 0
70500 0
70600 0
70700 0
70800 0
70900 0
71000 1
71100 0
71200 0
71300 0
71400 0
71500 0
71600 0
71700 0
71800 0
71900 0
72000 0
72100 0
72200 0
72300 0
72400 0
72500 0
72600 0
72700 1
72800 0
72900 1
73000 1
73100 1
73200 0
73300 1
73400 0
73500 0
73600 1
73700 0
73800 0
73900 2
74000 1
74100 0
74200 0
74300 0
74400 0
74500 0
74600 0
74700 2
74800 42
74900 75
75000 43
75100 6
75200 0
75300 0
75400 2
75500 0
75600 0
75700 0
75800 0
75900 0
76000 0
76100 0
76200 0
76300 1
76400 0
76500 0
76600 0
76700 0
76800 0
76900 0
77000 0
77100 0
77200 0
77300 0
77400 1
77500 0
77600 0
77700 0
77800 0
77900 0
78000 0
78100 0
78200 0
78300 0
78400 0
78500 0
78600 0
78700 0
78800 0
78900 0
79000 0
79100 0
79200 0
79300 0
79400 0
79500 2
79600 0
79700 1
79800 4
79900 2
80000 0
80100 1
80200 1
80300 1
80400 0
80500 1
80600 0
80700 0
80800 1
80900 0
81000 1
81100 1
81200 0
81300 0
81400 0
81500 0
81600 0
81700 1
81800 3
81900 0
82000 0
82100 1
82200 1
82300 1
82400 0
82500 0
82600 0
82700 1
82800 1
82900 0
83000 0
83100 1
83200 0
83300 1
83400 1
83500 0
83600 0
83700 0
83800 0
83900 0
84000 1
84100 0
84200 0
84300 0
84400 0
84500 0
84600 0
84700 0
84800 0
84900 0
85000 0
85100 1
85200 1
85300 1
85400 0
85500 0
85600 0
85700 0
85800 0
85900 0
86000 0
86100 1
86200 0
86300 0
86400 0
86500 1
86600 1
86700 0
86800 0
86900 0
87000 0
87100 0
87200 0
87300 1
87400 0
87500 0
87600 1
87700 0
87800 4
87900 29
88000 63
88100 60
88200 9
88300 1
88400 0
88500 0
88600 0
88700 1
88800 0
88900 0
89000 0
89100 1
89200 1
89300 0
89400 0
89500 0
89600 0
89700 1
89800 0
89900 0
90000 0
90100 0
90200 0
90300 0
90400 0
90500 0
90600 1
90700 0
90800 0
90900 0
91000 0
91100 0
91200 0
91300 0
91400 0
91500 0
91600 0
91700 1
91800 0
91900 1
92000 0
92100 0
92200 1
92300 0
92400 0
92500 0
92600 0
92700 0
92800 1
92900 3
93000 0
93100 0
93200 0
93300 0
93400 0
93500 0
93600 0
93700 0
93800 0
93900 0
94000 1
94100 1
94200 0
94300 1
94400 0
94500 0
94600 0
94700 0
94800 1
94900 0
95000 0
95100 0
95200 0
95300 0
95400 0
95500 0
95600 0
95700 0
95800 0
95900 0
96000 0
96100 0
96200 0
96300 2
96400 0
96500 2
96600 0
96700 0
96800 1
96900 0
97000 0
97100 1
97200 0
97300 0
97400 0
97500 0
97600 0
97700 0
97800 0
97900 0
98000 0
98100 0
98200 0
98300 0
98400 0
98500 0
98600 0
98700 0
98800 0
98900 0
99000 0
99100 0
99200 1
99300 0
99400 0
99500 0
99600 0
99700 0
99800 1
99900 0
100000 0
100100 0
100200 0
100300 0
100400 0
100500 0
100600 0
100700 0
100800 0
100900 0
101000 6
101100 51
101200 77
101300 38
101400 3
101500 0
101600 1
101700 0
101800 0
101900 1
102000 0
102100 0
102200 1
102300 0
102400 0
102500 0
102600 0
102700 0
102800 0
102900 1
103000 1
103100 1
103200 0
103300 0
103400 1
103500 0
103600 1
103700 0
103800 0
103900 0
104000 0
104100 0
104200 0
104300 1
104400 1
104500 0
104600 0
104700 1
104800 0
104900 0
105000 0
105100 0
105200 0
105300 0
105400 0
105500 0
105600 0
105700 1
105800 0
105900 0
106000 3
106100 2
106200 0
106300 1
106400 0
106500 0
106600 0
106700 0
106800 0
106900 0
107000 0
107100 0
107200 0
107300 0
107400 0
107500 1
107600 0
107700 0
107800 0
107900 1
108000 1
108100 0
108200 0
108300 0
108400 0
108500 0
108600 1
108700 0
108800 1
108900 1
109000 0
109100 0
109200 1
109300 1
109400 0
109500 0
109600 0
109700 1
109800 0
109900 1
110000 0
110100 0
110200 0
110300 0
110400 0
110500 0
110600 0
110700 0
110800 0
110900 0
111000 0
111100 0
111200 0
111300 0
111400 0
111500 1
111600 1
111700 0
111800 1
111900 0
112000 1
112100 0
112200 0
112300 0
112400 0
112500 0
112600 0
112700 0
112800 1
112900 0
113000 1
113100 1
113200 0
113300 0
113400 1
113500 1
113600 0
113700 0
113800 0
113900 1
114000 1
114100 1
114200 32
114300 72
114400 47
114500 8
114600 0
114700 1
114800 0
114900 0
115000 0
115100 0
115200 1
115300 0
115400 0
115500 0
115600 0
115700 0
115800 1
115900 0
116000 0
116100 0
116200 1
116300 0
116400 0
116500 0
116600 1
116700 0
116800 1
116900 0
117000 0
117100 0
117200 0
117300 0
117400 0
117500 0
117600 0
117700 0
117800 0
117900 0
118000 0
118100 0
118200 0
118300 0
118400 0
118500 1
118600 0
118700 0
118800 0
118900 1
119000 0
119100 0
119200 1
119300 0
119400 0
119500 0
119600 0
119700 0
119800 0
119900 0
120000 1
120100 0
120200 0
120300 0
120400 0
120500 1
120600 0
120700 0
120800 0
120900 0
121000 0
121100 0
121200 1
121300 1
121400 0
121500 0
121600 0
121700 0
121800 0
121900 1
122000 0
122100 1
122200 0
122300 0
122400 1
122500 0
122600 0
122700 0
122800 0
122900 0
123000 1
123100 0
123200 0
123300 0
123400 0
123500 0
123600 0
123700 0
123800 0
123900 0
124000 0
124100 1
124200 0
124300 0
124400 0
124500 0
124600 0
124700 0
124800 0
124900 0
125000 1
125100 0
125200 0
125300 0
125400 0
125500 1
125600 0
125700 0
125800 0
125900 0
126000 0
126100 0
126200 0
126300 0
126400 0
126500 0
126600 1
126700 0
126800 0
126900 0
127000 0
127100 0
127200 2
127300 15
127400 56
127500 66
127600 25
127700 2
127800 0
127900 1
128000 0
128100 0
128200 0
128300 0
128400 1
128500 0
128600 0
128700 0
128800 0
128900 0
129000 0
129100 0
129200 1
129300 0
129400 0
129500 0
129600 0
129700 0
129800 0
129900 0
130000 0
130100 0
130200 0
130300 0
130400 0
130500 0
130600 0
130700 0
130800 0
130900 0
131000 0
131100 0
131200 0
131300 0
131400 0
131500 0
131600 0
131700 0
131800 0
131900 1
132000 0
132100 0
132200 1
132300 1
132400 1
132500 0
132600 0
132700 0
132800 0
132900 0
133000 0
133100 0
133200 0
133300 3
133400 0
133500 1
133600 0
133700 0
133800 0
133900 0
134000 0
134100 0
134200 1
134300 1
134400 1
134500 1
134600 0
134700 0
134800 0
134900 0
135000 0
135100 0
135200 0
135300 0
135400 0
135500 0
135600 0
135700 0
135800 0
135900 0
136000 0
136100 0
136200 0
136300 0
136400 0
136500 0
136600 0
136700 0
136800 0
136900 0
137000 0
137100 0
137200 0
137300 0
137400 0
137500 0
137600 0
137700 0
137800 0
137900 1
138000 0
138100 0
138200 0
138300 0
138400 0
138500 0
138600 1
138700 0
138800 0
138900 0
139000 1
139100 0
139200 0
139300 0
139400 0
139500 0
139600 0
139700 0
139800 0
139900 0
140000 1
140100 0
140200 0
140300 0
140400 15
140500 54
140600 76
140700 35
140800 3
140900 0
141000 0
141100 0
141200 0
141300 0
141400 0
141500 0
141600 0
141700 0
141800 0
141900 0
142000 0
142100 1
142200 0
142300 0
142400 0
142500 0
142600 0
142700 0
142800 0
142900 1
143000 0
143100 0
143200 0
143300 0
143400 1
143500 1
143600 0
143700 1
143800 1
143900 0
144000 0
144100 0
144200 0
144300 0
144400 0
144500 0
144600 0
144700 1
144800 1
144900 0
145000 0
145100 0
145200 0
145300 1
145400 1
145500 2
145600 0
145700 2
145800 0
145900 0
146000 0
146100 0
146200 0
146300 0
146400 0
146500 0
146600 0
146700 1
146800 0
146900 0
147000 0
147100 0
147200 0
147300 0
147400 3
147500 0
147600 1
147700 0
147800 1
147900 0
148000 0
148100 0
148200 0
148300 0
148400 0
148500 0
148600 0
148700 0
148800 0
148900 0
149000 0
149100 1
149200 0
149300 0
149400 0
149500 0
149600 0
149700 0
149800 0
149900 0
150000 1
150100 0
150200 0
150300 0
150400 1
150500 0
150600 0
150700 0
150800 0
150900 0
151000 0
151100 0
151200 0
151300 0
151400 0
151500 0
151600 0
151700 1
151800 0
151900 0
152000 1
152100 1
152200 0
152300 0
152400 0
152500 0
152600 1
152700 1
152800 1
152900 0
153000 0
153100 0
153200 0
153300 0
153400 0
153500 3
153600 24
153700 70
153800 50
153900 8
154000 0
154100 0
154200 0
154300 0
154400 0
154500 0
154600 1
154700 0
154800 0
154900 0
155000 1
155100 0
155200 0
155300 0
155400 3
155500 0
155600 0
155700 0
155800 0
155900 0
156000 0
156100 0
156200 1
156300 1
156400 0
156500 1
156600 0
156700 0
156800 0
156900 0
157000 0
157100 0
157200 0
157300 0
157400 0
157500 0
157600 0
157700 0
157800 0
157900 0
158000 0
158100 0
158200 0
158300 0
158400 0
158500 2
158600 0
158700 3
158800 0
158900 0
159000 0
159100 1
159200 0
159300 0
159400 0
159500 0
159600 0
159700 0
159800 0
159900 0
160000 1
160100 0
160200 0
160300 0
160400 0
160500 0
160600 1
160700 1
160800 1
160900 1
161000 0
161100 0
161200 0
161300 0
161400 0
161500 0
161600 0
161700 1
161800 0
161900 0
162000 0
162100 0
162200 0
162300 0
162400 0
162500 0
162600 0
162700 0
162800 0
162900 0
163000 0
163100 0
163200 0
163300 0
163400 0
163500 0
163600 1
163700 0
163800 0
163900 0
164000 0
164100 0
164200 0
164300 0
164400 0
164500 0
164600 0
164700 0
164800 0
164900 0
165000 0
165100 0
165200 0
165300 0
165400 0
165500 0
165600 0
165700 0
165800 0
165900 0
166000 0
166100 0
166200 0
166300 0
166400 1
166500 0
166600 3
166700 27
166800 60
166900 56
167000 24
167100 3
167200 0
167300 0
167400 0
167500 0
167600 2
167700 1
167800 0
167900 0
168000 0
168100 0
168200 0
168300 0
168400 0
168500 0
168600 0
168700 0
168800 1
168900 0
169000 1
169100 0
169200 0
169300 0
169400 0
169500 1
169600 1
169700 0
169800 0
169900 0
170000 0
170100 2
170200 0
170300 0
170400 0
170500 0
170600 1
170700 0
170800 0
170900 0
171000 0
171100 1
171200 1
171300 0
171400 0
171500 0
171600 2
171700 7
171800 3
171900 2
172000 0
172100 1
172200 0
172300 0
172400 0
172500 1
172600 0
172700 0
172800 0
172900 0
173000 0
173100 2
173200 2
173300 0
173400 0
173500 1
173600 1
173700 1
173800 0
173900 0
174000 0
174100 0
174200 1
174300 0
174400 0
174500 0
174600 0
174700 0
174800 0
174900 0
175000 0
175100 0
175200 0
175300 0
175400 0
175500 0
175600 0
175700 1
175800 0
175900 1
176000 0
176100 0
176200 0
176300 0
176400 1
176500 0
176600 0
176700 0
176800 0
176900 1
177000 1
177100 0
177200 0
177300 0
177400 2
177500 0
177600 0
177700 0
177800 1
177900 0
178000 0
178100 0
178200 1
178300 0
178400 0
178500 0
178600 0
178700 1
178800 0
178900 1
179000 0
179100 0
179200 0
179300 0
179400 1
179500 0
179600 0
179700 0
179800 6
179900 52
180000 77
180100 46
180200 1
180300 0
180400 0
180500 1
180600 0
180700 0
180800 0
180900 0
181000 1
181100 0
181200 0
181300 0
181400 0
181500 0
181600 0
181700 0
181800 0
181900 1
182000 0
182100 0
182200 1
182300 1
182400 0
182500 1
182600 1
182700 1
182800 0
182900 0
183000 0
183100 0
183200 0
183300 1
183400 0
183500 0
183600 0
183700 0
183800 0
183900 1
184000 1
184100 0
184200 0
184300 0
184400 0
184500 0
184600 0
184700 1
184800 4
184900 3
185000 1
185100 0
185200 0
185300 0
185400 0
185500 0
185600 0
185700 0
185800 0
185900 0
186000 1
186100 0
186200 0
186300 0
186400 3
186500 0
186600 0
186700 1
186800 1
186900 1
187000 1
187100 0
187200 0
187300 0
187400 0
187500 0
187600 0
187700 0
187800 0
187900 0
188000 0
188100 0
188200 0
188300 0
188400 0
188500 0
188600 0
188700 0
188800 0
188900 0
189000 0
189100 0
189200 1
189300 0
189400 0
189500 1
189600 0
189700 0
189800 0
189900 0
190000 0
190100 1
190200 0
190300 0
190400 0
190500 0
190600 0
190700 0
190800 2
190900 0
191000 0
191100 0
191200 0
191300 1
191400 1
191500 0
191600 1
191700 0
191800 0
191900 0
192000 0
192100 0
192200 0
192300 0
192400 0
192500 0
192600 0
192700 0
192800 0
192900 1
193000 22
193100 51
193200 54
193300 13
193400 0
193500 0
193600 0
193700 0
193800 1
193900 0
194000 0
194100 0
194200 0
194300 0
194400 0
194500 0
194600 0
194700 1
194800 0
194900 0
195000 0
195100 0
195200 0
195300 0
195400 0
195500 0
195600 0
195700 0
195800 0
195900 1
196000 0
196100 0
196200 0
196300 0
196400 0
196500 0
196600 0
196700 0
196800 0
196900 0
197000 0
197100 0
197200 0
197300 0
197400 0
197500 0
197600 0
197700 0
197800 0
197900 0
198000 1
198100 1
198200 0
198300 0
198400 0
198500 0
198600 0
198700 0
198800 1
198900 0
199000 0
199100 0
199200 0
199300 0
199400 0
199500 0
199600 0
199700 0
199800 0
199900 0
200000 0
200100 0
200200 0
200300 0
200400 1
200500 0
200600 0
200700 0
200800 0
200900 0
201000 0
201100 0
201200 0
201300 0
201400 0
201500 0
201600 0
201700 0
201800 0
201900 0
202000 0
202100 0
202200 2
202300 1
202400 0
202500 1
202600 0
202700 0
202800 0
202900 0
203000 0
203100 0
203200 1
203300 1
203400 0
203500 0
203600 0
203700 1
203800 0
203900 0
204000 0
204100 1
204200 0
204300 0
204400 1
204500 0
204600 0
204700 0
204800 0
204900 0
205000 0
205100 0
205200 0
205300 0
205400 0
205500 0
205600 0
205700 0
205800 0
205900 0
206000 1
206100 16
206200 52
206300 65
206400 27
206500 3
206600 0
206700 0
206800 0
206900 0
207000 0
207100 0
207200 0
207300 0
207400 0
207500 0
207600 0
207700 0
207800 0
207900 0
208000 0
208100 0
208200 0
208300 0
208400 0
208500 0
208600 0
208700 0
208800 1
208900 1
209000 0
209100 1
209200 0
209300 0
209400 0
209500 3
209600 0
209700 1
209800 0
209900 0
210000 0
210100 0
210200 0
210300 1
210400 0
210500 0
210600 0
210700 0
210800 0
210900 0
211000 0
211100 3
211200 5
211300 2
211400 0
211500 1
211600 0
211700 0
211800 0
211900 1
212000 0
212100 0
212200 0
212300 0
212400 1
212500 0
212600 2
212700 0
212800 1
212900 0
213000 0
213100 2
213200 0
213300 0
213400 1
213500 0
213600 0
213700 1
213800 0
213900 0
214000 0
214100 1
214200 0
214300 0
214400 0
214500 0
214600 0
214700 0
214800 0
214900 0
215000 2
215100 0
215200 0
215300 0
215400 1
215500 0
215600 0
215700 0
215800 0
215900 0
216000 0
216100 1
216200 0
216300 1
216400 0
216500 0
216600 0
216700 0
216800 0
216900 0
217000 0
217100 0
217200 0
217300 0
217400 0
217500 0
217600 0
217700 0
217800 0
217900 1
218000 0
218100 0
218200 0
218300 0
218400 0
218500 0
218600 0
218700 0
218800 0
218900 0
219000 0
219100 0
219200 12
219300 48
219400 81
219500 43
219600 9
219700 0
219800 1
219900 0
220000 0
220100 1
220200 0
220300 0
220400 1
220500 0
220600 0
220700 0
220800 0
220900 1
221000 0
221100 0
221200 1
221300 0
221400 1
221500 0
221600 0
221700 0
221800 0
221900 0
222000 0
222100 0
222200 0
222300 0
222400 0
222500 0
222600 0
222700 1
222800 0
222900 0
223000 0
223100 1
223200 0
223300 0
223400 0
223500 0
223600 0
223700 0
223800 0
223900 1
224000 0
224100 0
224200 0
224300 4
224400 4
224500 0
224600 0
224700 0
224800 0
224900 0
225000 0
225100 1
225200 0
225300 0
225400 1
225500 2
225600 0
225700 0
225800 0
225900 1
226000 0
226100 0
226200 2
226300 1
226400 0
226500 0
226600 0
226700 0
226800 0
226900 0
227000 0
227100 0
227200 0
227300 1
227400 0
227500 0
227600 1
227700 0
227800 0
227900 1
228000 1
228100 0
228200 0
228300 0
228400 0
228500 1
228600 0
228700 0
228800 0
228900 0
229000 0
229100 0
229200 0
229300 0
229400 0
229500 0
229600 0
229700 0
229800 0
229900 0
230000 0
230100 1
230200 0
230300 1
230400 0
230500 0
230600 0
230700 1
230800 0
230900 0
231000 0
231100 0
231200 0
231300 0
231400 0
231500 0
231600 0
231700 0
231800 1
231900 0
232000 0
232100 0
232200 0
232300 4
232400 16
232500 77
232600 52
232700 10
232800 3
232900 1
233000 0
233100 1
233200 0
233300 0
233400 0
233500 0
233600 1
233700 2
233800 0
233900 0
234000 0
234100 0
234200 0
234300 0
234400 0
234500 0
234600 0
234700 0
234800 0
234900 0
235000 1
235100 0
235200 0
235300 0
235400 0
235500 1
235600 0
235700 0
235800 1
235900 0
236000 0
236100 0
236200 0
236300 0
236400 0
236500 0
236600 0
236700 0
236800 0
236900 0
237000 0
237100 0
237200 0
237300 0
237400 1
237500 1
237600 0
237700 0
237800 0
237900 0
238000 0
238100 0
238200 0
238300 0
238400 2
238500 0
238600 1
238700 0
238800 1
238900 0
239000 2
239100 1
239200 0
239300 0
239400 0
239500 1
239600 0
239700 2
239800 0
239900 0
240000 0
240100 1
240200 0
240300 0
240400 0
240500 0
240600 0
240700 1
240800 0
240900 0
241000 0
241100 0
241200 0
241300 0
241400 1
241500 1
241600 0
241700 0
241800 0
241900 1
242000 0
242100 0
242200 0
242300 1
242400 1
242500 1
242600 0
242700 1
242800 1
242900 0
243000 0
243100 0
243200 0
243300 0
243400 0
243500 0
243600 0
243700 1
243800 0
243900 0
244000 0
244100 0
244200 0
244300 0
244400 0
244500 0
244600 0
244700 0
244800 0
244900 0
245000 0
245100 0
245200 0
245300 1
245400 3
245500 12
245600 54
245700 66
245800 28
245900 5
246000 0
246100 0
246200 0
246300 0
246400 0
246500 0
246600 0
246700 0
246800 0
246900 0
247000 1
247100 1
247200 1
247300 2
247400 1
247500 0
247600 1
247700 0
247800 0
247900 0
248000 1
248100 0
248200 0
248300 0
248400 0
248500 0
248600 0
248700 0
248800 1
248900 0
249000 0
249100 0
249200 0
249300 0
249400 0
249500 0
249600 0
249700 0
249800 0
249900 2
250000 0
250100 0
250200 0
250300 0
250400 0
250500 0
250600 1
250700 1
250800 1
250900 0
251000 1
251100 0
251200 0
251300 0
251400 0
251500 0
251600 0
251700 0
251800 0
251900 0
252000 0
252100 0
252200 0
252300 0
252400 0
252500 0
252600 1
252700 0
252800 1
252900 0
253000 0
253100 0
253200 0
253300 0
253400 0
253500 0
253600 0
253700 0
253800 0
253900 0
254000 0
254100 0
254200 0
254300 2
254400 0
254500 0
254600 0
254700 1
254800 0
254900 0
255000 0
255100 1
255200 2
255300 0
255400 1
255500 0
255600 0
255700 0
255800 0
255900 0
256000 0
256100 0
256200 0
256300 0
256400 0
256500 0
256600 0
256700 0
256800 0
256900 0
257000 0
257100 1
257200 1
257300 0
257400 0
257500 1
257600 0
257700 0
257800 0
257900 1
258000 0
258100 0
258200 0
258300 0
258400 0
258500 0
258600 2
258700 42
258800 73
258900 27
259000 3
259100 2
259200 0
259300 0
259400 0
259500 0
259600 0
259700 0
259800 0
259900 0
260000 0
260100 0
260200 0
260300 0
260400 0
260500 0
260600 0
260700 1
260800 0
260900 0
261000 0
261100 0
261200 1
261300 0
261400 1
261500 0
261600 0
261700 0
261800 0
261900 0
262000 0
262100 0
262200 0
262300 1
262400 0
262500 0
262600 0
262700 0
262800 1
262900 0
263000 0
263100 0
263200 0
263300 0
263400 0
263500 0
263600 1
263700 3
263800 0
263900 0
264000 0
264100 0
264200 0
264300 1
264400 0
264500 1
264600 0
264700 0
264800 0
264900 0
265000 0
265100 1
265200 0
265300 0
265400 1
265500 0
265600 0
265700 0
265800 1
265900 0
266000 0
266100 0
266200 0
266300 1
266400 0
266500 0
266600 2
266700 1
266800 0
266900 1
267000 0
267100 0
267200 0
267300 0
267400 0
267500 0
267600 0
267700 0
267800 0
267900 0
268000 0
268100 1
268200 1
268300 0
268400 0
268500 0
268600 1
268700 0
268800 0
268900 0
269000 0
269100 0
269200 0
269300 1
269400 0
269500 0
269600 0
269700 0
269800 0
269900 0
270000 1
270100 0
270200 0
270300 1
270400 0
270500 0
270600 0
270700 1
270800 0
270900 0
271000 0
271100 0
271200 0
271300 0
271400 0
271500 0
271600 0
271700 4
271800 41
271900 56
272000 46
272100 15
272200 0
272300 0
272400 0
272500 0
272600 0
272700 0
272800 0
272900 0
273000 1
273100 0
273200 0
273300 0
273400 0
273500 0
273600 0
273700 0
273800 0
273900 0
274000 2
274100 0
274200 0
274300 0
274400 0
274500 0
274600 0
274700 0
274800 0
274900 0
275000 1
275100 0
275200 0
275300 0
275400 0
275500 0
275600 0
275700 1
275800 0
275900 0
276000 0
276100 0
276200 0
276300 0
276400 0
276500 0
276600 1
276700 2
276800 2
276900 2
277000 0
277100 0
277200 1
277300 0
277400 0
277500 0
277600 0
277700 0
277800 0
277900 0
278000 0
278100 2
278200 1
278300 1
278400 0
278500 1
278600 0
278700 0
278800 1
278900 0
279000 1
279100 0
279200 0
279300 0
279400 0
279500 1
279600 0
279700 0
279800 0
279900 0
280000 0
280100 0
280200 0
280300 0
280400 0
280500 0
280600 1
280700 0
280800 0
280900 1
281000 1
281100 0
281200 0
281300 0
281400 0
281500 0
281600 0
281700 0
281800 0
281900 0
282000 0
282100 0
282200 0
282300 0
282400 0
282500 0
282600 0
282700 1
282800 0
282900 0
283000 0
283100 1
283200 0
283300 0
283400 0
283500 0
283600 0
283700 2
283800 0
283900 0
284000 0
284100 0
284200 0
284300 0
284400 0
284500 0
284600 1
284700 0
284800 0
284900 14
285000 49
285100 70
285200 22
285300 1
285400 0
285500 0
285600 0
285700 0
285800 0
285900 0
286000 0
286100 0
286200 0
286300 0
286400 1
286500 0
286600 0
286700 1
286800 0
286900 1
287000 0
287100 0
287200 0
287300 0
287400 0
287500 1
287600 0
287700 0
287800 1
287900 0
288000 0
288100 1
288200 0
288300 0
288400 0
288500 0
288600 0
288700 0
288800 0
288900 0
289000 0
289100 0
289200 0
289300 1
289400 0
289500 0
289600 0
289700 1
289800 0
289900 0
290000 2
290100 1
290200 0
290300 0
290400 0
290500 0
290600 0
290700 0
290800 0
290900 0
291000 0
291100 0
291200 0
291300 1
291400 0
291500 0
291600 0
291700 0
291800 2
291900 2
292000 0
292100 0
292200 0
292300 0
292400 0
292500 1
292600 0
292700 0
292800 0
292900 0
293000 1
293100 0
293200 0
293300 0
293400 1
293500 2
293600 0
293700 0
293800 1
293900 0
294000 0
294100 0
294200 0
294300 0
294400 1
294500 0
294600 0
294700 1
294800 0
294900 0
295000 0
295100 0
295200 0
295300 1
295400 0
295500 0
295600 0
295700 0
295800 0
295900 0
296000 0
296100 0
296200 0
296300 0
296400 1
296500 1
296600 0
296700 1
296800 0
296900 0
297000 0
297100 0
297200 0
297300 0
297400 0
297500 0
297600 0
297700 0
297800 0
297900 0
298000 9
298100 45
298200 60
298300 40
298400 14
298500 0
298600 1
298700 0
298800 0
298900 0
299000 0
299100 0
299200 0
299300 0
299400 0
299500 1
299600 1
299700 0
299800 0
299900 0
