-300000 0
-299900 1
-299800 4
-299700 6
-299600 4
-299500 1
-299400 1
-299300 2
-299200 8
-299100 6
-299000 4
-298900 2
-298800 0
-298700 0
-298600 0
-298500 0
-298400 0
-298300 0
-298200 0
-298100 0
-298000 0
-297900 0
-297800 0
-297700 0
-297600 1
-297500 0
-297400 0
-297300 0
-297200 1
-297100 0
-297000 1
-296900 0
-296800 0
-296700 0
-296600 0
-296500 0
-296400 2
-296300 0
-296200 0
-296100 2
-296000 0
-295900 0
-295800 0
-295700 1
-295600 0
-295500 0
-295400 0
-295300 0
-295200 0
-295100 1
-295000 0
-294900 1
-294800 1
-294700 1
-294600 0
-294500 1
-294400 1
-294300 1
-294200 0
-294100 1
-294000 0
-293900 1
-293800 1
-293700 0
-293600 0
-293500 0
-293400 0
-293300 2
-293200 4
-293100 74
-293000 449
-292900 1285
-292800 1089
-292700 298
-292600 30
-292500 5
-292400 2
-292300 0
-292200 0
-292100 0
-292000 0
-291900 0
-291800 0
-291700 0
-291600 0
-291500 0
-291400 0
-291300 2
-291200 0
-291100 2
-291000 0
-290900 0
-290800 0
-290700 1
-290600 0
-290500 0
-290400 1
-290300 0
-290200 1
-290100 0
-290000 0
-289900 0
-289800 0
-289700 0
-289600 2
-289500 0
-289400 0
-289300 0
-289200 0
-289100 0
-289000 0
-288900 2
-288800 0
-288700 0
-288600 1
-288500 2
-288400 0
-288300 0
-288200 1
-288100 2
-288000 7
-287900 3
-287800 2
-287700 0
-287600 1
-287500 0
-287400 0
-287300 1
-287200 1
-287100 0
-287000 0
-286900 0
-286800 1
-286700 2
-286600 2
-286500 4
-286400 2
-286300 1
-286200 2
-286100 1
-286000 10
-285900 2
-285800 2
-285700 0
-285600 0
-285500 0
-285400 0
-285300 0
-285200 0
-285100 0
-285000 0
-284900 0
-284800 0
-284700 0
-284600 0
-284500 0
-284400 1
-284300 1
-284200 2
-284100 0
-284000 0
-283900 0
-283800 0
-283700 1
-283600 2
-283500 1
-283400 1
-283300 1
-283200 1
-283100 0
-283000 1
-282900 1
-282800 1
-282700 0
-282600 0
-282500 0
-282400 0
-282300 0
-282200 0
-282100 0
-282000 3
-281900 0
-281800 0
-281700 1
-281600 1
-281500 0
-281400 3
-281300 0
-281200 2
-281100 0
-281000 1
-280900 0
-280800 0
-280700 1
-280600 0
-280500 0
-280400 0
-280300 0
-280200 3
-280100 2
-280000 16
-279900 249
-279800 1009
-279700 1411
-279600 583
-279500 68
-279400 6
-279300 1
-279200 2
-279100 0
-279000 0
-278900 0
-278800 0
-278700 1
-278600 1
-278500 0
-278400 0
-278300 0
-278200 0
-278100 1
-278000 0
-277900 0
-277800 0
-277700 1
-277600 0
-277500 1
-277400 2
-277300 0
-277200 1
-277100 0
-277000 0
-276900 1
-276800 0
-276700 0
-276600 0
-276500 0
-276400 0
-276300 0
-276200 0
-276100 0
-276000 0
-275900 0
-275800 1
-275700 0
-275600 1
-275500 0
-275400 0
-275300 0
-275200 1
-275100 0
-275000 1
-274900 7
-274800 8
-274700 2
-274600 1
-274500 1
-274400 0
-274300 0
-274200 0
-274100 0
-274000 2
-273900 1
-273800 0
-273700 0
-273600 0
-273500 3
-273400 8
-273300 2
-273200 1
-273100 1
-273000 5
-272900 5
-272800 11
-272700 5
-272600 0
-272500 0
-272400 1
-272300 0
-272200 0
-272100 1
-272000 0
-271900 1
-271800 0
-271700 0
-271600 1
-271500 0
-271400 1
-271300 1
-271200 0
-271100 1
-271000 0
-270900 0
-270800 1
-270700 0
-270600 0
-270500 0
-270400 0
-270300 0
-270200 0
-270100 0
-270000 1
-269900 0
-269800 2
-269700 0
-269600 0
-269500 0
-269400 0
-269300 0
-269200 2
-269100 1
-269000 0
-268900 0
-268800 1
-268700 0
-268600 1
-268500 0
-268400 0
-268300 0
-268200 1
-268100 1
-268000 0
-267900 1
-267800 0
-267700 1
-267600 0
-267500 1
-267400 0
-267300 0
-267200 1
-267100 1
-267000 2
-266900 6
-266800 111
-266700 700
-266600 1450
-266500 792
-266400 159
-266300 10
-266200 4
-266100 2
-266000 0
-265900 1
-265800 1
-265700 0
-265600 0
-265500 0
-265400 0
-265300 0
-265200 2
-265100 1
-265000 2
-264900 0
-264800 0
-264700 2
-264600 0
-264500 1
-264400 0
-264300 0
-264200 1
-264100 1
-264000 0
-263900 0
-263800 0
-263700 0
-263600 0
-263500 0
-263400 0
-263300 0
-263200 2
-263100 1
-263000 0
-262900 0
-262800 0
-262700 1
-262600 0
-262500 1
-262400 0
-262300 1
-262200 0
-262100 1
-262000 0
-261900 2
-261800 6
-261700 10
-261600 6
-261500 0
-261400 1
-261300 1
-261200 0
-261100 0
-261000 0
-260900 0
-260800 0
-260700 0
-260600 2
-260500 0
-260400 3
-260300 4
-260200 5
-260100 1
-260000 2
-259900 0
-259800 2
-259700 8
-259600 2
-259500 2
-259400 0
-259300 0
-259200 0
-259100 0
-259000 0
-258900 1
-258800 0
-258700 1
-258600 0
-258500 2
-258400 1
-258300 0
-258200 1
-258100 0
-258000 2
-257900 1
-257800 1
-257700 0
-257600 2
-257500 0
-257400 0
-257300 0
-257200 0
-257100 0
-257000 0
-256900 1
-256800 1
-256700 0
-256600 0
-256500 0
-256400 0
-256300 1
-256200 0
-256100 0
-256000 0
-255900 0
-255800 1
-255700 0
-255600 0
-255500 0
-255400 0
-255300 0
-255200 1
-255100 0
-255000 0
-254900 0
-254800 0
-254700 0
-254600 0
-254500 0
-254400 0
-254300 1
-254200 1
-254100 1
-254000 2
-253900 2
-253800 5
-253700 49
-253600 445
-253500 1305
-253400 1127
-253300 313
-253200 28
-253100 1
-253000 1
-252900 0
-252800 0
-252700 0
-252600 0
-252500 1
-252400 0
-252300 1
-252200 1
-252100 0
-252000 1
-251900 1
-251800 0
-251700 1
-251600 1
-251500 0
-251400 1
-251300 1
-251200 0
-251100 0
-251000 0
-250900 0
-250800 0
-250700 0
-250600 0
-250500 0
-250400 0
-250300 0
-250200 0
-250100 1
-250000 0
-249900 0
-249800 0
-249700 0
-249600 0
-249500 0
-249400 0
-249300 1
-249200 0
-249100 1
-249000 0
-248900 1
-248800 3
-248700 4
-248600 10
-248500 6
-248400 1
-248300 3
-248200 1
-248100 0
-248000 0
-247900 0
-247800 1
-247700 1
-247600 0
-247500 0
-247400 1
-247300 1
-247200 5
-247100 5
-247000 2
-246900 1
-246800 2
-246700 3
-246600 7
-246500 2
-246400 0
-246300 0
-246200 0
-246100 1
-246000 2
-245900 0
-245800 0
-245700 0
-245600 1
-245500 0
-245400 0
-245300 2
-245200 0
-245100 1
-245000 1
-244900 0
-244800 0
-244700 0
-244600 1
-244500 0
-244400 0
-244300 0
-244200 0
-244100 0
-244000 0
-243900 1
-243800 0
-243700 1
-243600 1
-243500 0
-243400 2
-243300 1
-243200 0
-243100 0
-243000 1
-242900 1
-242800 2
-242700 1
-242600 0
-242500 0
-242400 0
-242300 1
-242200 0
-242100 1
-242000 1
-241900 1
-241800 0
-241700 1
-241600 2
-241500 0
-241400 0
-241300 0
-241200 0
-241100 0
-241000 1
-240900 0
-240800 2
-240700 0
-240600 13
-240500 207
-240400 947
-240300 1444
-240200 596
-240100 67
-240000 8
-239900 2
-239800 2
-239700 1
-239600 2
-239500 0
-239400 0
-239300 0
-239200 1
-239100 0
-239000 0
-238900 2
-238800 0
-238700 0
-238600 1
-238500 0
-238400 2
-238300 1
-238200 0
-238100 0
-238000 0
-237900 0
-237800 0
-237700 1
-237600 0
-237500 0
-237400 1
-237300 1
-237200 0
-237100 0
-237000 0
-236900 0
-236800 0
-236700 0
-236600 1
-236500 0
-236400 1
-236300 0
-236200 0
-236100 1
-236000 2
-235900 0
-235800 1
-235700 2
-235600 1
-235500 9
-235400 10
-235300 2
-235200 1
-235100 0
-235000 0
-234900 0
-234800 1
-234700 0
-234600 0
-234500 0
-234400 0
-234300 0
-234200 2
-234100 5
-234000 5
-233900 3
-233800 1
-233700 2
-233600 6
-233500 8
-233400 6
-233300 2
-233200 0
-233100 0
-233000 0
-232900 0
-232800 0
-232700 0
-232600 0
-232500 0
-232400 0
-232300 0
-232200 0
-232100 1
-232000 0
-231900 1
-231800 0
-231700 1
-231600 0
-231500 1
-231400 0
-231300 1
-231200 1
-231100 0
-231000 0
-230900 0
-230800 1
-230700 0
-230600 1
-230500 0
-230400 1
-230300 0
-230200 0
-230100 1
-230000 1
-229900 0
-229800 0
-229700 0
-229600 0
-229500 2
-229400 1
-229300 0
-229200 0
-229100 2
-229000 0
-228900 1
-228800 0
-228700 0
-228600 0
-228500 1
-228400 0
-228300 2
-228200 0
-228100 0
-228000 2
-227900 0
-227800 1
-227700 1
-227600 1
-227500 4
-227400 90
-227300 643
-227200 1425
-227100 944
-227000 164
-226900 14
-226800 0
-226700 1
-226600 0
-226500 1
-226400 1
-226300 0
-226200 0
-226100 2
-226000 1
-225900 1
-225800 1
-225700 0
-225600 0
-225500 0
-225400 1
-225300 0
-225200 0
-225100 0
-225000 0
-224900 1
-224800 1
-224700 1
-224600 0
-224500 0
-224400 0
-224300 0
-224200 0
-224100 0
-224000 0
-223900 0
-223800 0
-223700 0
-223600 0
-223500 0
-223400 0
-223300 0
-223200 0
-223100 0
-223000 0
-222900 1
-222800 0
-222700 2
-222600 0
-222500 4
-222400 7
-222300 7
-222200 9
-222100 1
-222000 0
-221900 1
-221800 0
-221700 0
-221600 0
-221500 1
-221400 1
-221300 0
-221200 3
-221100 4
-221000 3
-220900 6
-220800 2
-220700 0
-220600 0
-220500 3
-220400 9
-220300 3
-220200 4
-220100 0
-220000 0
-219900 1
-219800 1
-219700 0
-219600 1
-219500 0
-219400 1
-219300 0
-219200 1
-219100 0
-219000 0
-218900 1
-218800 0
-218700 0
-218600 2
-218500 0
-218400 0
-218300 0
-218200 0
-218100 0
-218000 1
-217900 0
-217800 1
-217700 0
-217600 0
-217500 0
-217400 0
-217300 1
-217200 1
-217100 0
-217000 2
-216900 1
-216800 0
-216700 0
-216600 1
-216500 0
-216400 0
-216300 2
-216200 1
-216100 0
-216000 0
-215900 0
-215800 1
-215700 0
-215600 1
-215500 0
-215400 0
-215300 0
-215200 1
-215100 0
-215000 2
-214900 0
-214800 0
-214700 1
-214600 2
-214500 2
-214400 3
-214300 47
-214200 433
-214100 1373
-214000 1166
-213900 271
-213800 23
-213700 0
-213600 0
-213500 1
-213400 2
-213300 1
-213200 1
-213100 0
-213000 1
-212900 1
-212800 0
-212700 1
-212600 0
-212500 0
-212400 0
-212300 1
-212200 0
-212100 1
-212000 0
-211900 1
-211800 0
-211700 0
-211600 0
-211500 0
-211400 0
-211300 1
-211200 0
-211100 1
-211000 1
-210900 0
-210800 0
-210700 0
-210600 0
-210500 0
-210400 0
-210300 0
-210200 1
-210100 0
-210000 1
-209900 0
-209800 2
-209700 0
-209600 0
-209500 0
-209400 0
-209300 2
-209200 8
-209100 5
-209000 2
-208900 1
-208800 1
-208700 0
-208600 0
-208500 1
-208400 0
-208300 1
-208200 0
-208100 1
-208000 1
-207900 7
-207800 8
-207700 8
-207600 0
-207500 0
-207400 8
-207300 12
-207200 17
-207100 5
-207000 2
-206900 0
-206800 0
-206700 0
-206600 1
-206500 1
-206400 0
-206300 0
-206200 0
-206100 0
-206000 0
-205900 0
-205800 1
-205700 0
-205600 0
-205500 1
-205400 0
-205300 2
-205200 0
-205100 0
-205000 0
-204900 1
-204800 0
-204700 0
-204600 0
-204500 1
-204400 1
-204300 1
-204200 1
-204100 1
-204000 0
-203900 0
-203800 0
-203700 0
-203600 0
-203500 0
-203400 0
-203300 0
-203200 0
-203100 1
-203000 1
-202900 1
-202800 1
-202700 2
-202600 1
-202500 2
-202400 1
-202300 0
-202200 0
-202100 1
-202000 0
-201900 0
-201800 0
-201700 1
-201600 0
-201500 0
-201400 1
-201300 1
-201200 15
-201100 264
-201000 1121
-200900 1406
-200800 479
-200700 58
-200600 4
-200500 0
-200400 4
-200300 0
-200200 0
-200100 0
-200000 0
-199900 1
-199800 1
-199700 1
-199600 1
-199500 1
-199400 0
-199300 1
-199200 0
-199100 0
-199000 0
-198900 0
-198800 2
-198700 0
-198600 0
-198500 1
-198400 2
-198300 2
-198200 3
-198100 0
-198000 0
-197900 1
-197800 0
-197700 0
-197600 1
-197500 1
-197400 0
-197300 0
-197200 0
-197100 1
-197000 0
-196900 3
-196800 0
-196700 0
-196600 0
-196500 0
-196400 2
-196300 0
-196200 1
-196100 5
-196000 6
-195900 3
-195800 1
-195700 1
-195600 0
-195500 1
-195400 0
-195300 1
-195200 0
-195100 0
-195000 0
-194900 0
-194800 2
-194700 9
-194600 5
-194500 2
-194400 2
-194300 2
-194200 4
-194100 6
-194000 4
-193900 3
-193800 1
-193700 0
-193600 1
-193500 0
-193400 0
-193300 0
-193200 1
-193100 0
-193000 0
-192900 0
-192800 1
-192700 1
-192600 0
-192500 0
-192400 1
-192300 1
-192200 0
-192100 0
-192000 1
-191900 0
-191800 0
-191700 0
-191600 0
-191500 0
-191400 0
-191300 1
-191200 2
-191100 0
-191000 1
-190900 1
-190800 0
-190700 1
-190600 1
-190500 2
-190400 0
-190300 2
-190200 0
-190100 0
-190000 1
-189900 0
-189800 0
-189700 1
-189600 1
-189500 0
-189400 2
-189300 0
-189200 0
-189100 1
-189000 0
-188900 0
-188800 2
-188700 0
-188600 1
-188500 0
-188400 0
-188300 2
-188200 1
-188100 8
-188000 104
-187900 659
-187800 1505
-187700 846
-187600 155
-187500 11
-187400 2
-187300 0
-187200 0
-187100 2
-187000 0
-186900 0
-186800 0
-186700 1
-186600 0
-186500 3
-186400 0
-186300 0
-186200 0
-186100 0
-186000 0
-185900 0
-185800 0
-185700 0
-185600 0
-185500 0
-185400 0
-185300 0
-185200 0
-185100 0
-185000 0
-184900 0
-184800 0
-184700 1
-184600 0
-184500 0
-184400 0
-184300 0
-184200 1
-184100 1
-184000 0
-183900 0
-183800 0
-183700 1
-183600 1
-183500 0
-183400 1
-183300 2
-183200 3
-183100 2
-183000 8
-182900 9
-182800 4
-182700 3
-182600 1
-182500 0
-182400 0
-182300 4
-182200 1
-182100 0
-182000 0
-181900 0
-181800 3
-181700 3
-181600 2
-181500 7
-181400 2
-181300 1
-181200 1
-181100 5
-181000 3
-180900 4
-180800 2
-180700 0
-180600 0
-180500 1
-180400 1
-180300 0
-180200 1
-180100 0
-180000 2
-179900 1
-179800 0
-179700 0
-179600 0
-179500 0
-179400 1
-179300 0
-179200 0
-179100 1
-179000 0
-178900 0
-178800 0
-178700 0
-178600 0
-178500 0
-178400 1
-178300 0
-178200 1
-178100 0
-178000 0
-177900 0
-177800 0
-177700 0
-177600 0
-177500 1
-177400 0
-177300 2
-177200 1
-177100 0
-177000 0
-176900 0
-176800 1
-176700 0
-176600 0
-176500 0
-176400 0
-176300 1
-176200 3
-176100 1
-176000 1
-175900 0
-175800 0
-175700 0
-175600 0
-175500 1
-175400 0
-175300 0
-175200 2
-175100 2
-175000 5
-174900 28
-174800 379
-174700 1294
-174600 1211
-174500 353
-174400 31
-174300 6
-174200 0
-174100 1
-174000 0
-173900 0
-173800 0
-173700 1
-173600 0
-173500 0
-173400 0
-173300 1
-173200 2
-173100 0
-173000 0
-172900 0
-172800 0
-172700 1
-172600 0
-172500 0
-172400 0
-172300 1
-172200 0
-172100 1
-172000 0
-171900 2
-171800 0
-171700 0
-171600 1
-171500 0
-171400 0
-171300 0
-171200 0
-171100 0
-171000 0
-170900 0
-170800 1
-170700 0
-170600 0
-170500 1
-170400 0
-170300 0
-170200 0
-170100 0
-170000 1
-169900 3
-169800 8
-169700 9
-169600 2
-169500 1
-169400 1
-169300 1
-169200 1
-169100 0
-169000 0
-168900 1
-168800 1
-168700 1
-168600 0
-168500 4
-168400 2
-168300 6
-168200 0
-168100 1
-168000 2
-167900 4
-167800 5
-167700 4
-167600 2
-167500 2
-167400 0
-167300 0
-167200 1
-167100 0
-167000 0
-166900 0
-166800 3
-166700 2
-166600 0
-166500 0
-166400 0
-166300 1
-166200 1
-166100 1
-166000 0
-165900 0
-165800 0
-165700 2
-165600 0
-165500 1
-165400 0
-165300 0
-165200 0
-165100 0
-165000 0
-164900 0
-164800 1
-164700 0
-164600 0
-164500 0
-164400 0
-164300 0
-164200 0
-164100 0
-164000 1
-163900 2
-163800 0
-163700 0
-163600 0
-163500 2
-163400 0
-163300 0
-163200 0
-163100 0
-163000 3
-162900 2
-162800 1
-162700 0
-162600 0
-162500 0
-162400 0
-162300 0
-162200 1
-162100 2
-162000 2
-161900 3
-161800 12
-161700 190
-161600 1003
-161500 1448
-161400 569
-161300 59
-161200 5
-161100 1
-161000 2
-160900 0
-160800 0
-160700 1
-160600 0
-160500 0
-160400 0
-160300 0
-160200 1
-160100 0
-160000 0
-159900 1
-159800 2
-159700 1
-159600 0
-159500 0
-159400 0
-159300 0
-159200 0
-159100 1
-159000 0
-158900 0
-158800 0
-158700 0
-158600 0
-158500 0
-158400 0
-158300 1
-158200 1
-158100 0
-158000 0
-157900 0
-157800 0
-157700 0
-157600 0
-157500 1
-157400 0
-157300 0
-157200 0
-157100 2
-157000 0
-156900 0
-156800 2
-156700 14
-156600 6
-156500 1
-156400 1
-156300 3
-156200 0
-156100 0
-156000 0
-155900 0
-155800 0
-155700 1
-155600 0
-155500 0
-155400 6
-155300 5
-155200 7
-155100 7
-155000 2
-154900 0
-154800 5
-154700 2
-154600 8
-154500 3
-154400 0
-154300 2
-154200 0
-154100 1
-154000 0
-153900 1
-153800 1
-153700 0
-153600 1
-153500 0
-153400 1
-153300 0
-153200 0
-153100 0
-153000 0
-152900 1
-152800 1
-152700 0
-152600 0
-152500 0
-152400 0
-152300 0
-152200 0
-152100 0
-152000 0
-151900 0
-151800 0
-151700 0
-151600 0
-151500 0
-151400 0
-151300 0
-151200 1
-151100 0
-151000 1
-150900 0
-150800 2
-150700 0
-150600 1
-150500 0
-150400 1
-150300 1
-150200 1
-150100 0
-150000 0
-149900 1
-149800 1
-149700 2
-149600 0
-149500 0
-149400 0
-149300 0
-149200 3
-149100 1
-149000 2
-148900 0
-148800 2
-148700 3
-148600 74
-148500 632
-148400 1436
-148300 924
-148200 157
-148100 19
-148000 2
-147900 0
-147800 0
-147700 1
-147600 0
-147500 0
-147400 0
-147300 1
-147200 0
-147100 1
-147000 0
-146900 0
-146800 1
-146700 0
-146600 0
-146500 0
-146400 0
-146300 0
-146200 0
-146100 0
-146000 1
-145900 0
-145800 1
-145700 0
-145600 1
-145500 1
-145400 1
-145300 1
-145200 0
-145100 1
-145000 0
-144900 0
-144800 0
-144700 0
-144600 1
-144500 1
-144400 1
-144300 0
-144200 0
-144100 0
-144000 2
-143900 0
-143800 3
-143700 1
-143600 6
-143500 10
-143400 4
-143300 0
-143200 1
-143100 2
-143000 1
-142900 0
-142800 0
-142700 0
-142600 0
-142500 1
-142400 1
-142300 0
-142200 3
-142100 7
-142000 8
-141900 1
-141800 2
-141700 1
-141600 9
-141500 3
-141400 5
-141300 0
-141200 1
-141100 0
-141000 1
-140900 0
-140800 1
-140700 0
-140600 0
-140500 1
-140400 0
-140300 0
-140200 0
-140100 2
-140000 1
-139900 0
-139800 0
-139700 0
-139600 0
-139500 1
-139400 1
-139300 0
-139200 0
-139100 0
-139000 0
-138900 1
-138800 0
-138700 1
-138600 0
-138500 1
-138400 0
-138300 0
-138200 1
-138100 0
-138000 1
-137900 2
-137800 0
-137700 0
-137600 0
-137500 1
-137400 0
-137300 2
-137200 1
-137100 0
-137000 0
-136900 0
-136800 0
-136700 1
-136600 0
-136500 0
-136400 0
-136300 0
-136200 0
-136100 0
-136000 0
-135900 0
-135800 2
-135700 0
-135600 2
-135500 26
-135400 348
-135300 1291
-135200 1265
-135100 388
-135000 23
-134900 2
-134800 1
-134700 0
-134600 0
-134500 0
-134400 0
-134300 1
-134200 1
-134100 1
-134000 1
-133900 1
-133800 0
-133700 0
-133600 0
-133500 2
-133400 1
-133300 0
-133200 0
-133100 0
-133000 0
-132900 0
-132800 0
-132700 0
-132600 0
-132500 0
-132400 1
-132300 0
-132200 1
-132100 0
-132000 1
-131900 1
-131800 0
-131700 0
-131600 0
-131500 1
-131400 0
-131300 1
-131200 1
-131100 0
-131000 1
-130900 1
-130800 1
-130700 0
-130600 1
-130500 4
-130400 5
-130300 8
-130200 4
-130100 0
-130000 0
-129900 0
-129800 0
-129700 0
-129600 0
-129500 0
-129400 4
-129300 1
-129200 0
-129100 4
-129000 4
-128900 5
-128800 4
-128700 1
-128600 1
-128500 3
-128400 6
-128300 9
-128200 0
-128100 0
-128000 1
-127900 0
-127800 0
-127700 0
-127600 0
-127500 1
-127400 1
-127300 0
-127200 1
-127100 0
-127000 1
-126900 0
-126800 0
-126700 2
-126600 2
-126500 0
-126400 1
-126300 0
-126200 0
-126100 2
-126000 0
-125900 0
-125800 1
-125700 1
-125600 3
-125500 1
-125400 1
-125300 1
-125200 0
-125100 0
-125000 1
-124900 0
-124800 0
-124700 0
-124600 3
-124500 0
-124400 0
-124300 0
-124200 1
-124100 0
-124000 1
-123900 0
-123800 2
-123700 0
-123600 2
-123500 1
-123400 1
-123300 0
-123200 0
-123100 0
-123000 2
-122900 1
-122800 0
-122700 1
-122600 1
-122500 0
-122400 12
-122300 170
-122200 869
-122100 1465
-122000 670
-121900 68
-121800 2
-121700 2
-121600 0
-121500 0
-121400 0
-121300 0
-121200 0
-121100 0
-121000 0
-120900 0
-120800 0
-120700 1
-120600 0
-120500 0
-120400 0
-120300 0
-120200 1
-120100 0
-120000 0
-119900 0
-119800 0
-119700 0
-119600 1
-119500 0
-119400 0
-119300 1
-119200 1
-119100 0
-119000 0
-118900 0
-118800 0
-118700 1
-118600 0
-118500 0
-118400 0
-118300 0
-118200 0
-118100 1
-118000 0
-117900 3
-117800 0
-117700 0
-117600 0
-117500 1
-117400 5
-117300 9
-117200 13
-117100 4
-117000 3
-116900 0
-116800 0
-116700 0
-116600 1
-116500 0
-116400 0
-116300 0
-116200 0
-116100 0
-116000 1
-115900 7
-115800 7
-115700 4
-115600 1
-115500 0
-115400 5
-115300 6
-115200 7
-115100 4
-115000 1
-114900 0
-114800 0
-114700 1
-114600 0
-114500 1
-114400 0
-114300 0
-114200 1
-114100 1
-114000 1
-113900 1
-113800 0
-113700 0
-113600 1
-113500 1
-113400 1
-113300 0
-113200 1
-113100 0
-113000 0
-112900 0
-112800 0
-112700 0
-112600 0
-112500 2
-112400 0
-112300 2
-112200 0
-112100 0
-112000 0
-111900 0
-111800 0
-111700 0
-111600 0
-111500 0
-111400 0
-111300 0
-111200 1
-111100 0
-111000 1
-110900 0
-110800 0
-110700 0
-110600 0
-110500 1
-110400 0
-110300 0
-110200 1
-110100 0
-110000 0
-109900 0
-109800 0
-109700 1
-109600 0
-109500 1
-109400 1
-109300 4
-109200 70
-109100 606
-109000 1389
-108900 1007
-108800 183
-108700 16
-108600 1
-108500 1
-108400 0
-108300 1
-108200 0
-108100 0
-108000 1
-107900 1
-107800 0
-107700 0
-107600 0
-107500 1
-107400 0
-107300 1
-107200 0
-107100 0
-107000 1
-106900 0
-106800 1
-106700 0
-106600 0
-106500 1
-106400 1
-106300 1
-106200 0
-106100 0
-106000 0
-105900 1
-105800 2
-105700 0
-105600 2
-105500 0
-105400 0
-105300 1
-105200 0
-105100 0
-105000 1
-104900 0
-104800 0
-104700 0
-104600 0
-104500 0
-104400 0
-104300 1
-104200 2
-104100 14
-104000 4
-103900 1
-103800 3
-103700 3
-103600 1
-103500 0
-103400 0
-103300 0
-103200 1
-103100 1
-103000 0
-102900 0
-102800 5
-102700 2
-102600 4
-102500 4
-102400 1
-102300 6
-102200 6
-102100 6
-102000 2
-101900 0
-101800 0
-101700 1
-101600 0
-101500 0
-101400 0
-101300 0
-101200 0
-101100 1
-101000 0
-100900 2
-100800 1
-100700 1
-100600 2
-100500 0
-100400 0
-100300 0
-100200 0
-100100 2
-100000 0
-99900 0
-99800 0
-99700 0
-99600 0
-99500 0
-99400 1
-99300 0
-99200 0
-99100 1
-99000 1
-98900 1
-98800 0
-98700 0
-98600 0
-98500 0
-98400 0
-98300 0
-98200 1
-98100 0
-98000 0
-97900 1
-97800 0
-97700 2
-97600 1
-97500 0
-97400 0
-97300 3
-97200 2
-97100 2
-97000 0
-96900 1
-96800 1
-96700 0
-96600 0
-96500 3
-96400 1
-96300 2
-96200 2
-96100 23
-96000 277
-95900 1104
-95800 1422
-95700 410
-95600 53
-95500 1
-95400 4
-95300 0
-95200 0
-95100 1
-95000 0
-94900 0
-94800 1
-94700 1
-94600 0
-94500 0
-94400 2
-94300 0
-94200 0
-94100 0
-94000 1
-93900 2
-93800 1
-93700 1
-93600 0
-93500 0
-93400 0
-93300 1
-93200 0
-93100 0
-93000 0
-92900 0
-92800 1
-92700 0
-92600 0
-92500 0
-92400 0
-92300 0
-92200 0
-92100 0
-92000 0
-91900 1
-91800 1
-91700 0
-91600 0
-91500 1
-91400 0
-91300 3
-91200 0
-91100 4
-91000 5
-90900 8
-90800 1
-90700 1
-90600 2
-90500 1
-90400 0
-90300 0
-90200 0
-90100 0
-90000 0
-89900 0
-89800 0
-89700 0
-89600 6
-89500 7
-89400 5
-89300 0
-89200 1
-89100 1
-89000 10
-88900 7
-88800 2
-88700 2
-88600 0
-88500 0
-88400 0
-88300 0
-88200 0
-88100 0
-88000 1
-87900 1
-87800 1
-87700 0
-87600 0
-87500 0
-87400 1
-87300 0
-87200 0
-87100 0
-87000 2
-86900 0
-86800 1
-86700 0
-86600 0
-86500 1
-86400 0
-86300 0
-86200 1
-86100 1
-86000 0
-85900 0
-85800 1
-85700 1
-85600 0
-85500 0
-85400 0
-85300 0
-85200 0
-85100 1
-85000 0
-84900 0
-84800 0
-84700 0
-84600 1
-84500 0
-84400 0
-84300 2
-84200 2
-84100 2
-84000 1
-83900 0
-83800 0
-83700 0
-83600 1
-83500 1
-83400 0
-83300 0
-83200 1
-83100 2
-83000 6
-82900 73
-82800 602
-82700 1520
-82600 917
-82500 153
-82400 14
-82300 1
-82200 1
-82100 0
-82000 1
-81900 1
-81800 0
-81700 0
-81600 0
-81500 0
-81400 1
-81300 0
-81200 1
-81100 3
-81000 0
-80900 0
-80800 1
-80700 0
-80600 0
-80500 0
-80400 0
-80300 0
-80200 0
-80100 0
-80000 1
-79900 2
-79800 0
-79700 0
-79600 0
-79500 0
-79400 0
-79300 0
-79200 0
-79100 0
-79000 1
-78900 2
-78800 1
-78700 0
-78600 0
-78500 0
-78400 0
-78300 1
-78200 0
-78100 2
-78000 0
-77900 4
-77800 12
-77700 7
-77600 0
-77500 2
-77400 1
-77300 0
-77200 0
-77100 0
-77000 1
-76900 1
-76800 1
-76700 1
-76600 2
-76500 7
-76400 4
-76300 2
-76200 2
-76100 3
-76000 1
-75900 4
-75800 7
-75700 3
-75600 0
-75500 0
-75400 0
-75300 0
-75200 0
-75100 0
-75000 0
-74900 0
-74800 1
-74700 0
-74600 2
-74500 0
-74400 0
-74300 1
-74200 0
-74100 0
-74000 1
-73900 0
-73800 1
-73700 0
-73600 0
-73500 0
-73400 1
-73300 1
-73200 0
-73100 0
-73000 0
-72900 0
-72800 0
-72700 0
-72600 1
-72500 0
-72400 0
-72300 0
-72200 0
-72100 0
-72000 0
-71900 0
-71800 0
-71700 0
-71600 0
-71500 0
-71400 0
-71300 0
-71200 1
-71100 1
-71000 0
-70900 1
-70800 0
-70700 1
-70600 0
-70500 1
-70400 0
-70300 1
-70200 0
-70100 2
-70000 1
-69900 8
-69800 66
-69700 597
-69600 1462
-69500 1011
-69400 188
-69300 12
-69200 1
-69100 1
-69000 3
-68900 0
-68800 1
-68700 1
-68600 0
-68500 2
-68400 0
-68300 0
-68200 1
-68100 1
-68000 1
-67900 0
-67800 0
-67700 1
-67600 1
-67500 0
-67400 0
-67300 0
-67200 0
-67100 0
-67000 0
-66900 1
-66800 0
-66700 1
-66600 1
-66500 0
-66400 0
-66300 0
-66200 0
-66100 0
-66000 0
-65900 0
-65800 0
-65700 0
-65600 0
-65500 0
-65400 0
-65300 1
-65200 0
-65100 0
-65000 1
-64900 0
-64800 4
-64700 8
-64600 11
-64500 2
-64400 1
-64300 2
-64200 0
-64100 0
-64000 0
-63900 2
-63800 0
-63700 0
-63600 0
-63500 2
-63400 2
-63300 6
-63200 3
-63100 0
-63000 2
-62900 4
-62800 4
-62700 9
-62600 7
-62500 1
-62400 1
-62300 1
-62200 0
-62100 1
-62000 0
-61900 2
-61800 0
-61700 0
-61600 1
-61500 1
-61400 0
-61300 0
-61200 1
-61100 1
-61000 0
-60900 1
-60800 0
-60700 0
-60600 0
-60500 1
-60400 2
-60300 0
-60200 0
-60100 0
-60000 0
-59900 0
-59800 1
-59700 0
-59600 0
-59500 0
-59400 0
-59300 0
-59200 0
-59100 0
-59000 0
-58900 0
-58800 0
-58700 0
-58600 0
-58500 1
-58400 0
-58300 1
-58200 0
-58100 0
-58000 1
-57900 1
-57800 1
-57700 0
-57600 0
-57500 1
-57400 0
-57300 0
-57200 0
-57100 1
-57000 0
-56900 2
-56800 7
-56700 22
-56600 360
-56500 1345
-56400 1217
-56300 318
-56200 24
-56100 0
-56000 3
-55900 1
-55800 1
-55700 0
-55600 0
-55500 0
-55400 0
-55300 0
-55200 0
-55100 1
-55000 1
-54900 0
-54800 0
-54700 0
-54600 1
-54500 0
-54400 1
-54300 0
-54200 1
-54100 0
-54000 0
-53900 0
-53800 0
-53700 0
-53600 0
-53500 1
-53400 1
-53300 0
-53200 1
-53100 0
-53000 0
-52900 0
-52800 1
-52700 0
-52600 0
-52500 0
-52400 0
-52300 0
-52200 1
-52100 1
-52000 0
-51900 0
-51800 1
-51700 6
-51600 10
-51500 13
-51400 3
-51300 0
-51200 0
-51100 1
-51000 0
-50900 0
-50800 0
-50700 0
-50600 0
-50500 0
-50400 1
-50300 0
-50200 4
-50100 3
-50000 1
-49900 0
-49800 2
-49700 0
-49600 6
-49500 5
-49400 1
-49300 0
-49200 0
-49100 1
-49000 0
-48900 0
-48800 2
-48700 0
-48600 0
-48500 1
-48400 2
-48300 0
-48200 1
-48100 1
-48000 0
-47900 2
-47800 1
-47700 0
-47600 0
-47500 0
-47400 0
-47300 1
-47200 0
-47100 0
-47000 0
-46900 0
-46800 0
-46700 0
-46600 0
-46500 0
-46400 0
-46300 1
-46200 0
-46100 1
-46000 0
-45900 1
-45800 0
-45700 0
-45600 0
-45500 0
-45400 1
-45300 0
-45200 0
-45100 1
-45000 0
-44900 0
-44800 0
-44700 2
-44600 1
-44500 0
-44400 0
-44300 0
-44200 0
-44100 1
-44000 0
-43900 1
-43800 0
-43700 1
-43600 7
-43500 97
-43400 685
-43300 1561
-43200 824
-43100 119
-43000 4
-42900 1
-42800 1
-42700 1
-42600 0
-42500 0
-42400 0
-42300 1
-42200 0
-42100 1
-42000 0
-41900 1
-41800 3
-41700 0
-41600 2
-41500 1
-41400 2
-41300 0
-41200 1
-41100 0
-41000 0
-40900 0
-40800 0
-40700 1
-40600 1
-40500 1
-40400 0
-40300 0
-40200 2
-40100 0
-40000 1
-39900 0
-39800 0
-39700 0
-39600 1
-39500 2
-39400 1
-39300 0
-39200 0
-39100 1
-39000 2
-38900 2
-38800 0
-38700 2
-38600 2
-38500 5
-38400 10
-38300 6
-38200 4
-38100 0
-38000 0
-37900 1
-37800 1
-37700 0
-37600 0
-37500 1
-37400 0
-37300 2
-37200 0
-37100 7
-37000 6
-36900 2
-36800 1
-36700 0
-36600 4
-36500 8
-36400 7
-36300 6
-36200 5
-36100 0
-36000 0
-35900 0
-35800 0
-35700 0
-35600 1
-35500 1
-35400 1
-35300 1
-35200 0
-35100 1
-35000 0
-34900 2
-34800 1
-34700 0
-34600 0
-34500 0
-34400 0
-34300 0
-34200 0
-34100 1
-34000 0
-33900 0
-33800 0
-33700 0
-33600 2
-33500 0
-33400 1
-33300 0
-33200 0
-33100 0
-33000 0
-32900 0
-32800 1
-32700 1
-32600 3
-32500 0
-32400 0
-32300 2
-32200 3
-32100 1
-32000 0
-31900 0
-31800 0
-31700 1
-31600 0
-31500 1
-31400 1
-31300 0
-31200 0
-31100 2
-31000 0
-30900 0
-30800 1
-30700 1
-30600 3
-30500 4
-30400 34
-30300 363
-30200 1378
-30100 1225
-30000 287
-29900 29
-29800 2
-29700 0
-29600 2
-29500 2
-29400 1
-29300 0
-29200 0
-29100 0
-29000 0
-28900 1
-28800 0
-28700 0
-28600 0
-28500 0
-28400 1
-28300 0
-28200 0
-28100 0
-28000 1
-27900 0
-27800 0
-27700 0
-27600 1
-27500 0
-27400 1
-27300 1
-27200 0
-27100 0
-27000 0
-26900 0
-26800 0
-26700 0
-26600 2
-26500 1
-26400 0
-26300 0
-26200 1
-26100 1
-26000 0
-25900 0
-25800 0
-25700 1
-25600 0
-25500 3
-25400 7
-25300 19
-25200 2
-25100 0
-25000 1
-24900 1
-24800 0
-24700 0
-24600 1
-24500 1
-24400 1
-24300 0
-24200 1
-24100 0
-24000 5
-23900 10
-23800 2
-23700 1
-23600 0
-23500 1
-23400 5
-23300 3
-23200 3
-23100 1
-23000 0
-22900 0
-22800 0
-22700 0
-22600 1
-22500 0
-22400 0
-22300 1
-22200 0
-22100 0
-22000 1
-21900 0
-21800 0
-21700 2
-21600 1
-21500 0
-21400 0
-21300 0
-21200 0
-21100 0
-21000 1
-20900 0
-20800 0
-20700 0
-20600 0
-20500 0
-20400 0
-20300 0
-20200 0
-20100 1
-20000 0
-19900 0
-19800 1
-19700 1
-19600 0
-19500 1
-19400 0
-19300 1
-19200 1
-19100 1
-19000 0
-18900 1
-18800 0
-18700 2
-18600 0
-18500 0
-18400 0
-18300 0
-18200 0
-18100 0
-18000 1
-17900 0
-17800 0
-17700 2
-17600 1
-17500 5
-17400 5
-17300 73
-17200 570
-17100 1431
-17000 1006
-16900 231
-16800 13
-16700 0
-16600 0
-16500 1
-16400 0
-16300 3
-16200 0
-16100 1
-16000 0
-15900 2
-15800 1
-15700 0
-15600 2
-15500 0
-15400 2
-15300 0
-15200 0
-15100 2
-15000 0
-14900 0
-14800 0
-14700 1
-14600 0
-14500 2
-14400 1
-14300 0
-14200 1
-14100 1
-14000 0
-13900 0
-13800 0
-13700 1
-13600 0
-13500 0
-13400 1
-13300 0
-13200 0
-13100 3
-13000 0
-12900 0
-12800 0
-12700 0
-12600 1
-12500 1
-12400 3
-12300 4
-12200 9
-12100 7
-12000 3
-11900 1
-11800 0
-11700 1
-11600 0
-11500 1
-11400 0
-11300 0
-11200 1
-11100 0
-11000 1
-10900 4
-10800 5
-10700 0
-10600 1
-10500 1
-10400 2
-10300 3
-10200 2
-10100 8
-10000 1
-9900 1
-9800 0
-9700 0
-9600 0
-9500 0
-9400 1
-9300 0
-9200 2
-9100 1
-9000 0
-8900 0
-8800 0
-8700 0
-8600 1
-8500 0
-8400 0
-8300 0
-8200 1
-8100 0
-8000 1
-7900 0
-7800 1
-7700 1
-7600 0
-7500 0
-7400 1
-7300 1
-7200 1
-7100 1
-7000 0
-6900 0
-6800 0
-6700 0
-6600 0
-6500 0
-6400 0
-6300 0
-6200 0
-6100 2
-6000 0
-5900 1
-5800 0
-5700 0
-5600 1
-5500 0
-5400 2
-5300 1
-5200 1
-5100 0
-5000 1
-4900 0
-4800 0
-4700 0
-4600 0
-4500 1
-4400 2
-4300 0
-4200 7
-4100 114
-4000 782
-3900 1537
-3800 734
-3700 98
-3600 6
-3500 0
-3400 0
-3300 0
-3200 0
-3100 0
-3000 0
-2900 0
-2800 0
-2700 0
-2600 1
-2500 2
-2400 0
-2300 1
-2200 0
-2100 0
-2000 0
-1900 1
-1800 0
-1700 0
-1600 2
-1500 1
-1400 0
-1300 0
-1200 0
-1100 1
-1000 0
-900 0
-800 0
-700 0
-600 0
-500 0
-400 1
-300 1
-200 0
-100 0
0 0
100 0
200 0
300 0
400 0
500 0
600 1
700 1
800 2
900 9
1000 8
1100 7
1200 0
1300 0
1400 1
1500 0
1600 0
1700 0
1800 0
1900 0
2000 1
2100 3
2200 0
2300 2
2400 3
2500 6
2600 1
2700 0
2800 3
2900 5
3000 8
3100 0
3200 1
3300 0
3400 0
3500 2
3600 0
3700 0
3800 0
3900 1
4000 0
4100 1
4200 2
4300 1
4400 0
4500 0
4600 0
4700 0
4800 0
4900 0
5000 0
5100 0
5200 0
5300 0
5400 1
5500 1
5600 1
5700 0
5800 0
5900 1
6000 0
6100 0
6200 1
6300 0
6400 1
6500 1
6600 0
6700 1
6800 1
6900 1
7000 2
7100 1
7200 2
7300 0
7400 1
7500 0
7600 0
7700 2
7800 2
7900 0
8000 0
8100 0
8200 0
8300 0
8400 0
8500 0
8600 3
8700 1
8800 1
8900 5
9000 70
9100 810
9200 3662
9300 4299
9400 1361
9500 162
9600 7
9700 4
9800 5
9900 2
10000 1
10100 1
10200 0
10300 2
10400 2
10500 0
10600 1
10700 0
10800 1
10900 0
11000 0
11100 1
11200 0
11300 1
11400 1
11500 0
11600 0
11700 0
11800 0
11900 0
12000 0
12100 1
12200 0
12300 0
12400 0
12500 0
12600 0
12700 0
12800 1
12900 0
13000 0
13100 1
13200 1
13300 0
13400 0
13500 0
13600 0
13700 0
13800 3
13900 0
14000 1
14100 2
14200 13
14300 1
14400 2
14500 1
14600 1
14700 0
14800 0
14900 0
15000 0
15100 0
15200 0
15300 1
15400 3
15500 4
15600 1
15700 0
15800 1
15900 0
16000 4
16100 4
16200 8
16300 2
16400 1
16500 0
16600 2
16700 0
16800 0
16900 0
17000 0
17100 0
17200 2
17300 0
17400 0
17500 1
17600 0
17700 1
17800 0
17900 1
18000 1
18100 0
18200 0
18300 0
18400 0
18500 0
18600 1
18700 0
18800 0
18900 0
19000 0
19100 1
19200 0
19300 1
19400 1
19500 1
19600 0
19700 2
19800 0
19900 1
20000 1
20100 0
20200 0
20300 0
20400 1
20500 0
20600 0
20700 3
20800 1
20900 0
21000 0
21100 0
21200 0
21300 0
21400 0
21500 0
21600 0
21700 0
21800 0
21900 2
22000 2
22100 10
22200 84
22300 770
22400 1502
22500 866
22600 144
22700 12
22800 1
22900 0
23000 0
23100 0
23200 0
23300 0
23400 1
23500 0
23600 0
23700 0
23800 0
23900 0
24000 0
24100 0
24200 0
24300 0
24400 1
24500 1
24600 0
24700 1
24800 1
24900 1
25000 1
25100 1
25200 0
25300 0
25400 0
25500 2
25600 0
25700 0
25800 0
25900 0
26000 0
26100 1
26200 1
26300 0
26400 0
26500 0
26600 0
26700 1
26800 0
26900 1
27000 1
27100 4
27200 5
27300 15
27400 1
27500 3
27600 1
27700 0
27800 0
27900 1
28000 1
28100 0
28200 0
28300 2
28400 0
28500 2
28600 7
28700 4
28800 5
28900 2
29000 2
29100 1
29200 5
29300 7
29400 3
29500 1
29600 1
29700 1
29800 1
29900 0
30000 0
30100 0
30200 0
30300 0
30400 0
30500 2
30600 0
30700 0
30800 1
30900 2
31000 1
31100 1
31200 0
31300 1
31400 1
31500 2
31600 0
31700 0
31800 0
31900 0
32000 1
32100 0
32200 0
32300 2
32400 0
32500 0
32600 0
32700 1
32800 1
32900 0
33000 0
33100 0
33200 1
33300 0
33400 1
33500 0
33600 0
33700 0
33800 1
33900 1
34000 2
34100 2
34200 0
34300 0
34400 0
34500 0
34600 0
34700 0
34800 0
34900 0
35000 1
35100 5
35200 5
35300 157
35400 860
35500 1479
35600 654
35700 96
35800 8
35900 1
36000 4
36100 0
36200 1
36300 1
36400 1
36500 1
36600 0
36700 1
36800 0
36900 0
37000 1
37100 3
37200 1
37300 0
37400 0
37500 0
37600 0
37700 1
37800 0
37900 0
38000 1
38100 0
38200 0
38300 0
38400 1
38500 1
38600 0
38700 1
38800 0
38900 0
39000 0
39100 0
39200 1
39300 1
39400 0
39500 0
39600 0
39700 1
39800 0
39900 0
40000 0
40100 1
40200 0
40300 6
40400 9
40500 5
40600 1
40700 1
40800 1
40900 0
41000 2
41100 1
41200 0
41300 0
41400 0
41500 1
41600 0
41700 2
41800 5
41900 1
42000 1
42100 2
42200 2
42300 2
42400 6
42500 2
42600 1
42700 1
42800 0
42900 0
43000 0
43100 0
43200 1
43300 0
43400 1
43500 0
43600 0
43700 1
43800 0
43900 0
44000 2
44100 0
44200 1
44300 0
44400 0
44500 2
44600 0
44700 2
44800 0
44900 0
45000 0
45100 0
45200 1
45300 0
45400 0
45500 1
45600 0
45700 0
45800 1
45900 0
46000 0
46100 0
46200 1
46300 2
46400 1
46500 0
46600 2
46700 0
46800 0
46900 0
47000 0
47100 0
47200 3
47300 1
47400 0
47500 0
47600 2
47700 0
47800 1
47900 0
48000 0
48100 2
48200 2
48300 2
48400 23
48500 366
48600 1351
48700 1244
48800 294
48900 25
49000 4
49100 2
49200 5
49300 3
49400 0
49500 2
49600 0
49700 0
49800 1
49900 0
50000 0
50100 3
50200 0
50300 1
50400 1
50500 0
50600 1
50700 0
50800 1
50900 0
51000 0
51100 0
51200 0
51300 1
51400 1
51500 0
51600 2
51700 0
51800 2
51900 0
52000 0
52100 0
52200 0
52300 0
52400 2
52500 1
52600 0
52700 0
52800 0
52900 0
53000 0
53100 1
53200 2
53300 3
53400 20
53500 42
53600 35
53700 13
53800 1
53900 0
54000 0
54100 0
54200 0
54300 0
54400 0
54500 0
54600 0
54700 2
54800 6
54900 1
55000 6
55100 4
55200 1
55300 3
55400 4
55500 6
55600 3
55700 0
55800 0
55900 0
56000 0
56100 1
56200 0
56300 1
56400 0
56500 0
56600 0
56700 1
56800 0
56900 0
57000 0
57100 1
57200 0
57300 0
57400 0
57500 1
57600 0
57700 0
57800 0
57900 3
58000 0
58100 0
58200 0
58300 0
58400 0
58500 0
58600 0
58700 0
58800 0
58900 1
59000 0
59100 1
59200 0
59300 0
59400 0
59500 1
59600 0
59700 0
59800 1
59900 0
60000 1
60100 0
60200 0
60300 2
60400 2
60500 0
60600 0
60700 0
60800 0
60900 0
61000 0
61100 1
61200 1
61300 1
61400 3
61500 4
61600 118
61700 864
61800 1459
61900 677
62000 116
62100 4
62200 1
62300 0
62400 1
62500 0
62600 1
62700 0
62800 0
62900 0
63000 0
63100 0
63200 1
63300 0
63400 1
63500 0
63600 0
63700 2
63800 0
63900 0
64000 1
64100 0
64200 0
64300 0
64400 1
64500 0
64600 0
64700 0
64800 0
64900 0
65000 0
65100 0
65200 0
65300 0
65400 0
65500 0
65600 0
65700 0
65800 1
65900 0
66000 0
66100 0
66200 1
66300 0
66400 1
66500 4
66600 7
66700 12
66800 7
66900 1
67000 1
67100 0
67200 0
67300 0
67400 0
67500 0
67600 1
67700 1
67800 0
67900 1
68000 4
68100 3
68200 2
68300 2
68400 1
68500 6
68600 7
68700 8
68800 3
68900 1
69000 1
69100 0
69200 0
69300 1
69400 0
69500 0
69600 0
69700 0
69800 0
69900 1
70000 0
70100 0
70200 0
70300 1
70400 1
70500 0
70600 0
70700 0
70800 1
70900 1
71000 0
71100 2
71200 0
71300 0
71400 0
71500 0
71600 0
71700 0
71800 2
71900 1
72000 1
72100 0
72200 0
72300 1
72400 0
72500 0
72600 0
72700 0
72800 0
72900 0
73000 1
73100 0
73200 0
73300 1
73400 3
73500 1
73600 2
73700 0
73800 0
73900 0
74000 0
74100 1
74200 1
74300 0
74400 4
74500 3
74600 4
74700 82
74800 712
74900 1460
75000 879
75100 118
75200 14
75300 2
75400 1
75500 0
75600 0
75700 0
75800 0
75900 1
76000 0
76100 1
76200 0
76300 2
76400 1
76500 0
76600 0
76700 0
76800 0
76900 2
77000 0
77100 0
77200 0
77300 0
77400 3
77500 1
77600 0
77700 0
77800 1
77900 1
78000 0
78100 0
78200 0
78300 0
78400 0
78500 0
78600 2
78700 1
78800 0
78900 0
79000 1
79100 0
79200 0
79300 1
79400 0
79500 0
79600 1
79700 5
79800 14
79900 6
80000 2
80100 1
80200 1
80300 0
80400 1
80500 0
80600 0
80700 0
80800 2
80900 0
81000 1
81100 4
81200 1
81300 3
81400 2
81500 2
81600 3
81700 11
81800 5
81900 4
82000 0
82100 0
82200 0
82300 1
82400 1
82500 0
82600 1
82700 3
82800 0
82900 1
83000 0
83100 1
83200 1
83300 0
83400 0
83500 0
83600 0
83700 0
83800 0
83900 0
84000 0
84100 0
84200 0
84300 0
84400 0
84500 0
84600 1
84700 0
84800 0
84900 1
85000 0
85100 0
85200 0
85300 0
85400 0
85500 1
85600 0
85700 0
85800 0
85900 0
86000 0
86100 1
86200 1
86300 0
86400 1
86500 0
86600 3
86700 1
86800 0
86900 0
87000 0
87100 1
87200 0
87300 0
87400 1
87500 0
87600 2
87700 2
87800 32
87900 435
88000 1459
88100 1137
88200 247
88300 22
88400 0
88500 0
88600 1
88700 1
88800 1
88900 0
89000 0
89100 0
89200 0
89300 0
89400 0
89500 1
89600 2
89700 0
89800 1
89900 0
90000 0
90100 0
90200 0
90300 0
90400 0
90500 1
90600 1
90700 0
90800 1
90900 1
91000 0
91100 0
91200 1
91300 0
91400 1
91500 1
91600 0
91700 0
91800 2
91900 0
92000 0
92100 0
92200 0
92300 0
92400 1
92500 1
92600 3
92700 0
92800 6
92900 10
93000 12
93100 2
93200 0
93300 0
93400 1
93500 0
93600 1
93700 0
93800 0
93900 0
94000 0
94100 3
94200 3
94300 7
94400 3
94500 5
94600 0
94700 3
94800 5
94900 5
95000 5
95100 1
95200 0
95300 1
95400 1
95500 2
95600 0
95700 0
95800 0
95900 0
96000 0
96100 2
96200 1
96300 0
96400 0
96500 1
96600 0
96700 1
96800 0
96900 0
97000 0
97100 0
97200 0
97300 0
97400 0
97500 1
97600 2
97700 1
97800 0
97900 0
98000 0
98100 1
98200 1
98300 1
98400 0
98500 0
98600 0
98700 0
98800 0
98900 0
99000 0
99100 0
99200 0
99300 1
99400 0
99500 0
99600 0
99700 0
99800 1
99900 1
100000 0
100100 0
100200 1
100300 0
100400 0
100500 0
100600 0
100700 2
100800 2
100900 17
101000 157
101100 907
101200 1411
101300 660
101400 89
101500 4
101600 1
101700 1
101800 0
101900 0
102000 0
102100 0
102200 0
102300 0
102400 0
102500 1
102600 0
102700 1
102800 0
102900 0
103000 1
103100 0
103200 0
103300 0
103400 0
103500 0
103600 1
103700 0
103800 0
103900 0
104000 1
104100 0
104200 1
104300 1
104400 0
104500 1
104600 2
104700 1
104800 0
104900 0
105000 0
105100 0
105200 0
105300 0
105400 0
105500 0
105600 1
105700 0
105800 0
105900 0
106000 6
106100 10
106200 2
106300 0
106400 0
106500 0
106600 0
106700 1
106800 0
106900 0
107000 0
107100 0
107200 0
107300 2
107400 3
107500 5
107600 2
107700 1
107800 0
107900 5
108000 11
108100 5
108200 0
108300 0
108400 0
108500 0
108600 0
108700 0
108800 1
108900 0
109000 0
109100 0
109200 1
109300 0
109400 0
109500 0
109600 0
109700 1
109800 0
109900 1
110000 0
110100 0
110200 2
110300 2
110400 0
110500 2
110600 1
110700 0
110800 0
110900 0
111000 0
111100 0
111200 0
111300 0
111400 0
111500 0
111600 0
111700 1
111800 0
111900 1
112000 1
112100 0
112200 1
112300 0
112400 0
112500 3
112600 0
112700 1
112800 2
112900 1
113000 0
113100 0
113200 0
113300 0
113400 0
113500 0
113600 0
113700 0
113800 2
113900 2
114000 6
114100 54
114200 598
114300 1533
114400 978
114500 164
114600 7
114700 0
114800 3
114900 2
115000 2
115100 0
115200 0
115300 0
115400 0
115500 0
115600 0
115700 1
115800 1
115900 1
116000 1
116100 0
116200 0
116300 0
116400 1
116500 0
116600 1
116700 0
116800 0
116900 0
117000 0
117100 0
117200 1
117300 0
117400 0
117500 0
117600 0
117700 0
117800 1
117900 0
118000 1
118100 0
118200 0
118300 0
118400 0
118500 1
118600 0
118700 0
118800 1
118900 0
119000 3
119100 3
119200 9
119300 5
119400 1
119500 0
119600 0
119700 0
119800 1
119900 0
120000 0
120100 1
120200 1
120300 0
120400 1
120500 2
120600 6
120700 5
120800 1
120900 1
121000 2
121100 8
121200 4
121300 4
121400 0
121500 0
121600 0
121700 0
121800 0
121900 0
122000 0
122100 1
122200 0
122300 0
122400 0
122500 0
122600 1
122700 1
122800 1
122900 1
123000 0
123100 0
123200 4
123300 2
123400 1
123500 0
123600 1
123700 0
123800 1
123900 0
124000 0
124100 0
124200 0
124300 0
124400 0
124500 0
124600 0
124700 0
124800 0
124900 0
125000 0
125100 0
125200 0
125300 2
125400 0
125500 0
125600 1
125700 0
125800 0
125900 1
126000 1
126100 0
126200 0
126300 1
126400 0
126500 0
126600 1
126700 0
126800 0
126900 1
127000 0
127100 1
127200 29
127300 334
127400 1229
127500 1269
127600 326
127700 24
127800 0
127900 0
128000 0
128100 1
128200 0
128300 1
128400 0
128500 1
128600 0
128700 0
128800 1
128900 1
129000 0
129100 1
129200 0
129300 0
129400 0
129500 0
129600 1
129700 0
129800 0
129900 0
130000 1
130100 1
130200 1
130300 0
130400 1
130500 3
130600 0
130700 0
130800 1
130900 0
131000 1
131100 0
131200 0
131300 1
131400 0
131500 1
131600 0
131700 1
131800 1
131900 0
132000 0
132100 1
132200 4
132300 5
132400 8
132500 1
132600 0
132700 0
132800 2
132900 0
133000 0
133100 2
133200 0
133300 1
133400 0
133500 0
133600 2
133700 6
133800 5
133900 1
134000 0
134100 3
134200 2
134300 5
134400 6
134500 1
134600 0
134700 0
134800 2
134900 0
135000 0
135100 0
135200 0
135300 1
135400 0
135500 1
135600 0
135700 0
135800 1
135900 1
136000 1
136100 0
136200 0
136300 0
136400 1
136500 1
136600 0
136700 0
136800 0
136900 0
137000 0
137100 0
137200 0
137300 0
137400 0
137500 0
137600 0
137700 0
137800 0
137900 0
138000 0
138100 0
138200 0
138300 1
138400 1
138500 0
138600 1
138700 0
138800 0
138900 0
139000 0
139100 0
139200 0
139300 0
139400 0
139500 1
139600 1
139700 1
139800 0
139900 2
140000 0
140100 0
140200 3
140300 10
140400 183
140500 914
140600 1487
140700 623
140800 75
140900 1
141000 1
141100 0
141200 1
141300 0
141400 0
141500 0
141600 0
141700 0
141800 0
141900 0
142000 0
142100 0
142200 0
142300 0
142400 1
142500 0
142600 0
142700 0
142800 0
142900 1
143000 0
143100 1
143200 0
143300 0
143400 0
143500 0
143600 0
143700 0
143800 0
143900 1
144000 0
144100 0
144200 2
144300 0
144400 0
144500 1
144600 0
144700 0
144800 1
144900 0
145000 0
145100 0
145200 1
145300 2
145400 11
145500 11
145600 5
145700 2
145800 0
145900 0
146000 1
146100 1
146200 0
146300 1
146400 0
146500 0
146600 0
146700 2
146800 3
146900 7
147000 2
147100 1
147200 0
147300 7
147400 4
147500 11
147600 0
147700 0
147800 0
147900 0
148000 0
148100 0
148200 0
148300 0
148400 0
148500 1
148600 0
148700 3
148800 0
148900 1
149000 1
149100 1
149200 0
149300 1
149400 0
149500 0
149600 1
149700 1
149800 1
149900 0
150000 1
150100 0
150200 0
150300 0
150400 1
150500 0
150600 1
150700 0
150800 1
150900 0
151000 0
151100 1
151200 0
151300 0
151400 0
151500 0
151600 0
151700 1
151800 0
151900 0
152000 0
152100 0
152200 0
152300 0
152400 1
152500 0
152600 0
152700 0
152800 0
152900 0
153000 0
153100 2
153200 1
153300 1
153400 8
153500 70
153600 560
153700 1409
153800 1043
153900 197
154000 12
154100 1
154200 0
154300 2
154400 0
154500 0
154600 0
154700 1
154800 0
154900 1
155000 0
155100 0
155200 2
155300 1
155400 1
155500 0
155600 0
155700 1
155800 0
155900 2
156000 1
156100 0
156200 0
156300 0
156400 1
156500 2
156600 1
156700 0
156800 0
156900 0
157000 0
157100 0
157200 1
157300 0
157400 2
157500 0
157600 0
157700 0
157800 0
157900 0
158000 0
158100 0
158200 2
158300 0
158400 0
158500 10
158600 16
158700 6
158800 1
158900 0
159000 0
159100 0
159200 0
159300 3
159400 1
159500 0
159600 0
159700 0
159800 2
159900 1
160000 4
160100 6
160200 3
160300 0
160400 0
160500 4
160600 4
160700 6
160800 0
160900 0
161000 0
161100 0
161200 0
161300 1
161400 1
161500 1
161600 1
161700 1
161800 0
161900 1
162000 2
162100 2
162200 0
162300 0
162400 1
162500 0
162600 0
162700 1
162800 0
162900 0
163000 1
163100 0
163200 0
163300 0
163400 0
163500 1
163600 0
163700 1
163800 2
163900 1
164000 0
164100 0
164200 0
164300 0
164400 1
164500 0
164600 0
164700 0
164800 0
164900 0
165000 1
165100 0
165200 0
165300 0
165400 0
165500 0
165600 0
165700 2
165800 0
165900 0
166000 1
166100 3
166200 1
166300 0
166400 1
166500 1
166600 28
166700 305
166800 1219
166900 1363
167000 422
167100 30
167200 1
167300 1
167400 2
167500 2
167600 0
167700 1
167800 0
167900 1
168000 1
168100 1
168200 2
168300 2
168400 1
168500 1
168600 0
168700 0
168800 0
168900 0
169000 0
169100 0
169200 1
169300 0
169400 1
169500 1
169600 0
169700 0
169800 1
169900 2
170000 0
170100 0
170200 2
170300 0
170400 1
170500 0
170600 0
170700 0
170800 1
170900 0
171000 0
171100 0
171200 0
171300 0
171400 1
171500 1
171600 3
171700 6
171800 9
171900 5
172000 1
172100 0
172200 1
172300 3
172400 0
172500 2
172600 0
172700 1
172800 0
172900 1
173000 5
173100 3
173200 4
173300 1
173400 0
173500 1
173600 5
173700 5
173800 5
173900 0
174000 0
174100 0
174200 1
174300 1
174400 0
174500 1
174600 2
174700 0
174800 0
174900 0
175000 1
175100 0
175200 1
175300 0
175400 2
175500 1
175600 0
175700 0
175800 1
175900 0
176000 2
176100 0
176200 0
176300 1
176400 1
176500 0
176600 0
176700 0
176800 0
176900 2
177000 0
177100 1
177200 3
177300 0
177400 1
177500 0
177600 2
177700 0
177800 0
177900 1
178000 0
178100 0
178200 0
178300 3
178400 0
178500 1
178600 2
178700 0
178800 0
178900 0
179000 0
179100 0
179200 0
179300 0
179400 0
179500 2
179600 1
179700 11
179800 126
179900 844
180000 1464
180100 731
180200 101
180300 5
180400 1
180500 2
180600 0
180700 1
180800 0
180900 0
181000 0
181100 0
181200 1
181300 1
181400 2
181500 1
181600 3
181700 2
181800 0
181900 0
182000 0
182100 3
182200 0
182300 1
182400 1
182500 0
182600 0
182700 0
182800 0
182900 1
183000 0
183100 1
183200 0
183300 0
183400 0
183500 1
183600 0
183700 0
183800 0
183900 1
184000 0
184100 0
184200 2
184300 0
184400 0
184500 1
184600 1
184700 0
184800 4
184900 7
185000 3
185100 1
185200 0
185300 0
185400 0
185500 0
185600 0
185700 0
185800 0
185900 0
186000 0
186100 2
186200 5
186300 1
186400 4
186500 1
186600 3
186700 2
186800 7
186900 4
187000 4
187100 0
187200 0
187300 0
187400 0
187500 3
187600 0
187700 0
187800 0
187900 1
188000 2
188100 0
188200 0
188300 1
188400 1
188500 0
188600 0
188700 0
188800 0
188900 0
189000 0
189100 0
189200 0
189300 1
189400 1
189500 0
189600 0
189700 0
189800 0
189900 0
190000 1
190100 0
190200 0
190300 0
190400 0
190500 0
190600 1
190700 1
190800 0
190900 0
191000 2
191100 0
191200 0
191300 0
191400 0
191500 1
191600 0
191700 1
191800 0
191900 0
192000 1
192100 0
192200 0
192300 2
192400 0
192500 1
192600 1
192700 0
192800 2
192900 50
193000 459
193100 1351
193200 1100
193300 299
193400 35
193500 0
193600 1
193700 1
193800 0
193900 0
194000 0
194100 1
194200 0
194300 0
194400 0
194500 1
194600 0
194700 0
194800 1
194900 0
195000 0
195100 0
195200 0
195300 1
195400 0
195500 0
195600 1
195700 0
195800 1
195900 0
196000 1
196100 1
196200 0
196300 2
196400 2
196500 0
196600 0
196700 0
196800 0
196900 0
197000 0
197100 0
197200 0
197300 0
197400 0
197500 1
197600 2
197700 2
197800 0
197900 4
198000 6
198100 7
198200 2
198300 1
198400 2
198500 1
198600 1
198700 1
198800 0
198900 0
199000 1
199100 1
199200 0
199300 5
199400 4
199500 3
199600 1
199700 1
199800 3
199900 5
200000 2
200100 3
200200 0
200300 0
200400 0
200500 0
200600 0
200700 0
200800 0
200900 2
201000 0
201100 1
201200 0
201300 1
201400 0
201500 0
201600 2
201700 0
201800 0
201900 1
202000 0
202100 0
202200 0
202300 0
202400 1
202500 1
202600 0
202700 0
202800 1
202900 1
203000 0
203100 0
203200 3
203300 0
203400 0
203500 1
203600 0
203700 2
203800 0
203900 1
204000 0
204100 2
204200 1
204300 0
204400 1
204500 0
204600 1
204700 0
204800 0
204900 1
205000 0
205100 1
205200 1
205300 1
205400 1
205500 0
205600 0
205700 2
205800 0
205900 4
206000 20
206100 266
206200 1094
206300 1398
206400 512
206500 62
206600 2
206700 1
206800 2
206900 0
207000 1
207100 0
207200 1
207300 0
207400 0
207500 0
207600 0
207700 0
207800 0
207900 1
208000 0
208100 1
208200 0
208300 0
208400 0
208500 1
208600 0
208700 0
208800 0
208900 0
209000 1
209100 0
209200 1
209300 2
209400 0
209500 0
209600 0
209700 3
209800 1
209900 0
210000 0
210100 0
210200 1
210300 0
210400 0
210500 0
210600 0
210700 1
210800 0
210900 1
211000 3
211100 5
211200 7
211300 2
211400 2
211500 0
211600 0
211700 0
211800 0
211900 0
212000 1
212100 0
212200 0
212300 1
212400 4
212500 7
212600 6
212700 3
212800 0
212900 1
213000 5
213100 4
213200 1
213300 1
213400 1
213500 0
213600 0
213700 0
213800 0
213900 1
214000 3
214100 0
214200 1
214300 0
214400 1
214500 0
214600 1
214700 2
214800 0
214900 1
215000 1
215100 1
215200 1
215300 2
215400 0
215500 0
215600 1
215700 1
215800 0
215900 0
216000 1
216100 2
216200 1
216300 0
216400 0
216500 1
216600 0
216700 0
216800 0
216900 0
217000 1
217100 0
217200 0
217300 0
217400 2
217500 0
217600 0
217700 0
217800 0
217900 3
218000 2
218100 1
218200 0
218300 0
218400 2
218500 0
218600 0
218700 1
218800 0
218900 0
219000 4
219100 4
219200 122
219300 791
219400 1405
219500 844
219600 115
219700 6
219800 0
219900 2
220000 2
220100 1
220200 0
220300 1
220400 0
220500 1
220600 0
220700 1
220800 1
220900 3
221000 0
221100 0
221200 1
221300 0
221400 0
221500 0
221600 2
221700 0
221800 1
221900 2
222000 0
222100 0
222200 0
222300 1
222400 0
222500 0
222600 0
222700 0
222800 0
222900 1
223000 0
223100 0
223200 0
223300 0
223400 2
223500 0
223600 3
223700 0
223800 1
223900 0
224000 1
224100 2
224200 5
224300 5
224400 1
224500 1
224600 1
224700 0
224800 0
224900 0
225000 0
225100 0
225200 0
225300 0
225400 1
225500 0
225600 3
225700 9
225800 13
225900 3
226000 3
226100 4
226200 16
226300 8
226400 10
226500 1
226600 0
226700 2
226800 0
226900 0
227000 1
227100 1
227200 1
227300 1
227400 0
227500 1
227600 0
227700 1
227800 1
227900 0
228000 1
228100 0
228200 1
228300 0
228400 0
228500 0
228600 0
228700 0
228800 0
228900 2
229000 2
229100 1
229200 0
229300 1
229400 0
229500 1
229600 3
229700 0
229800 1
229900 1
230000 0
230100 1
230200 0
230300 1
230400 0
230500 0
230600 0
230700 0
230800 1
230900 0
231000 2
231100 1
231200 1
231300 1
231400 2
231500 0
231600 1
231700 1
231800 0
231900 1
232000 2
232100 0
232200 7
232300 93
232400 565
232500 1381
232600 992
232700 196
232800 19
232900 2
233000 2
233100 0
233200 2
233300 0
233400 1
233500 0
233600 0
233700 0
233800 0
233900 0
234000 3
234100 0
234200 0
234300 0
234400 0
234500 1
234600 0
234700 1
234800 0
234900 0
235000 1
235100 0
235200 2
235300 0
235400 0
235500 1
235600 0
235700 0
235800 0
235900 0
236000 1
236100 1
236200 0
236300 0
236400 1
236500 1
236600 1
236700 0
236800 1
236900 0
237000 0
237100 1
237200 0
237300 7
237400 5
237500 9
237600 1
237700 0
237800 0
237900 0
238000 0
238100 0
238200 1
238300 0
238400 0
238500 0
238600 2
238700 4
238800 7
238900 3
239000 2
239100 0
239200 3
239300 3
239400 9
239500 5
239600 1
239700 1
239800 1
239900 2
240000 0
240100 1
240200 0
240300 1
240400 0
240500 0
240600 1
240700 0
240800 1
240900 0
241000 0
241100 1
241200 0
241300 2
241400 0
241500 1
241600 1
241700 0
241800 1
241900 0
242000 0
242100 0
242200 1
242300 1
242400 0
242500 0
242600 0
242700 0
242800 0
242900 0
243000 0
243100 0
243200 0
243300 0
243400 0
243500 0
243600 1
243700 0
243800 0
243900 0
244000 2
244100 2
244200 2
244300 1
244400 0
244500 0
244600 0
244700 1
244800 0
244900 0
245000 0
245100 1
245200 0
245300 1
245400 32
245500 293
245600 1113
245700 1280
245800 477
245900 61
246000 4
246100 1
246200 0
246300 0
246400 0
246500 0
246600 0
246700 0
246800 0
246900 2
247000 0
247100 0
247200 1
247300 0
247400 1
247500 0
247600 0
247700 1
247800 1
247900 0
248000 0
248100 1
248200 1
248300 0
248400 1
248500 1
248600 1
248700 0
248800 0
248900 0
249000 0
249100 0
249200 1
249300 0
249400 0
249500 1
249600 0
249700 0
249800 0
249900 1
250000 0
250100 2
250200 0
250300 1
250400 2
250500 11
250600 7
250700 5
250800 0
250900 1
251000 1
251100 0
251200 0
251300 0
251400 0
251500 1
251600 1
251700 0
251800 0
251900 4
252000 4
252100 3
252200 2
252300 2
252400 5
252500 2
252600 9
252700 2
252800 1
252900 0
253000 1
253100 0
253200 1
253300 0
253400 0
253500 1
253600 0
253700 0
253800 0
253900 0
254000 0
254100 0
254200 0
254300 0
254400 2
254500 0
254600 0
254700 1
254800 1
254900 0
255000 0
255100 0
255200 0
255300 0
255400 1
255500 0
255600 0
255700 0
255800 1
255900 2
256000 2
256100 0
256200 0
256300 0
256400 1
256500 1
256600 0
256700 1
256800 0
256900 2
257000 0
257100 0
257200 0
257300 0
257400 1
257500 2
257600 0
257700 0
257800 0
257900 0
258000 0
258100 0
258200 2
258300 4
258400 7
258500 12
258600 138
258700 814
258800 1412
258900 756
259000 126
259100 7
259200 3
259300 3
259400 1
259500 0
259600 0
259700 1
259800 0
259900 0
260000 1
260100 0
260200 0
260300 0
260400 2
260500 0
260600 0
260700 0
260800 1
260900 1
261000 0
261100 0
261200 0
261300 0
261400 0
261500 0
261600 0
261700 0
261800 2
261900 0
262000 1
262100 0
262200 0
262300 0
262400 0
262500 0
262600 1
262700 0
262800 0
262900 0
263000 1
263100 0
263200 1
263300 1
263400 0
263500 2
263600 3
263700 6
263800 4
263900 1
264000 0
264100 0
264200 1
264300 0
264400 0
264500 0
264600 0
264700 0
264800 1
264900 0
265000 3
265100 8
265200 3
265300 1
265400 1
265500 5
265600 5
265700 6
265800 1
265900 0
266000 0
266100 0
266200 2
266300 0
266400 2
266500 1
266600 0
266700 0
266800 2
266900 0
267000 0
267100 1
267200 1
267300 0
267400 0
267500 0
267600 0
267700 0
267800 0
267900 0
268000 0
268100 0
268200 0
268300 0
268400 0
268500 0
268600 1
268700 1
268800 0
268900 1
269000 0
269100 0
269200 0
269300 0
269400 0
269500 0
269600 2
269700 0
269800 0
269900 0
270000 1
270100 1
270200 0
270300 2
270400 1
270500 1
270600 0
270700 0
270800 1
270900 0
271000 0
271100 0
271200 0
271300 0
271400 1
271500 0
271600 4
271700 63
271800 591
271900 1364
272000 1093
272100 262
272200 14
272300 3
272400 0
272500 0
272600 0
272700 0
272800 0
272900 0
273000 0
273100 0
273200 1
273300 0
273400 0
273500 0
273600 0
273700 3
273800 0
273900 0
274000 0
274100 0
274200 0
274300 0
274400 1
274500 1
274600 0
274700 1
274800 0
274900 0
275000 0
275100 0
275200 1
275300 1
275400 0
275500 0
275600 0
275700 1
275800 1
275900 0
276000 0
276100 0
276200 0
276300 0
276400 1
276500 1
276600 0
276700 5
276800 8
276900 7
277000 0
277100 1
277200 1
277300 1
277400 0
277500 0
277600 1
277700 0
277800 0
277900 1
278000 0
278100 6
278200 6
278300 5
278400 1
278500 0
278600 1
278700 8
278800 1
278900 3
279000 0
279100 0
279200 0
279300 1
279400 0
279500 0
279600 1
279700 0
279800 1
279900 0
280000 1
280100 0
280200 0
280300 0
280400 1
280500 2
280600 2
280700 0
280800 0
280900 1
281000 1
281100 2
281200 0
281300 0
281400 1
281500 0
281600 0
281700 0
281800 0
281900 0
282000 1
282100 2
282200 0
282300 0
282400 0
282500 1
282600 0
282700 0
282800 1
282900 0
283000 0
283100 0
283200 0
283300 0
283400 0
283500 1
283600 2
283700 1
283800 0
283900 0
284000 0
284100 0
284200 0
284300 0
284400 2
284500 0
284600 0
284700 1
284800 23
284900 273
285000 1149
285100 1331
285200 465
285300 48
285400 2
285500 1
285600 1
285700 0
285800 0
285900 0
286000 0
286100 0
286200 0
286300 0
286400 0
286500 0
286600 0
286700 1
286800 0
286900 0
287000 0
287100 0
287200 1
287300 1
287400 2
287500 0
287600 0
287700 0
287800 0
287900 0
288000 0
288100 0
288200 1
288300 3
288400 0
288500 0
288600 0
288700 0
288800 0
288900 0
289000 0
289100 0
289200 0
289300 0
289400 0
289500 0
289600 1
289700 2
289800 5
289900 5
290000 8
290100 7
290200 1
290300 0
290400 2
290500 0
290600 0
290700 1
290800 2
290900 1
291000 0
291100 1
291200 3
291300 7
291400 1
291500 3
291600 1
291700 0
291800 2
291900 7
292000 7
292100 5
292200 0
292300 0
292400 1
292500 0
292600 0
292700 0
292800 0
292900 1
293000 0
293100 1
293200 0
293300 1
293400 0
293500 0
293600 2
293700 0
293800 2
293900 0
294000 0
294100 0
294200 0
294300 0
294400 0
294500 0
294600 1
294700 0
294800 1
294900 0
295000 1
295100 0
295200 0
295300 0
295400 1
295500 1
295600 0
295700 1
295800 0
295900 0
296000 1
296100 2
296200 0
296300 0
296400 1
296500 0
296600 1
296700 1
296800 0
296900 0
297000 2
297100 0
297200 1
297300 2
297400 2
297500 2
297600 1
297700 2
297800 3
297900 13
298000 117
298100 793
298200 1465
298300 878
298400 132
298500 15
298600 1
298700 1
298800 1
298900 0
299000 0
299100 0
299200 1
299300 0
299400 0
299500 0
299600 0
299700 0
299800 0
299900 0
