-300000 0
-299900 1
-299800 5
-299700 10
-299600 5
-299500 5
-299400 4
-299300 7
-299200 11
-299100 10
-299000 2
-298900 1
-298800 0
-298700 0
-298600 1
-298500 0
-298400 0
-298300 0
-298200 0
-298100 1
-298000 1
-297900 0
-297800 1
-297700 0
-297600 0
-297500 4
-297400 0
-297300 1
-297200 1
-297100 0
-297000 0
-296900 0
-296800 1
-296700 1
-296600 0
-296500 0
-296400 1
-296300 1
-296200 0
-296100 0
-296000 0
-295900 0
-295800 0
-295700 1
-295600 1
-295500 0
-295400 0
-295300 0
-295200 2
-295100 1
-295000 0
-294900 0
-294800 1
-294700 1
-294600 0
-294500 1
-294400 3
-294300 1
-294200 0
-294100 0
-294000 0
-293900 1
-293800 2
-293700 0
-293600 2
-293500 3
-293400 4
-293300 2
-293200 2
-293100 72
-293000 551
-292900 1618
-292800 1382
-292700 345
-292600 30
-292500 6
-292400 2
-292300 1
-292200 0
-292100 0
-292000 0
-291900 3
-291800 1
-291700 0
-291600 0
-291500 0
-291400 3
-291300 1
-291200 0
-291100 1
-291000 1
-290900 1
-290800 1
-290700 0
-290600 0
-290500 0
-290400 0
-290300 0
-290200 1
-290100 0
-290000 0
-289900 0
-289800 1
-289700 0
-289600 0
-289500 0
-289400 0
-289300 2
-289200 0
-289100 1
-289000 1
-288900 1
-288800 0
-288700 1
-288600 1
-288500 0
-288400 0
-288300 3
-288200 4
-288100 17
-288000 44
-287900 29
-287800 7
-287700 2
-287600 1
-287500 0
-287400 1
-287300 2
-287200 0
-287100 0
-287000 2
-286900 0
-286800 4
-286700 4
-286600 5
-286500 10
-286400 2
-286300 2
-286200 2
-286100 11
-286000 13
-285900 8
-285800 3
-285700 0
-285600 0
-285500 0
-285400 1
-285300 0
-285200 2
-285100 1
-285000 0
-284900 1
-284800 1
-284700 2
-284600 0
-284500 2
-284400 2
-284300 1
-284200 1
-284100 0
-284000 1
-283900 0
-283800 0
-283700 0
-283600 0
-283500 0
-283400 1
-283300 1
-283200 0
-283100 0
-283000 1
-282900 0
-282800 0
-282700 0
-282600 0
-282500 0
-282400 0
-282300 0
-282200 0
-282100 0
-282000 0
-281900 2
-281800 0
-281700 0
-281600 0
-281500 2
-281400 0
-281300 0
-281200 1
-281100 0
-281000 0
-280900 0
-280800 1
-280700 0
-280600 0
-280500 0
-280400 0
-280300 1
-280200 4
-280100 3
-280000 27
-279900 265
-279800 1167
-279700 1604
-279600 694
-279500 96
-279400 5
-279300 1
-279200 4
-279100 0
-279000 0
-278900 0
-278800 1
-278700 0
-278600 1
-278500 0
-278400 1
-278300 0
-278200 1
-278100 4
-278000 2
-277900 0
-277800 0
-277700 1
-277600 1
-277500 1
-277400 0
-277300 0
-277200 0
-277100 0
-277000 0
-276900 0
-276800 0
-276700 1
-276600 1
-276500 2
-276400 1
-276300 2
-276200 0
-276100 0
-276000 1
-275900 0
-275800 0
-275700 3
-275600 0
-275500 0
-275400 0
-275300 1
-275200 0
-275100 1
-275000 8
-274900 41
-274800 29
-274700 11
-274600 0
-274500 0
-274400 0
-274300 2
-274200 1
-274100 0
-274000 2
-273900 1
-273800 0
-273700 1
-273600 3
-273500 8
-273400 9
-273300 5
-273200 1
-273100 3
-273000 7
-272900 19
-272800 11
-272700 3
-272600 2
-272500 0
-272400 0
-272300 0
-272200 1
-272100 0
-272000 0
-271900 1
-271800 0
-271700 1
-271600 1
-271500 0
-271400 0
-271300 2
-271200 1
-271100 1
-271000 0
-270900 0
-270800 0
-270700 2
-270600 2
-270500 1
-270400 1
-270300 0
-270200 0
-270100 1
-270000 3
-269900 2
-269800 2
-269700 0
-269600 1
-269500 0
-269400 0
-269300 2
-269200 3
-269100 0
-269000 1
-268900 1
-268800 1
-268700 2
-268600 1
-268500 0
-268400 1
-268300 0
-268200 1
-268100 1
-268000 2
-267900 0
-267800 4
-267700 0
-267600 1
-267500 0
-267400 1
-267300 0
-267200 0
-267100 0
-267000 2
-266900 13
-266800 133
-266700 847
-266600 1714
-266500 1002
-266400 168
-266300 10
-266200 2
-266100 0
-266000 2
-265900 0
-265800 0
-265700 0
-265600 0
-265500 1
-265400 1
-265300 0
-265200 1
-265100 1
-265000 0
-264900 1
-264800 0
-264700 0
-264600 0
-264500 1
-264400 1
-264300 1
-264200 1
-264100 0
-264000 1
-263900 0
-263800 1
-263700 0
-263600 1
-263500 1
-263400 0
-263300 0
-263200 0
-263100 2
-263000 0
-262900 1
-262800 0
-262700 0
-262600 0
-262500 1
-262400 2
-262300 1
-262200 0
-262100 0
-262000 1
-261900 8
-261800 25
-261700 46
-261600 20
-261500 5
-261400 1
-261300 1
-261200 1
-261100 0
-261000 1
-260900 0
-260800 0
-260700 0
-260600 0
-260500 1
-260400 2
-260300 6
-260200 8
-260100 4
-260000 2
-259900 7
-259800 13
-259700 11
-259600 7
-259500 2
-259400 0
-259300 2
-259200 0
-259100 1
-259000 0
-258900 0
-258800 1
-258700 0
-258600 2
-258500 2
-258400 1
-258300 0
-258200 0
-258100 0
-258000 2
-257900 0
-257800 0
-257700 1
-257600 0
-257500 0
-257400 0
-257300 0
-257200 0
-257100 0
-257000 1
-256900 0
-256800 0
-256700 1
-256600 0
-256500 0
-256400 0
-256300 0
-256200 0
-256100 1
-256000 2
-255900 0
-255800 1
-255700 1
-255600 0
-255500 0
-255400 1
-255300 0
-255200 0
-255100 1
-255000 0
-254900 1
-254800 0
-254700 2
-254600 0
-254500 0
-254400 0
-254300 0
-254200 1
-254100 0
-254000 0
-253900 2
-253800 9
-253700 47
-253600 497
-253500 1506
-253400 1383
-253300 338
-253200 25
-253100 1
-253000 3
-252900 2
-252800 0
-252700 0
-252600 0
-252500 0
-252400 0
-252300 0
-252200 0
-252100 0
-252000 2
-251900 2
-251800 6
-251700 2
-251600 0
-251500 0
-251400 0
-251300 0
-251200 1
-251100 1
-251000 0
-250900 1
-250800 0
-250700 0
-250600 0
-250500 0
-250400 0
-250300 0
-250200 0
-250100 2
-250000 0
-249900 1
-249800 0
-249700 0
-249600 0
-249500 0
-249400 0
-249300 1
-249200 0
-249100 0
-249000 1
-248900 0
-248800 0
-248700 13
-248600 39
-248500 24
-248400 7
-248300 1
-248200 1
-248100 0
-248000 0
-247900 0
-247800 1
-247700 0
-247600 0
-247500 0
-247400 2
-247300 2
-247200 6
-247100 9
-247000 3
-246900 6
-246800 5
-246700 12
-246600 11
-246500 7
-246400 4
-246300 1
-246200 1
-246100 3
-246000 0
-245900 0
-245800 0
-245700 0
-245600 1
-245500 1
-245400 2
-245300 1
-245200 1
-245100 2
-245000 2
-244900 3
-244800 2
-244700 2
-244600 0
-244500 1
-244400 0
-244300 2
-244200 0
-244100 0
-244000 0
-243900 0
-243800 1
-243700 0
-243600 0
-243500 0
-243400 1
-243300 0
-243200 0
-243100 0
-243000 2
-242900 0
-242800 0
-242700 0
-242600 0
-242500 1
-242400 0
-242300 1
-242200 3
-242100 3
-242000 2
-241900 1
-241800 0
-241700 2
-241600 1
-241500 0
-241400 1
-241300 0
-241200 1
-241100 0
-241000 2
-240900 1
-240800 0
-240700 2
-240600 17
-240500 227
-240400 1216
-240300 1681
-240200 715
-240100 101
-240000 2
-239900 0
-239800 1
-239700 1
-239600 0
-239500 0
-239400 2
-239300 0
-239200 2
-239100 1
-239000 0
-238900 0
-238800 1
-238700 2
-238600 1
-238500 1
-238400 0
-238300 0
-238200 0
-238100 0
-238000 0
-237900 1
-237800 1
-237700 1
-237600 0
-237500 0
-237400 0
-237300 2
-237200 0
-237100 0
-237000 0
-236900 0
-236800 1
-236700 2
-236600 0
-236500 0
-236400 0
-236300 0
-236200 1
-236100 0
-236000 0
-235900 1
-235800 1
-235700 2
-235600 11
-235500 31
-235400 48
-235300 14
-235200 1
-235100 2
-235000 2
-234900 0
-234800 0
-234700 1
-234600 0
-234500 3
-234400 0
-234300 1
-234200 2
-234100 6
-234000 10
-233900 12
-233800 3
-233700 2
-233600 10
-233500 13
-233400 13
-233300 1
-233200 0
-233100 0
-233000 1
-232900 2
-232800 0
-232700 1
-232600 1
-232500 0
-232400 1
-232300 2
-232200 1
-232100 0
-232000 0
-231900 0
-231800 0
-231700 1
-231600 0
-231500 0
-231400 1
-231300 1
-231200 2
-231100 0
-231000 1
-230900 0
-230800 0
-230700 0
-230600 2
-230500 1
-230400 2
-230300 0
-230200 0
-230100 0
-230000 1
-229900 0
-229800 0
-229700 0
-229600 0
-229500 0
-229400 0
-229300 0
-229200 1
-229100 0
-229000 3
-228900 1
-228800 2
-228700 0
-228600 2
-228500 1
-228400 0
-228300 0
-228200 0
-228100 1
-228000 0
-227900 0
-227800 1
-227700 0
-227600 1
-227500 12
-227400 90
-227300 756
-227200 1680
-227100 1152
-227000 219
-226900 11
-226800 2
-226700 2
-226600 1
-226500 1
-226400 1
-226300 0
-226200 0
-226100 2
-226000 0
-225900 0
-225800 2
-225700 2
-225600 0
-225500 1
-225400 0
-225300 0
-225200 0
-225100 1
-225000 0
-224900 1
-224800 1
-224700 0
-224600 0
-224500 1
-224400 0
-224300 0
-224200 0
-224100 0
-224000 1
-223900 0
-223800 0
-223700 0
-223600 0
-223500 0
-223400 0
-223300 0
-223200 2
-223100 0
-223000 0
-222900 0
-222800 0
-222700 0
-222600 1
-222500 8
-222400 19
-222300 38
-222200 14
-222100 2
-222000 1
-221900 1
-221800 1
-221700 0
-221600 0
-221500 0
-221400 2
-221300 0
-221200 1
-221100 1
-221000 6
-220900 15
-220800 10
-220700 4
-220600 0
-220500 8
-220400 7
-220300 8
-220200 3
-220100 3
-220000 1
-219900 0
-219800 1
-219700 0
-219600 0
-219500 0
-219400 2
-219300 1
-219200 0
-219100 2
-219000 2
-218900 0
-218800 1
-218700 1
-218600 0
-218500 0
-218400 0
-218300 0
-218200 0
-218100 2
-218000 0
-217900 1
-217800 0
-217700 0
-217600 0
-217500 1
-217400 1
-217300 0
-217200 0
-217100 0
-217000 0
-216900 0
-216800 1
-216700 0
-216600 3
-216500 0
-216400 1
-216300 0
-216200 0
-216100 2
-216000 2
-215900 1
-215800 3
-215700 1
-215600 3
-215500 1
-215400 1
-215300 0
-215200 1
-215100 0
-215000 0
-214900 1
-214800 1
-214700 1
-214600 2
-214500 2
-214400 7
-214300 46
-214200 534
-214100 1534
-214000 1323
-213900 359
-213800 22
-213700 1
-213600 1
-213500 0
-213400 1
-213300 0
-213200 1
-213100 0
-213000 0
-212900 1
-212800 0
-212700 0
-212600 0
-212500 3
-212400 4
-212300 1
-212200 0
-212100 1
-212000 1
-211900 1
-211800 1
-211700 1
-211600 0
-211500 1
-211400 1
-211300 0
-211200 0
-211100 1
-211000 0
-210900 1
-210800 0
-210700 1
-210600 1
-210500 0
-210400 1
-210300 0
-210200 1
-210100 0
-210000 0
-209900 1
-209800 0
-209700 0
-209600 2
-209500 0
-209400 3
-209300 19
-209200 39
-209100 25
-209000 4
-208900 3
-208800 0
-208700 0
-208600 0
-208500 1
-208400 0
-208300 1
-208200 1
-208100 1
-208000 2
-207900 7
-207800 4
-207700 10
-207600 6
-207500 1
-207400 13
-207300 14
-207200 13
-207100 9
-207000 4
-206900 1
-206800 0
-206700 0
-206600 1
-206500 1
-206400 0
-206300 1
-206200 1
-206100 0
-206000 1
-205900 0
-205800 1
-205700 0
-205600 0
-205500 2
-205400 1
-205300 0
-205200 0
-205100 1
-205000 0
-204900 1
-204800 0
-204700 1
-204600 0
-204500 0
-204400 2
-204300 0
-204200 1
-204100 3
-204000 1
-203900 0
-203800 1
-203700 1
-203600 1
-203500 0
-203400 0
-203300 0
-203200 0
-203100 1
-203000 0
-202900 0
-202800 1
-202700 0
-202600 1
-202500 0
-202400 3
-202300 0
-202200 1
-202100 1
-202000 3
-201900 0
-201800 2
-201700 0
-201600 0
-201500 1
-201400 1
-201300 4
-201200 26
-201100 303
-201000 1292
-200900 1671
-200800 547
-200700 74
-200600 5
-200500 2
-200400 1
-200300 0
-200200 1
-200100 0
-200000 2
-199900 0
-199800 1
-199700 0
-199600 1
-199500 1
-199400 1
-199300 2
-199200 0
-199100 3
-199000 1
-198900 0
-198800 0
-198700 0
-198600 0
-198500 1
-198400 0
-198300 2
-198200 0
-198100 0
-198000 0
-197900 1
-197800 0
-197700 0
-197600 0
-197500 1
-197400 1
-197300 0
-197200 2
-197100 0
-197000 1
-196900 0
-196800 0
-196700 1
-196600 0
-196500 0
-196400 3
-196300 3
-196200 12
-196100 39
-196000 31
-195900 19
-195800 4
-195700 2
-195600 1
-195500 2
-195400 1
-195300 0
-195200 0
-195100 1
-195000 0
-194900 2
-194800 4
-194700 4
-194600 11
-194500 3
-194400 1
-194300 3
-194200 6
-194100 12
-194000 11
-193900 3
-193800 0
-193700 1
-193600 4
-193500 0
-193400 1
-193300 0
-193200 0
-193100 0
-193000 1
-192900 0
-192800 0
-192700 0
-192600 1
-192500 1
-192400 0
-192300 3
-192200 0
-192100 0
-192000 1
-191900 1
-191800 1
-191700 0
-191600 1
-191500 0
-191400 0
-191300 0
-191200 1
-191100 0
-191000 2
-190900 0
-190800 1
-190700 0
-190600 0
-190500 0
-190400 0
-190300 0
-190200 0
-190100 0
-190000 1
-189900 1
-189800 0
-189700 1
-189600 1
-189500 1
-189400 0
-189300 1
-189200 1
-189100 0
-189000 0
-188900 0
-188800 0
-188700 1
-188600 1
-188500 2
-188400 1
-188300 3
-188200 4
-188100 7
-188000 114
-187900 817
-187800 1664
-187700 993
-187600 189
-187500 6
-187400 2
-187300 1
-187200 1
-187100 1
-187000 1
-186900 0
-186800 0
-186700 0
-186600 0
-186500 0
-186400 1
-186300 0
-186200 1
-186100 2
-186000 0
-185900 0
-185800 0
-185700 0
-185600 0
-185500 0
-185400 1
-185300 0
-185200 0
-185100 0
-185000 1
-184900 0
-184800 0
-184700 3
-184600 1
-184500 2
-184400 2
-184300 1
-184200 0
-184100 1
-184000 0
-183900 1
-183800 2
-183700 1
-183600 0
-183500 1
-183400 0
-183300 1
-183200 2
-183100 6
-183000 21
-182900 46
-182800 19
-182700 3
-182600 1
-182500 1
-182400 1
-182300 0
-182200 0
-182100 0
-182000 0
-181900 1
-181800 0
-181700 0
-181600 9
-181500 7
-181400 8
-181300 6
-181200 8
-181100 3
-181000 16
-180900 9
-180800 4
-180700 0
-180600 0
-180500 0
-180400 2
-180300 1
-180200 1
-180100 0
-180000 1
-179900 1
-179800 2
-179700 2
-179600 1
-179500 0
-179400 0
-179300 0
-179200 2
-179100 1
-179000 0
-178900 0
-178800 0
-178700 0
-178600 0
-178500 0
-178400 1
-178300 1
-178200 1
-178100 0
-178000 1
-177900 0
-177800 1
-177700 0
-177600 1
-177500 0
-177400 0
-177300 1
-177200 0
-177100 0
-177000 0
-176900 0
-176800 1
-176700 2
-176600 0
-176500 0
-176400 0
-176300 0
-176200 0
-176100 2
-176000 0
-175900 0
-175800 0
-175700 0
-175600 0
-175500 1
-175400 1
-175300 1
-175200 1
-175100 3
-175000 5
-174900 47
-174800 430
-174700 1574
-174600 1384
-174500 373
-174400 33
-174300 0
-174200 1
-174100 1
-174000 1
-173900 0
-173800 1
-173700 0
-173600 0
-173500 0
-173400 0
-173300 0
-173200 2
-173100 1
-173000 0
-172900 3
-172800 0
-172700 1
-172600 0
-172500 0
-172400 2
-172300 0
-172200 1
-172100 0
-172000 1
-171900 0
-171800 0
-171700 0
-171600 0
-171500 1
-171400 1
-171300 0
-171200 0
-171100 0
-171000 0
-170900 2
-170800 1
-170700 0
-170600 0
-170500 0
-170400 0
-170300 3
-170200 2
-170100 2
-170000 4
-169900 9
-169800 27
-169700 30
-169600 6
-169500 1
-169400 2
-169300 1
-169200 0
-169100 1
-169000 0
-168900 1
-168800 0
-168700 1
-168600 0
-168500 4
-168400 12
-168300 12
-168200 7
-168100 3
-168000 6
-167900 10
-167800 12
-167700 5
-167600 1
-167500 1
-167400 1
-167300 1
-167200 0
-167100 1
-167000 1
-166900 0
-166800 0
-166700 2
-166600 1
-166500 0
-166400 0
-166300 0
-166200 1
-166100 3
-166000 1
-165900 1
-165800 0
-165700 0
-165600 1
-165500 0
-165400 0
-165300 0
-165200 1
-165100 0
-165000 0
-164900 1
-164800 1
-164700 0
-164600 0
-164500 2
-164400 1
-164300 0
-164200 0
-164100 2
-164000 2
-163900 0
-163800 0
-163700 0
-163600 0
-163500 0
-163400 1
-163300 2
-163200 1
-163100 0
-163000 2
-162900 0
-162800 1
-162700 1
-162600 0
-162500 1
-162400 0
-162300 0
-162200 2
-162100 1
-162000 5
-161900 5
-161800 21
-161700 209
-161600 1142
-161500 1694
-161400 764
-161300 68
-161200 2
-161100 1
-161000 0
-160900 0
-160800 2
-160700 0
-160600 0
-160500 0
-160400 0
-160300 0
-160200 2
-160100 1
-160000 1
-159900 3
-159800 3
-159700 0
-159600 0
-159500 0
-159400 1
-159300 1
-159200 0
-159100 0
-159000 1
-158900 0
-158800 1
-158700 0
-158600 0
-158500 0
-158400 0
-158300 0
-158200 0
-158100 0
-158000 3
-157900 0
-157800 0
-157700 0
-157600 0
-157500 1
-157400 0
-157300 0
-157200 0
-157100 0
-157000 0
-156900 2
-156800 8
-156700 28
-156600 52
-156500 18
-156400 1
-156300 0
-156200 0
-156100 0
-156000 0
-155900 0
-155800 0
-155700 1
-155600 3
-155500 0
-155400 3
-155300 3
-155200 12
-155100 3
-155000 1
-154900 5
-154800 10
-154700 14
-154600 6
-154500 4
-154400 2
-154300 1
-154200 0
-154100 1
-154000 0
-153900 0
-153800 0
-153700 0
-153600 2
-153500 2
-153400 1
-153300 0
-153200 1
-153100 0
-153000 1
-152900 0
-152800 0
-152700 0
-152600 1
-152500 0
-152400 0
-152300 1
-152200 3
-152100 0
-152000 2
-151900 0
-151800 1
-151700 1
-151600 1
-151500 0
-151400 0
-151300 1
-151200 1
-151100 0
-151000 1
-150900 1
-150800 0
-150700 0
-150600 0
-150500 0
-150400 0
-150300 2
-150200 2
-150100 1
-150000 2
-149900 0
-149800 1
-149700 0
-149600 1
-149500 0
-149400 0
-149300 0
-149200 0
-149100 0
-149000 0
-148900 2
-148800 2
-148700 8
-148600 98
-148500 739
-148400 1690
-148300 1096
-148200 202
-148100 11
-148000 1
-147900 2
-147800 0
-147700 0
-147600 1
-147500 1
-147400 0
-147300 0
-147200 0
-147100 1
-147000 0
-146900 3
-146800 2
-146700 3
-146600 0
-146500 1
-146400 1
-146300 0
-146200 0
-146100 0
-146000 0
-145900 1
-145800 1
-145700 0
-145600 0
-145500 0
-145400 0
-145300 1
-145200 2
-145100 0
-145000 0
-144900 1
-144800 0
-144700 0
-144600 1
-144500 1
-144400 0
-144300 0
-144200 0
-144100 1
-144000 1
-143900 0
-143800 0
-143700 6
-143600 28
-143500 55
-143400 28
-143300 5
-143200 0
-143100 0
-143000 0
-142900 0
-142800 1
-142700 0
-142600 0
-142500 0
-142400 1
-142300 2
-142200 0
-142100 5
-142000 6
-141900 4
-141800 1
-141700 13
-141600 14
-141500 6
-141400 6
-141300 2
-141200 0
-141100 1
-141000 0
-140900 0
-140800 0
-140700 0
-140600 0
-140500 1
-140400 0
-140300 2
-140200 0
-140100 0
-140000 0
-139900 0
-139800 0
-139700 0
-139600 1
-139500 0
-139400 0
-139300 0
-139200 0
-139100 0
-139000 0
-138900 1
-138800 0
-138700 3
-138600 4
-138500 1
-138400 1
-138300 0
-138200 0
-138100 1
-138000 0
-137900 0
-137800 0
-137700 2
-137600 1
-137500 1
-137400 0
-137300 0
-137200 1
-137100 1
-137000 0
-136900 2
-136800 2
-136700 1
-136600 1
-136500 0
-136400 0
-136300 0
-136200 2
-136100 0
-136000 0
-135900 1
-135800 2
-135700 5
-135600 2
-135500 35
-135400 398
-135300 1378
-135200 1558
-135100 455
-135000 39
-134900 3
-134800 0
-134700 0
-134600 0
-134500 1
-134400 1
-134300 0
-134200 0
-134100 0
-134000 0
-133900 1
-133800 1
-133700 4
-133600 2
-133500 1
-133400 0
-133300 0
-133200 0
-133100 0
-133000 1
-132900 1
-132800 1
-132700 1
-132600 0
-132500 1
-132400 0
-132300 1
-132200 1
-132100 0
-132000 0
-131900 0
-131800 1
-131700 0
-131600 0
-131500 0
-131400 1
-131300 0
-131200 0
-131100 0
-131000 1
-130900 0
-130800 1
-130700 1
-130600 2
-130500 10
-130400 42
-130300 42
-130200 9
-130100 2
-130000 0
-129900 1
-129800 0
-129700 0
-129600 0
-129500 0
-129400 1
-129300 1
-129200 0
-129100 1
-129000 4
-128900 7
-128800 10
-128700 2
-128600 3
-128500 20
-128400 13
-128300 10
-128200 1
-128100 1
-128000 2
-127900 1
-127800 2
-127700 1
-127600 1
-127500 0
-127400 1
-127300 1
-127200 2
-127100 2
-127000 1
-126900 1
-126800 0
-126700 1
-126600 0
-126500 1
-126400 2
-126300 0
-126200 0
-126100 0
-126000 0
-125900 0
-125800 2
-125700 0
-125600 0
-125500 1
-125400 0
-125300 0
-125200 0
-125100 0
-125000 0
-124900 0
-124800 0
-124700 0
-124600 2
-124500 1
-124400 0
-124300 0
-124200 1
-124100 1
-124000 0
-123900 4
-123800 1
-123700 0
-123600 1
-123500 2
-123400 0
-123300 0
-123200 0
-123100 0
-123000 1
-122900 0
-122800 0
-122700 3
-122600 3
-122500 2
-122400 11
-122300 161
-122200 1017
-122100 1779
-122000 778
-121900 99
-121800 3
-121700 2
-121600 3
-121500 4
-121400 0
-121300 1
-121200 0
-121100 0
-121000 0
-120900 1
-120800 1
-120700 0
-120600 1
-120500 4
-120400 2
-120300 1
-120200 0
-120100 0
-120000 0
-119900 0
-119800 0
-119700 0
-119600 0
-119500 0
-119400 0
-119300 1
-119200 1
-119100 0
-119000 0
-118900 0
-118800 0
-118700 1
-118600 1
-118500 2
-118400 1
-118300 0
-118200 1
-118100 0
-118000 0
-117900 3
-117800 0
-117700 0
-117600 0
-117500 1
-117400 10
-117300 23
-117200 51
-117100 19
-117000 4
-116900 1
-116800 1
-116700 0
-116600 1
-116500 0
-116400 0
-116300 0
-116200 1
-116100 0
-116000 4
-115900 5
-115800 7
-115700 6
-115600 2
-115500 2
-115400 8
-115300 7
-115200 7
-115100 4
-115000 1
-114900 3
-114800 0
-114700 0
-114600 0
-114500 0
-114400 0
-114300 1
-114200 2
-114100 2
-114000 5
-113900 0
-113800 0
-113700 0
-113600 3
-113500 3
-113400 0
-113300 0
-113200 0
-113100 0
-113000 0
-112900 0
-112800 0
-112700 1
-112600 0
-112500 1
-112400 0
-112300 2
-112200 1
-112100 0
-112000 1
-111900 2
-111800 0
-111700 0
-111600 0
-111500 0
-111400 1
-111300 0
-111200 0
-111100 1
-111000 0
-110900 1
-110800 0
-110700 0
-110600 1
-110500 1
-110400 0
-110300 0
-110200 0
-110100 0
-110000 0
-109900 0
-109800 1
-109700 3
-109600 1
-109500 3
-109400 2
-109300 8
-109200 76
-109100 706
-109000 1768
-108900 1248
-108800 204
-108700 15
-108600 0
-108500 0
-108400 0
-108300 1
-108200 0
-108100 0
-108000 0
-107900 0
-107800 0
-107700 0
-107600 0
-107500 1
-107400 1
-107300 1
-107200 0
-107100 1
-107000 1
-106900 1
-106800 0
-106700 0
-106600 1
-106500 0
-106400 0
-106300 0
-106200 0
-106100 0
-106000 0
-105900 1
-105800 2
-105700 1
-105600 0
-105500 1
-105400 0
-105300 0
-105200 0
-105100 2
-105000 2
-104900 1
-104800 0
-104700 0
-104600 1
-104500 3
-104400 3
-104300 3
-104200 30
-104100 45
-104000 20
-103900 4
-103800 2
-103700 3
-103600 1
-103500 0
-103400 0
-103300 0
-103200 1
-103100 1
-103000 2
-102900 1
-102800 8
-102700 4
-102600 6
-102500 2
-102400 4
-102300 8
-102200 12
-102100 13
-102000 2
-101900 1
-101800 1
-101700 1
-101600 0
-101500 0
-101400 1
-101300 1
-101200 0
-101100 0
-101000 0
-100900 0
-100800 0
-100700 0
-100600 0
-100500 1
-100400 0
-100300 0
-100200 1
-100100 0
-100000 0
-99900 0
-99800 0
-99700 0
-99600 0
-99500 0
-99400 0
-99300 3
-99200 0
-99100 3
-99000 0
-98900 1
-98800 2
-98700 1
-98600 2
-98500 0
-98400 0
-98300 1
-98200 1
-98100 0
-98000 1
-97900 1
-97800 0
-97700 1
-97600 1
-97500 2
-97400 2
-97300 0
-97200 1
-97100 0
-97000 1
-96900 0
-96800 0
-96700 0
-96600 0
-96500 3
-96400 2
-96300 1
-96200 3
-96100 21
-96000 282
-95900 1319
-95800 1617
-95700 521
-95600 48
-95500 3
-95400 1
-95300 3
-95200 0
-95100 0
-95000 0
-94900 0
-94800 0
-94700 0
-94600 1
-94500 1
-94400 1
-94300 3
-94200 1
-94100 0
-94000 2
-93900 0
-93800 0
-93700 0
-93600 1
-93500 0
-93400 0
-93300 1
-93200 1
-93100 1
-93000 0
-92900 0
-92800 1
-92700 0
-92600 0
-92500 1
-92400 0
-92300 0
-92200 0
-92100 0
-92000 0
-91900 0
-91800 0
-91700 0
-91600 0
-91500 0
-91400 2
-91300 1
-91200 2
-91100 11
-91000 34
-90900 47
-90800 14
-90700 2
-90600 1
-90500 1
-90400 2
-90300 0
-90200 1
-90100 0
-90000 1
-89900 1
-89800 0
-89700 2
-89600 6
-89500 8
-89400 8
-89300 2
-89200 3
-89100 13
-89000 15
-88900 12
-88800 2
-88700 1
-88600 0
-88500 2
-88400 0
-88300 0
-88200 0
-88100 0
-88000 2
-87900 1
-87800 2
-87700 1
-87600 0
-87500 0
-87400 1
-87300 0
-87200 0
-87100 0
-87000 0
-86900 0
-86800 0
-86700 2
-86600 0
-86500 2
-86400 0
-86300 0
-86200 0
-86100 1
-86000 1
-85900 1
-85800 1
-85700 0
-85600 1
-85500 1
-85400 1
-85300 1
-85200 0
-85100 0
-85000 2
-84900 0
-84800 1
-84700 1
-84600 2
-84500 0
-84400 1
-84300 0
-84200 0
-84100 2
-84000 0
-83900 0
-83800 0
-83700 1
-83600 0
-83500 2
-83400 0
-83300 0
-83200 1
-83100 2
-83000 4
-82900 77
-82800 708
-82700 1765
-82600 1047
-82500 177
-82400 9
-82300 0
-82200 3
-82100 0
-82000 0
-81900 0
-81800 0
-81700 0
-81600 0
-81500 1
-81400 0
-81300 1
-81200 0
-81100 1
-81000 2
-80900 0
-80800 0
-80700 0
-80600 1
-80500 0
-80400 1
-80300 1
-80200 0
-80100 0
-80000 1
-79900 0
-79800 0
-79700 0
-79600 0
-79500 2
-79400 0
-79300 0
-79200 1
-79100 0
-79000 0
-78900 0
-78800 0
-78700 1
-78600 1
-78500 0
-78400 0
-78300 0
-78200 0
-78100 0
-78000 7
-77900 21
-77800 35
-77700 17
-77600 4
-77500 0
-77400 0
-77300 1
-77200 2
-77100 0
-77000 0
-76900 3
-76800 4
-76700 1
-76600 2
-76500 6
-76400 6
-76300 8
-76200 7
-76100 3
-76000 12
-75900 11
-75800 6
-75700 2
-75600 1
-75500 0
-75400 1
-75300 0
-75200 0
-75100 3
-75000 0
-74900 1
-74800 0
-74700 1
-74600 0
-74500 0
-74400 0
-74300 1
-74200 1
-74100 2
-74000 0
-73900 1
-73800 0
-73700 1
-73600 1
-73500 0
-73400 1
-73300 1
-73200 2
-73100 0
-73000 0
-72900 1
-72800 0
-72700 2
-72600 1
-72500 0
-72400 1
-72300 0
-72200 0
-72100 1
-72000 2
-71900 0
-71800 0
-71700 0
-71600 0
-71500 2
-71400 2
-71300 2
-71200 2
-71100 1
-71000 1
-70900 0
-70800 0
-70700 0
-70600 0
-70500 1
-70400 1
-70300 2
-70200 1
-70100 0
-70000 5
-69900 4
-69800 71
-69700 707
-69600 1778
-69500 1148
-69400 176
-69300 11
-69200 1
-69100 2
-69000 3
-68900 1
-68800 0
-68700 0
-68600 4
-68500 1
-68400 1
-68300 0
-68200 0
-68100 2
-68000 0
-67900 4
-67800 0
-67700 0
-67600 3
-67500 1
-67400 1
-67300 0
-67200 0
-67100 0
-67000 0
-66900 0
-66800 1
-66700 0
-66600 0
-66500 0
-66400 0
-66300 1
-66200 0
-66100 0
-66000 1
-65900 2
-65800 0
-65700 0
-65600 1
-65500 1
-65400 0
-65300 0
-65200 0
-65100 2
-65000 0
-64900 4
-64800 20
-64700 50
-64600 28
-64500 8
-64400 4
-64300 1
-64200 2
-64100 1
-64000 1
-63900 0
-63800 1
-63700 0
-63600 2
-63500 0
-63400 8
-63300 7
-63200 13
-63100 4
-63000 1
-62900 3
-62800 17
-62700 12
-62600 6
-62500 1
-62400 1
-62300 1
-62200 1
-62100 0
-62000 0
-61900 0
-61800 0
-61700 0
-61600 0
-61500 0
-61400 0
-61300 2
-61200 0
-61100 2
-61000 1
-60900 1
-60800 0
-60700 0
-60600 0
-60500 0
-60400 0
-60300 0
-60200 1
-60100 2
-60000 0
-59900 0
-59800 2
-59700 1
-59600 0
-59500 0
-59400 0
-59300 0
-59200 0
-59100 0
-59000 1
-58900 0
-58800 0
-58700 0
-58600 0
-58500 1
-58400 1
-58300 2
-58200 2
-58100 3
-58000 1
-57900 0
-57800 0
-57700 1
-57600 0
-57500 1
-57400 0
-57300 0
-57200 0
-57100 0
-57000 1
-56900 1
-56800 4
-56700 53
-56600 449
-56500 1514
-56400 1400
-56300 363
-56200 25
-56100 1
-56000 0
-55900 1
-55800 1
-55700 1
-55600 2
-55500 1
-55400 0
-55300 0
-55200 3
-55100 1
-55000 0
-54900 2
-54800 2
-54700 2
-54600 0
-54500 0
-54400 0
-54300 2
-54200 0
-54100 0
-54000 0
-53900 0
-53800 0
-53700 0
-53600 0
-53500 1
-53400 0
-53300 0
-53200 2
-53100 0
-53000 0
-52900 1
-52800 0
-52700 0
-52600 0
-52500 0
-52400 1
-52300 0
-52200 0
-52100 0
-52000 2
-51900 0
-51800 1
-51700 7
-51600 45
-51500 35
-51400 11
-51300 2
-51200 1
-51100 0
-51000 0
-50900 0
-50800 0
-50700 2
-50600 0
-50500 0
-50400 0
-50300 2
-50200 4
-50100 3
-50000 5
-49900 6
-49800 6
-49700 7
-49600 13
-49500 4
-49400 2
-49300 0
-49200 0
-49100 1
-49000 0
-48900 0
-48800 1
-48700 1
-48600 1
-48500 0
-48400 0
-48300 0
-48200 0
-48100 0
-48000 0
-47900 0
-47800 1
-47700 0
-47600 0
-47500 0
-47400 0
-47300 1
-47200 1
-47100 1
-47000 0
-46900 0
-46800 1
-46700 3
-46600 0
-46500 1
-46400 0
-46300 0
-46200 1
-46100 0
-46000 0
-45900 0
-45800 0
-45700 0
-45600 0
-45500 0
-45400 1
-45300 0
-45200 1
-45100 0
-45000 0
-44900 0
-44800 1
-44700 2
-44600 0
-44500 0
-44400 0
-44300 1
-44200 0
-44100 1
-44000 0
-43900 0
-43800 0
-43700 5
-43600 12
-43500 102
-43400 859
-43300 1808
-43200 938
-43100 150
-43000 4
-42900 2
-42800 1
-42700 4
-42600 2
-42500 0
-42400 0
-42300 0
-42200 1
-42100 1
-42000 0
-41900 3
-41800 4
-41700 1
-41600 3
-41500 0
-41400 1
-41300 1
-41200 0
-41100 0
-41000 2
-40900 0
-40800 1
-40700 0
-40600 0
-40500 0
-40400 1
-40300 0
-40200 0
-40100 2
-40000 1
-39900 0
-39800 1
-39700 0
-39600 1
-39500 1
-39400 0
-39300 0
-39200 1
-39100 0
-39000 1
-38900 0
-38800 1
-38700 0
-38600 2
-38500 22
-38400 55
-38300 25
-38200 4
-38100 0
-38000 1
-37900 0
-37800 0
-37700 1
-37600 0
-37500 0
-37400 1
-37300 0
-37200 2
-37100 2
-37000 10
-36900 6
-36800 4
-36700 0
-36600 11
-36500 11
-36400 12
-36300 5
-36200 1
-36100 0
-36000 0
-35900 1
-35800 0
-35700 1
-35600 0
-35500 0
-35400 0
-35300 2
-35200 0
-35100 0
-35000 0
-34900 1
-34800 0
-34700 2
-34600 0
-34500 0
-34400 0
-34300 0
-34200 0
-34100 0
-34000 0
-33900 0
-33800 1
-33700 1
-33600 2
-33500 0
-33400 2
-33300 0
-33200 0
-33100 0
-33000 0
-32900 0
-32800 0
-32700 0
-32600 0
-32500 0
-32400 1
-32300 0
-32200 2
-32100 3
-32000 1
-31900 1
-31800 4
-31700 0
-31600 1
-31500 2
-31400 1
-31300 1
-31200 0
-31100 2
-31000 0
-30900 1
-30800 0
-30700 2
-30600 2
-30500 1
-30400 34
-30300 474
-30200 1615
-30100 1388
-30000 346
-29900 30
-29800 3
-29700 2
-29600 4
-29500 0
-29400 1
-29300 0
-29200 0
-29100 0
-29000 0
-28900 0
-28800 0
-28700 1
-28600 1
-28500 4
-28400 1
-28300 0
-28200 0
-28100 0
-28000 0
-27900 2
-27800 0
-27700 0
-27600 0
-27500 1
-27400 0
-27300 0
-27200 0
-27100 0
-27000 2
-26900 1
-26800 0
-26700 0
-26600 1
-26500 1
-26400 0
-26300 0
-26200 0
-26100 0
-26000 0
-25900 1
-25800 0
-25700 2
-25600 1
-25500 7
-25400 22
-25300 50
-25200 24
-25100 2
-25000 1
-24900 1
-24800 0
-24700 1
-24600 0
-24500 0
-24400 2
-24300 2
-24200 2
-24100 1
-24000 3
-23900 8
-23800 5
-23700 0
-23600 1
-23500 8
-23400 18
-23300 10
-23200 3
-23100 1
-23000 1
-22900 1
-22800 0
-22700 0
-22600 0
-22500 0
-22400 0
-22300 2
-22200 3
-22100 1
-22000 1
-21900 1
-21800 0
-21700 1
-21600 0
-21500 0
-21400 0
-21300 1
-21200 0
-21100 0
-21000 0
-20900 0
-20800 0
-20700 0
-20600 1
-20500 2
-20400 1
-20300 2
-20200 2
-20100 0
-20000 0
-19900 0
-19800 0
-19700 0
-19600 0
-19500 0
-19400 0
-19300 1
-19200 0
-19100 0
-19000 0
-18900 1
-18800 1
-18700 1
-18600 1
-18500 2
-18400 3
-18300 1
-18200 1
-18100 1
-18000 0
-17900 3
-17800 0
-17700 0
-17600 2
-17500 5
-17400 11
-17300 86
-17200 661
-17100 1687
-17000 1257
-16900 249
-16800 17
-16700 3
-16600 2
-16500 1
-16400 1
-16300 0
-16200 0
-16100 1
-16000 1
-15900 2
-15800 0
-15700 1
-15600 5
-15500 2
-15400 2
-15300 0
-15200 2
-15100 0
-15000 1
-14900 1
-14800 0
-14700 0
-14600 0
-14500 0
-14400 0
-14300 0
-14200 0
-14100 0
-14000 1
-13900 1
-13800 0
-13700 0
-13600 1
-13500 0
-13400 2
-13300 0
-13200 0
-13100 0
-13000 0
-12900 2
-12800 1
-12700 0
-12600 2
-12500 4
-12400 2
-12300 18
-12200 41
-12100 22
-12000 3
-11900 1
-11800 0
-11700 1
-11600 0
-11500 0
-11400 0
-11300 4
-11200 0
-11100 1
-11000 0
-10900 2
-10800 5
-10700 10
-10600 8
-10500 4
-10400 1
-10300 7
-10200 14
-10100 8
-10000 1
-9900 0
-9800 2
-9700 0
-9600 2
-9500 1
-9400 1
-9300 1
-9200 0
-9100 1
-9000 3
-8900 1
-8800 0
-8700 0
-8600 0
-8500 1
-8400 0
-8300 1
-8200 0
-8100 2
-8000 0
-7900 1
-7800 0
-7700 0
-7600 0
-7500 1
-7400 1
-7300 2
-7200 0
-7100 0
-7000 0
-6900 0
-6800 1
-6700 1
-6600 0
-6500 1
-6400 1
-6300 0
-6200 1
-6100 0
-6000 2
-5900 1
-5800 2
-5700 1
-5600 3
-5500 1
-5400 1
-5300 1
-5200 0
-5100 2
-5000 0
-4900 0
-4800 0
-4700 0
-4600 0
-4500 1
-4400 3
-4300 4
-4200 12
-4100 124
-4000 979
-3900 1819
-3800 909
-3700 133
-3600 9
-3500 4
-3400 1
-3300 0
-3200 0
-3100 1
-3000 1
-2900 0
-2800 1
-2700 0
-2600 2
-2500 3
-2400 3
-2300 1
-2200 1
-2100 1
-2000 0
-1900 0
-1800 2
-1700 0
-1600 0
-1500 0
-1400 0
-1300 1
-1200 3
-1100 0
-1000 0
-900 0
-800 0
-700 0
-600 1
-500 1
-400 4
-300 0
-200 0
-100 0
0 0
100 0
200 1
300 1
400 0
500 1
600 0
700 0
800 8
900 35
1000 44
1100 27
1200 4
1300 1
1400 1
1500 0
1600 0
1700 0
1800 1
1900 0
2000 0
2100 1
2200 1
2300 6
2400 8
2500 7
2600 5
2700 1
2800 6
2900 11
3000 9
3100 1
3200 2
3300 0
3400 1
3500 0
3600 3
3700 1
3800 1
3900 2
4000 0
4100 2
4200 0
4300 1
4400 1
4500 0
4600 0
4700 1
4800 0
4900 0
5000 1
5100 0
5200 0
5300 1
5400 2
5500 1
5600 1
5700 1
5800 0
5900 3
6000 1
6100 0
6200 1
6300 0
6400 0
6500 0
6600 1
6700 0
6800 1
6900 0
7000 1
7100 0
7200 1
7300 1
7400 1
7500 0
7600 0
7700 0
7800 0
7900 0
8000 0
8100 0
8200 3
8300 2
8400 0
8500 1
8600 0
8700 2
8800 4
8900 8
9000 37
9100 555
9200 2318
9300 2690
9400 830
9500 96
9600 9
9700 4
9800 5
9900 1
10000 0
10100 0
10200 1
10300 1
10400 1
10500 0
10600 0
10700 0
10800 4
10900 1
11000 2
11100 0
11200 1
11300 1
11400 0
11500 0
11600 2
11700 0
11800 1
11900 0
12000 1
12100 1
12200 0
12300 0
12400 1
12500 1
12600 2
12700 0
12800 0
12900 0
13000 0
13100 0
13200 2
13300 1
13400 0
13500 0
13600 0
13700 0
13800 0
13900 0
14000 2
14100 31
14200 47
14300 15
14400 1
14500 0
14600 2
14700 0
14800 1
14900 0
15000 1
15100 1
15200 1
15300 1
15400 1
15500 5
15600 6
15700 4
15800 1
15900 3
16000 5
16100 12
16200 8
16300 1
16400 1
16500 0
16600 1
16700 0
16800 1
16900 0
17000 0
17100 0
17200 2
17300 0
17400 1
17500 0
17600 0
17700 1
17800 0
17900 1
18000 0
18100 0
18200 0
18300 0
18400 0
18500 0
18600 0
18700 0
18800 1
18900 0
19000 0
19100 3
19200 0
19300 0
19400 1
19500 0
19600 0
19700 1
19800 2
19900 1
20000 1
20100 0
20200 0
20300 2
20400 1
20500 3
20600 3
20700 2
20800 2
20900 1
21000 1
21100 1
21200 0
21300 1
21400 0
21500 0
21600 0
21700 0
21800 1
21900 1
22000 3
22100 5
22200 116
22300 813
22400 1879
22500 1021
22600 159
22700 9
22800 1
22900 2
23000 0
23100 0
23200 0
23300 0
23400 1
23500 2
23600 1
23700 0
23800 1
23900 1
24000 1
24100 2
24200 0
24300 0
24400 1
24500 1
24600 1
24700 1
24800 2
24900 0
25000 0
25100 0
25200 0
25300 1
25400 1
25500 3
25600 0
25700 2
25800 0
25900 1
26000 1
26100 0
26200 1
26300 0
26400 0
26500 2
26600 1
26700 0
26800 1
26900 1
27000 1
27100 9
27200 29
27300 49
27400 20
27500 0
27600 0
27700 3
27800 0
27900 1
28000 0
28100 1
28200 1
28300 1
28400 1
28500 3
28600 5
28700 10
28800 7
28900 2
29000 3
29100 12
29200 19
29300 10
29400 0
29500 0
29600 1
29700 1
29800 0
29900 0
30000 0
30100 0
30200 0
30300 1
30400 1
30500 2
30600 0
30700 1
30800 0
30900 0
31000 2
31100 1
31200 0
31300 0
31400 1
31500 0
31600 1
31700 1
31800 0
31900 0
32000 0
32100 2
32200 0
32300 2
32400 0
32500 1
32600 1
32700 0
32800 1
32900 1
33000 1
33100 0
33200 2
33300 0
33400 0
33500 1
33600 0
33700 2
33800 6
33900 1
34000 0
34100 2
34200 0
34300 1
34400 1
34500 2
34600 0
34700 0
34800 1
34900 0
35000 3
35100 1
35200 12
35300 137
35400 1035
35500 1744
35600 741
35700 91
35800 3
35900 1
36000 2
36100 0
36200 0
36300 2
36400 0
36500 0
36600 1
36700 0
36800 1
36900 1
37000 2
37100 2
37200 3
37300 2
37400 3
37500 0
37600 1
37700 0
37800 0
37900 0
38000 0
38100 1
38200 2
38300 2
38400 1
38500 0
38600 1
38700 0
38800 1
38900 0
39000 0
39100 1
39200 0
39300 0
39400 1
39500 1
39600 0
39700 0
39800 0
39900 0
40000 1
40100 0
40200 4
40300 32
40400 33
40500 17
40600 4
40700 1
40800 1
40900 1
41000 0
41100 0
41200 1
41300 0
41400 1
41500 1
41600 1
41700 6
41800 9
41900 5
42000 1
42100 3
42200 11
42300 15
42400 11
42500 5
42600 1
42700 1
42800 1
42900 1
43000 1
43100 0
43200 0
43300 1
43400 1
43500 1
43600 2
43700 3
43800 0
43900 2
44000 0
44100 1
44200 1
44300 0
44400 0
44500 0
44600 0
44700 1
44800 0
44900 1
45000 1
45100 0
45200 0
45300 1
45400 0
45500 0
45600 0
45700 0
45800 1
45900 1
46000 0
46100 0
46200 1
46300 0
46400 0
46500 0
46600 0
46700 0
46800 0
46900 1
47000 1
47100 0
47200 0
47300 0
47400 1
47500 0
47600 0
47700 2
47800 0
47900 4
48000 0
48100 4
48200 1
48300 3
48400 34
48500 456
48600 1603
48700 1434
48800 331
48900 23
49000 2
49100 1
49200 1
49300 1
49400 0
49500 0
49600 0
49700 1
49800 0
49900 0
50000 1
50100 0
50200 0
50300 1
50400 3
50500 0
50600 0
50700 1
50800 0
50900 0
51000 0
51100 0
51200 0
51300 1
51400 1
51500 1
51600 1
51700 1
51800 2
51900 1
52000 1
52100 0
52200 0
52300 0
52400 1
52500 1
52600 0
52700 0
52800 0
52900 0
53000 2
53100 1
53200 2
53300 6
53400 20
53500 84
53600 72
53700 16
53800 6
53900 1
54000 4
54100 0
54200 0
54300 2
54400 2
54500 0
54600 0
54700 2
54800 1
54900 7
55000 5
55100 7
55200 0
55300 2
55400 8
55500 13
55600 10
55700 2
55800 1
55900 1
56000 0
56100 1
56200 0
56300 0
56400 0
56500 2
56600 1
56700 2
56800 0
56900 0
57000 0
57100 3
57200 0
57300 0
57400 1
57500 1
57600 0
57700 2
57800 0
57900 1
58000 1
58100 0
58200 0
58300 0
58400 0
58500 2
58600 0
58700 1
58800 2
58900 0
59000 1
59100 0
59200 0
59300 0
59400 0
59500 1
59600 1
59700 1
59800 5
59900 0
60000 0
60100 1
60200 1
60300 0
60400 1
60500 0
60600 0
60700 0
60800 0
60900 0
61000 1
61100 0
61200 1
61300 3
61400 3
61500 11
61600 135
61700 982
61800 1777
61900 840
62000 107
62100 10
62200 1
62300 1
62400 0
62500 1
62600 1
62700 0
62800 1
62900 0
63000 2
63100 0
63200 0
63300 1
63400 1
63500 0
63600 0
63700 0
63800 0
63900 1
64000 0
64100 0
64200 0
64300 1
64400 0
64500 0
64600 0
64700 0
64800 0
64900 0
65000 2
65100 2
65200 1
65300 1
65400 0
65500 0
65600 0
65700 0
65800 0
65900 0
66000 1
66100 0
66200 0
66300 1
66400 1
66500 6
66600 26
66700 33
66800 16
66900 0
67000 1
67100 1
67200 0
67300 0
67400 0
67500 2
67600 4
67700 1
67800 1
67900 3
68000 7
68100 11
68200 7
68300 0
68400 6
68500 9
68600 11
68700 10
68800 5
68900 1
69000 2
69100 3
69200 1
69300 0
69400 0
69500 0
69600 0
69700 1
69800 1
69900 0
70000 0
70100 0
70200 0
70300 2
70400 2
70500 2
70600 0
70700 0
70800 0
70900 0
71000 0
71100 0
71200 0
71300 0
71400 0
71500 1
71600 0
71700 0
71800 0
71900 1
72000 0
72100 0
72200 1
72300 1
72400 0
72500 1
72600 0
72700 0
72800 1
72900 0
73000 0
73100 3
73200 4
73300 3
73400 1
73500 3
73600 1
73700 0
73800 1
73900 0
74000 1
74100 1
74200 0
74300 1
74400 1
74500 4
74600 10
74700 95
74800 802
74900 1823
75000 1052
75100 137
75200 6
75300 4
75400 1
75500 0
75600 0
75700 0
75800 0
75900 0
76000 0
76100 1
76200 0
76300 0
76400 2
76500 0
76600 1
76700 1
76800 1
76900 0
77000 1
77100 0
77200 1
77300 0
77400 0
77500 0
77600 1
77700 0
77800 0
77900 0
78000 1
78100 1
78200 1
78300 0
78400 0
78500 0
78600 0
78700 0
78800 0
78900 1
79000 0
79100 1
79200 1
79300 0
79400 4
79500 1
79600 5
79700 30
79800 46
79900 26
80000 4
80100 1
80200 0
80300 1
80400 0
80500 0
80600 0
80700 0
80800 2
80900 0
81000 0
81100 3
81200 13
81300 11
81400 2
81500 1
81600 3
81700 12
81800 13
81900 7
82000 2
82100 0
82200 1
82300 0
82400 0
82500 0
82600 1
82700 0
82800 0
82900 4
83000 0
83100 0
83200 1
83300 0
83400 1
83500 0
83600 1
83700 2
83800 0
83900 0
84000 0
84100 0
84200 0
84300 0
84400 0
84500 0
84600 1
84700 1
84800 0
84900 1
85000 0
85100 1
85200 0
85300 2
85400 2
85500 0
85600 1
85700 1
85800 0
85900 2
86000 1
86100 3
86200 1
86300 0
86400 2
86500 1
86600 0
86700 0
86800 0
86900 1
87000 0
87100 0
87200 0
87300 0
87400 0
87500 4
87600 3
87700 6
87800 66
87900 499
88000 1704
88100 1291
88200 279
88300 21
88400 4
88500 3
88600 1
88700 0
88800 1
88900 0
89000 0
89100 1
89200 1
89300 2
89400 2
89500 3
89600 1
89700 1
89800 0
89900 1
90000 0
90100 1
90200 0
90300 0
90400 0
90500 1
90600 2
90700 1
90800 0
90900 0
91000 1
91100 0
91200 0
91300 0
91400 1
91500 0
91600 0
91700 0
91800 2
91900 0
92000 0
92100 0
92200 1
92300 2
92400 1
92500 0
92600 1
92700 3
92800 17
92900 46
93000 25
93100 6
93200 2
93300 2
93400 1
93500 0
93600 2
93700 0
93800 0
93900 1
94000 0
94100 2
94200 2
94300 5
94400 11
94500 7
94600 2
94700 4
94800 18
94900 9
95000 2
95100 0
95200 1
95300 1
95400 0
95500 0
95600 0
95700 0
95800 1
95900 1
96000 1
96100 2
96200 1
96300 0
96400 1
96500 0
96600 0
96700 1
96800 0
96900 1
97000 2
97100 0
97200 0
97300 1
97400 0
97500 0
97600 0
97700 1
97800 1
97900 0
98000 1
98100 0
98200 2
98300 0
98400 0
98500 0
98600 0
98700 0
98800 0
98900 0
99000 0
99100 1
99200 0
99300 1
99400 1
99500 0
99600 1
99700 0
99800 0
99900 0
100000 0
100100 0
100200 0
100300 0
100400 0
100500 2
100600 2
100700 1
100800 2
100900 9
101000 206
101100 1104
101200 1802
101300 700
101400 112
101500 5
101600 1
101700 3
101800 2
101900 1
102000 1
102100 0
102200 1
102300 2
102400 1
102500 0
102600 2
102700 1
102800 3
102900 0
103000 1
103100 1
103200 0
103300 0
103400 2
103500 1
103600 0
103700 0
103800 1
103900 1
104000 0
104100 0
104200 0
104300 0
104400 2
104500 0
104600 0
104700 0
104800 0
104900 2
105000 0
105100 0
105200 0
105300 0
105400 2
105500 0
105600 1
105700 1
105800 1
105900 8
106000 33
106100 37
106200 14
106300 3
106400 0
106500 1
106600 1
106700 1
106800 0
106900 0
107000 0
107100 0
107200 0
107300 2
107400 5
107500 9
107600 9
107700 4
107800 2
107900 14
108000 10
108100 8
108200 2
108300 1
108400 0
108500 0
108600 1
108700 0
108800 0
108900 0
109000 1
109100 1
109200 1
109300 2
109400 1
109500 0
109600 0
109700 1
109800 1
109900 0
110000 0
110100 0
110200 1
110300 0
110400 0
110500 1
110600 0
110700 1
110800 0
110900 0
111000 0
111100 2
111200 0
111300 0
111400 1
111500 2
111600 0
111700 3
111800 1
111900 0
112000 1
112100 0
112200 1
112300 1
112400 0
112500 1
112600 4
112700 0
112800 0
112900 1
113000 0
113100 0
113200 1
113300 1
113400 0
113500 2
113600 0
113700 2
113800 0
113900 1
114000 6
114100 88
114200 687
114300 1648
114400 1127
114500 197
114600 13
114700 3
114800 4
114900 0
115000 0
115100 0
115200 0
115300 0
115400 0
115500 0
115600 0
115700 2
115800 1
115900 0
116000 4
116100 0
116200 0
116300 0
116400 0
116500 1
116600 0
116700 1
116800 1
116900 0
117000 1
117100 0
117200 1
117300 0
117400 0
117500 1
117600 1
117700 0
117800 0
117900 0
118000 0
118100 0
118200 0
118300 1
118400 0
118500 0
118600 0
118700 0
118800 2
118900 2
119000 2
119100 28
119200 40
119300 27
119400 4
119500 0
119600 0
119700 0
119800 0
119900 1
120000 1
120100 1
120200 1
120300 1
120400 1
120500 4
120600 8
120700 8
120800 3
120900 2
121000 5
121100 17
121200 6
121300 6
121400 1
121500 0
121600 0
121700 0
121800 3
121900 0
122000 0
122100 2
122200 0
122300 2
122400 2
122500 1
122600 0
122700 0
122800 0
122900 3
123000 0
123100 0
123200 0
123300 0
123400 0
123500 0
123600 2
123700 0
123800 0
123900 0
124000 1
124100 1
124200 0
124300 2
124400 0
124500 1
124600 1
124700 2
124800 1
124900 1
125000 0
125100 1
125200 0
125300 1
125400 1
125500 1
125600 1
125700 0
125800 0
125900 1
126000 1
126100 0
126200 0
126300 0
126400 1
126500 0
126600 2
126700 0
126800 0
126900 1
127000 2
127100 6
127200 35
127300 368
127400 1557
127500 1468
127600 394
127700 34
127800 1
127900 1
128000 1
128100 0
128200 1
128300 1
128400 0
128500 0
128600 0
128700 2
128800 1
128900 2
129000 1
129100 1
129200 2
129300 1
129400 1
129500 1
129600 0
129700 1
129800 2
129900 0
130000 0
130100 0
130200 1
130300 0
130400 1
130500 1
130600 1
130700 0
130800 1
130900 0
131000 0
131100 0
131200 1
131300 0
131400 0
131500 0
131600 0
131700 2
131800 0
131900 0
132000 1
132100 2
132200 20
132300 36
132400 36
132500 12
132600 1
132700 0
132800 1
132900 0
133000 1
133100 1
133200 1
133300 0
133400 2
133500 2
133600 10
133700 4
133800 12
133900 3
134000 3
134100 6
134200 9
134300 14
134400 3
134500 2
134600 1
134700 1
134800 1
134900 0
135000 0
135100 1
135200 1
135300 1
135400 2
135500 0
135600 0
135700 0
135800 0
135900 0
136000 0
136100 0
136200 0
136300 1
136400 1
136500 0
136600 0
136700 1
136800 1
136900 0
137000 2
137100 0
137200 1
137300 2
137400 0
137500 0
137600 0
137700 0
137800 0
137900 0
138000 1
138100 0
138200 0
138300 0
138400 0
138500 0
138600 2
138700 2
138800 0
138900 3
139000 1
139100 1
139200 0
139300 1
139400 1
139500 0
139600 0
139700 0
139800 2
139900 2
140000 1
140100 2
140200 2
140300 16
140400 196
140500 1119
140600 1799
140700 711
140800 94
140900 6
141000 1
141100 1
141200 0
141300 1
141400 0
141500 0
141600 0
141700 0
141800 0
141900 2
142000 2
142100 2
142200 1
142300 1
142400 1
142500 0
142600 0
142700 1
142800 0
142900 1
143000 0
143100 0
143200 0
143300 0
143400 0
143500 1
143600 0
143700 2
143800 0
143900 2
144000 0
144100 0
144200 0
144300 1
144400 2
144500 0
144600 1
144700 0
144800 0
144900 1
145000 1
145100 3
145200 0
145300 8
145400 32
145500 48
145600 22
145700 5
145800 0
145900 0
146000 1
146100 1
146200 0
146300 0
146400 1
146500 0
146600 1
146700 2
146800 2
146900 13
147000 6
147100 3
147200 2
147300 9
147400 11
147500 10
147600 4
147700 1
147800 1
147900 2
148000 2
148100 1
148200 0
148300 0
148400 3
148500 0
148600 0
148700 0
148800 0
148900 1
149000 1
149100 1
149200 1
149300 2
149400 1
149500 0
149600 1
149700 0
149800 0
149900 1
150000 0
150100 1
150200 0
150300 2
150400 1
150500 1
150600 0
150700 0
150800 0
150900 1
151000 0
151100 1
151200 0
151300 0
151400 0
151500 2
151600 0
151700 1
151800 0
151900 1
152000 0
152100 2
152200 0
152300 3
152400 0
152500 0
152600 1
152700 1
152800 0
152900 0
153000 1
153100 0
153200 1
153300 5
153400 2
153500 61
153600 642
153700 1803
153800 1210
153900 244
154000 21
154100 0
154200 5
154300 0
154400 0
154500 0
154600 0
154700 0
154800 1
154900 0
155000 0
155100 0
155200 0
155300 3
155400 0
155500 0
155600 0
155700 1
155800 0
155900 0
156000 1
156100 1
156200 1
156300 0
156400 0
156500 0
156600 0
156700 0
156800 0
156900 1
157000 0
157100 0
157200 1
157300 1
157400 0
157500 0
157600 1
157700 0
157800 0
157900 0
158000 0
158100 0
158200 1
158300 4
158400 1
158500 14
158600 45
158700 28
158800 9
158900 1
159000 1
159100 0
159200 0
159300 0
159400 0
159500 0
159600 0
159700 1
159800 0
159900 2
160000 19
160100 7
160200 3
160300 7
160400 5
160500 12
160600 10
160700 9
160800 0
160900 1
161000 1
161100 2
161200 0
161300 0
161400 1
161500 0
161600 0
161700 1
161800 1
161900 0
162000 1
162100 0
162200 0
162300 1
162400 1
162500 1
162600 0
162700 1
162800 1
162900 2
163000 0
163100 0
163200 1
163300 0
163400 1
163500 1
163600 2
163700 2
163800 0
163900 0
164000 0
164100 0
164200 0
164300 1
164400 0
164500 0
164600 0
164700 0
164800 1
164900 0
165000 1
165100 2
165200 0
165300 1
165400 4
165500 2
165600 1
165700 0
165800 0
165900 1
166000 0
166100 0
166200 2
166300 1
166400 5
166500 2
166600 26
166700 348
166800 1382
166900 1536
167000 533
167100 40
167200 3
167300 1
167400 1
167500 0
167600 0
167700 0
167800 0
167900 1
168000 0
168100 0
168200 0
168300 1
168400 1
168500 1
168600 3
168700 1
168800 1
168900 1
169000 0
169100 1
169200 0
169300 1
169400 2
169500 1
169600 0
169700 0
169800 1
169900 1
170000 0
170100 0
170200 0
170300 0
170400 1
170500 1
170600 0
170700 0
170800 1
170900 0
171000 0
171100 0
171200 0
171300 0
171400 0
171500 1
171600 7
171700 47
171800 35
171900 9
172000 1
172100 2
172200 0
172300 1
172400 1
172500 0
172600 1
172700 1
172800 1
172900 1
173000 5
173100 8
173200 11
173300 10
173400 0
173500 4
173600 6
173700 9
173800 4
173900 2
174000 2
174100 0
174200 1
174300 1
174400 1
174500 0
174600 0
174700 1
174800 1
174900 1
175000 1
175100 1
175200 1
175300 0
175400 1
175500 1
175600 0
175700 1
175800 0
175900 2
176000 0
176100 1
176200 0
176300 1
176400 0
176500 1
176600 1
176700 1
176800 0
176900 1
177000 1
177100 0
177200 0
177300 0
177400 0
177500 0
177600 1
177700 0
177800 0
177900 0
178000 1
178100 0
178200 1
178300 2
178400 1
178500 0
178600 1
178700 0
178800 0
178900 3
179000 1
179100 1
179200 0
179300 1
179400 0
179500 2
179600 6
179700 9
179800 166
179900 923
180000 1758
180100 860
180200 115
180300 10
180400 0
180500 1
180600 1
180700 0
180800 0
180900 0
181000 0
181100 0
181200 0
181300 0
181400 1
181500 3
181600 3
181700 2
181800 1
181900 1
182000 1
182100 0
182200 0
182300 1
182400 0
182500 0
182600 0
182700 0
182800 1
182900 1
183000 1
183100 0
183200 2
183300 0
183400 0
183500 0
183600 0
183700 1
183800 0
183900 0
184000 0
184100 0
184200 2
184300 4
184400 0
184500 1
184600 0
184700 7
184800 31
184900 33
185000 18
185100 3
185200 2
185300 0
185400 0
185500 3
185600 0
185700 2
185800 1
185900 1
186000 0
186100 1
186200 3
186300 10
186400 8
186500 2
186600 3
186700 2
186800 6
186900 9
187000 5
187100 0
187200 1
187300 0
187400 1
187500 0
187600 1
187700 0
187800 0
187900 1
188000 3
188100 1
188200 1
188300 1
188400 3
188500 0
188600 1
188700 1
188800 1
188900 0
189000 0
189100 0
189200 0
189300 1
189400 1
189500 1
189600 0
189700 1
189800 2
189900 2
190000 2
190100 1
190200 0
190300 0
190400 2
190500 0
190600 0
190700 0
190800 1
190900 2
191000 1
191100 0
191200 0
191300 0
191400 0
191500 0
191600 1
191700 1
191800 0
191900 0
192000 0
192100 1
192200 0
192300 1
192400 0
192500 3
192600 2
192700 5
192800 4
192900 56
193000 533
193100 1636
193200 1310
193300 352
193400 25
193500 1
193600 2
193700 1
193800 1
193900 0
194000 0
194100 1
194200 0
194300 1
194400 1
194500 0
194600 1
194700 3
194800 0
194900 1
195000 3
195100 1
195200 0
195300 1
195400 2
195500 2
195600 1
195700 1
195800 1
195900 0
196000 0
196100 0
196200 2
196300 0
196400 0
196500 2
196600 0
196700 0
196800 0
196900 0
197000 1
197100 0
197200 1
197300 0
197400 1
197500 0
197600 0
197700 0
197800 5
197900 12
198000 46
198100 39
198200 6
198300 0
198400 2
198500 1
198600 0
198700 2
198800 3
198900 1
199000 0
199100 1
199200 2
199300 1
199400 3
199500 11
199600 3
199700 5
199800 4
199900 7
200000 12
200100 5
200200 2
200300 0
200400 0
200500 3
200600 0
200700 0
200800 0
200900 0
201000 0
201100 2
201200 3
201300 0
201400 0
201500 0
201600 0
201700 1
201800 2
201900 1
202000 0
202100 0
202200 0
202300 0
202400 1
202500 0
202600 0
202700 1
202800 0
202900 0
203000 1
203100 0
203200 0
203300 0
203400 3
203500 3
203600 0
203700 0
203800 2
203900 0
204000 0
204100 0
204200 1
204300 0
204400 1
204500 3
204600 0
204700 3
204800 2
204900 1
205000 0
205100 1
205200 1
205300 0
205400 0
205500 0
205600 2
205700 1
205800 4
205900 2
206000 32
206100 322
206200 1316
206300 1600
206400 555
206500 58
206600 4
206700 0
206800 0
206900 1
207000 0
207100 1
207200 0
207300 0
207400 1
207500 3
207600 3
207700 0
207800 0
207900 0
208000 1
208100 1
208200 0
208300 0
208400 0
208500 0
208600 0
208700 1
208800 0
208900 0
209000 1
209100 1
209200 0
209300 0
209400 0
209500 0
209600 0
209700 0
209800 1
209900 0
210000 1
210100 1
210200 0
210300 0
210400 0
210500 0
210600 2
210700 1
210800 0
210900 3
211000 7
211100 28
211200 36
211300 11
211400 4
211500 0
211600 2
211700 0
211800 0
211900 0
212000 0
212100 2
212200 0
212300 0
212400 4
212500 11
212600 3
212700 4
212800 6
212900 4
213000 12
213100 10
213200 7
213300 6
213400 0
213500 1
213600 1
213700 1
213800 1
213900 1
214000 2
214100 0
214200 0
214300 2
214400 1
214500 1
214600 0
214700 0
214800 0
214900 0
215000 1
215100 1
215200 1
215300 0
215400 3
215500 0
215600 0
215700 1
215800 0
215900 2
216000 0
216100 2
216200 1
216300 1
216400 0
216500 0
216600 0
216700 1
216800 0
216900 0
217000 0
217100 1
217200 2
217300 0
217400 0
217500 0
217600 1
217700 2
217800 2
217900 2
218000 0
218100 1
218200 1
218300 1
218400 0
218500 0
218600 0
218700 0
218800 4
218900 0
219000 3
219100 8
219200 155
219300 891
219400 1740
219500 916
219600 146
219700 7
219800 1
219900 5
220000 1
220100 1
220200 2
220300 0
220400 1
220500 0
220600 0
220700 0
220800 1
220900 6
221000 4
221100 3
221200 0
221300 0
221400 0
221500 1
221600 0
221700 0
221800 0
221900 0
222000 0
222100 1
222200 0
222300 1
222400 0
222500 0
222600 0
222700 1
222800 0
222900 0
223000 1
223100 1
223200 0
223300 1
223400 0
223500 0
223600 0
223700 1
223800 0
223900 0
224000 0
224100 5
224200 32
224300 42
224400 14
224500 4
224600 1
224700 2
224800 0
224900 0
225000 1
225100 0
225200 0
225300 1
225400 1
225500 2
225600 8
225700 17
225800 20
225900 6
226000 3
226100 13
226200 15
226300 14
226400 9
226500 0
226600 1
226700 2
226800 2
226900 0
227000 0
227100 0
227200 1
227300 0
227400 1
227500 0
227600 1
227700 2
227800 0
227900 1
228000 0
228100 1
228200 0
228300 0
228400 0
228500 1
228600 0
228700 0
228800 0
228900 0
229000 1
229100 0
229200 1
229300 0
229400 1
229500 0
229600 0
229700 1
229800 0
229900 1
230000 0
230100 3
230200 0
230300 1
230400 2
230500 0
230600 0
230700 1
230800 1
230900 4
231000 3
231100 1
231200 0
231300 1
231400 1
231500 1
231600 0
231700 0
231800 2
231900 1
232000 1
232100 0
232200 2
232300 82
232400 709
232500 1663
232600 1227
232700 279
232800 12
232900 1
233000 2
233100 0
233200 1
233300 0
233400 0
233500 1
233600 0
233700 0
233800 1
233900 1
234000 1
234100 2
234200 0
234300 1
234400 0
234500 0
234600 0
234700 0
234800 1
234900 0
235000 1
235100 0
235200 1
235300 1
235400 1
235500 2
235600 1
235700 0
235800 1
235900 0
236000 1
236100 0
236200 0
236300 0
236400 1
236500 0
236600 0
236700 0
236800 1
236900 1
237000 0
237100 3
237200 8
237300 15
237400 37
237500 30
237600 4
237700 3
237800 2
237900 1
238000 0
238100 0
238200 0
238300 0
238400 0
238500 1
238600 0
238700 7
238800 11
238900 13
239000 4
239100 4
239200 8
239300 11
239400 6
239500 4
239600 1
239700 0
239800 0
239900 2
240000 0
240100 0
240200 1
240300 0
240400 0
240500 1
240600 3
240700 0
240800 0
240900 0
241000 0
241100 0
241200 1
241300 1
241400 0
241500 0
241600 1
241700 0
241800 0
241900 0
242000 0
242100 0
242200 1
242300 0
242400 1
242500 0
242600 2
242700 2
242800 0
242900 0
243000 0
243100 0
243200 1
243300 1
243400 1
243500 0
243600 0
243700 2
243800 1
243900 1
244000 1
244100 1
244200 1
244300 1
244400 0
244500 0
244600 1
244700 0
244800 0
244900 0
245000 3
245100 0
245200 1
245300 4
245400 27
245500 350
245600 1279
245700 1589
245800 598
245900 44
246000 4
246100 1
246200 2
246300 2
246400 2
246500 1
246600 0
246700 0
246800 1
246900 2
247000 0
247100 2
247200 4
247300 0
247400 4
247500 1
247600 0
247700 0
247800 0
247900 0
248000 2
248100 0
248200 0
248300 1
248400 1
248500 0
248600 0
248700 0
248800 1
248900 1
249000 0
249100 0
249200 1
249300 0
249400 0
249500 0
249600 0
249700 2
249800 0
249900 0
250000 0
250100 1
250200 1
250300 4
250400 7
250500 36
250600 33
250700 13
250800 0
250900 1
251000 0
251100 0
251200 1
251300 0
251400 0
251500 1
251600 0
251700 1
251800 0
251900 5
252000 6
252100 5
252200 1
252300 4
252400 12
252500 18
252600 13
252700 2
252800 0
252900 0
253000 0
253100 0
253200 0
253300 0
253400 1
253500 0
253600 1
253700 4
253800 0
253900 1
254000 0
254100 0
254200 0
254300 1
254400 2
254500 1
254600 1
254700 0
254800 1
254900 1
255000 0
255100 0
255200 1
255300 2
255400 1
255500 1
255600 0
255700 0
255800 3
255900 1
256000 0
256100 3
256200 3
256300 0
256400 1
256500 2
256600 0
256700 0
256800 0
256900 1
257000 0
257100 1
257200 1
257300 1
257400 2
257500 0
257600 1
257700 0
257800 0
257900 1
258000 2
258100 0
258200 2
258300 2
258400 0
258500 12
258600 178
258700 942
258800 1705
258900 940
259000 149
259100 13
259200 4
259300 1
259400 0
259500 0
259600 1
259700 0
259800 0
259900 0
260000 0
260100 1
260200 1
260300 0
260400 1
260500 1
260600 5
260700 1
260800 0
260900 0
261000 1
261100 0
261200 0
261300 0
261400 0
261500 0
261600 0
261700 1
261800 1
261900 2
262000 0
262100 0
262200 0
262300 0
262400 0
262500 0
262600 1
262700 0
262800 0
262900 0
263000 0
263100 1
263200 0
263300 2
263400 2
263500 7
263600 26
263700 38
263800 18
263900 1
264000 1
264100 1
264200 2
264300 1
264400 0
264500 0
264600 0
264700 1
264800 3
264900 2
265000 10
265100 8
265200 13
265300 2
265400 2
265500 9
265600 11
265700 12
265800 5
265900 0
266000 2
266100 1
266200 0
266300 1
266400 1
266500 0
266600 0
266700 0
266800 1
266900 2
267000 0
267100 1
267200 0
267300 0
267400 2
267500 0
267600 0
267700 0
267800 0
267900 1
268000 1
268100 0
268200 0
268300 0
268400 0
268500 3
268600 0
268700 1
268800 0
268900 0
269000 1
269100 0
269200 0
269300 0
269400 0
269500 1
269600 1
269700 2
269800 0
269900 0
270000 1
270100 5
270200 1
270300 0
270400 2
270500 0
270600 0
270700 1
270800 0
270900 1
271000 0
271100 0
271200 0
271300 2
271400 1
271500 2
271600 5
271700 78
271800 585
271900 1681
272000 1201
272100 261
272200 22
272300 2
272400 1
272500 0
272600 2
272700 0
272800 0
272900 0
273000 0
273100 1
273200 0
273300 0
273400 0
273500 2
273600 2
273700 1
273800 0
273900 2
274000 1
274100 1
274200 0
274300 0
274400 0
274500 2
274600 1
274700 2
274800 1
274900 0
275000 0
275100 0
275200 0
275300 0
275400 0
275500 0
275600 1
275700 0
275800 0
275900 0
276000 0
276100 0
276200 0
276300 0
276400 0
276500 0
276600 3
276700 23
276800 61
276900 29
277000 5
277100 3
277200 1
277300 0
277400 0
277500 2
277600 0
277700 1
277800 4
277900 0
278000 2
278100 3
278200 7
278300 11
278400 4
278500 3
278600 9
278700 14
278800 8
278900 2
279000 1
279100 1
279200 1
279300 0
279400 0
279500 1
279600 0
279700 1
279800 1
279900 1
280000 3
280100 0
280200 0
280300 2
280400 1
280500 2
280600 0
280700 0
280800 0
280900 0
281000 0
281100 1
281200 0
281300 0
281400 0
281500 1
281600 2
281700 1
281800 0
281900 2
282000 0
282100 0
282200 1
282300 0
282400 1
282500 1
282600 2
282700 0
282800 0
282900 0
283000 1
283100 1
283200 2
283300 1
283400 3
283500 2
283600 3
283700 1
283800 0
283900 0
284000 1
284100 0
284200 0
284300 0
284400 2
284500 0
284600 0
284700 2
284800 29
284900 354
285000 1308
285100 1555
285200 569
285300 57
285400 3
285500 1
285600 1
285700 0
285800 0
285900 1
286000 1
286100 1
286200 1
286300 1
286400 1
286500 0
286600 0
286700 4
286800 2
286900 0
287000 0
287100 1
287200 0
287300 1
287400 1
287500 0
287600 1
287700 0
287800 1
287900 0
288000 2
288100 2
288200 0
288300 1
288400 0
288500 1
288600 1
288700 0
288800 0
288900 0
289000 0
289100 0
289200 0
289300 2
289400 0
289500 0
289600 0
289700 2
289800 14
289900 45
290000 35
290100 14
290200 1
290300 3
290400 0
290500 0
290600 1
290700 0
290800 0
290900 0
291000 0
291100 0
291200 3
291300 5
291400 10
291500 4
291600 2
291700 5
291800 10
291900 12
292000 12
292100 1
292200 0
292300 0
292400 1
292500 1
292600 2
292700 1
292800 0
292900 0
293000 2
293100 1
293200 0
293300 2
293400 0
293500 0
293600 1
293700 1
293800 0
293900 0
294000 1
294100 0
294200 1
294300 1
294400 0
294500 0
294600 1
294700 0
294800 0
294900 2
295000 1
295100 0
295200 2
295300 0
295400 0
295500 0
295600 0
295700 0
295800 1
295900 0
296000 0
296100 1
296200 1
296300 2
296400 0
296500 0
296600 0
296700 1
296800 1
296900 1
297000 1
297100 1
297200 0
297300 1
297400 0
297500 0
297600 1
297700 2
297800 2
297900 13
298000 151
298100 882
298200 1621
298300 910
298400 182
298500 14
298600 2
298700 1
298800 0
298900 0
299000 1
299100 0
299200 2
299300 1
299400 0
299500 0
299600 1
299700 3
299800 3
299900 1
