-300000 4
-299900 7
-299800 11
-299700 33
-299600 32
-299500 14
-299400 10
-299300 32
-299200 39
-299100 44
-299000 20
-298900 5
-298800 2
-298700 2
-298600 1
-298500 1
-298400 0
-298300 2
-298200 1
-298100 2
-298000 3
-297900 3
-297800 3
-297700 4
-297600 1
-297500 2
-297400 3
-297300 2
-297200 1
-297100 0
-297000 1
-296900 0
-296800 1
-296700 0
-296600 1
-296500 0
-296400 1
-296300 2
-296200 2
-296100 3
-296000 0
-295900 2
-295800 0
-295700 2
-295600 0
-295500 2
-295400 0
-295300 1
-295200 1
-295100 1
-295000 4
-294900 1
-294800 7
-294700 1
-294600 5
-294500 6
-294400 5
-294300 3
-294200 2
-294100 0
-294000 1
-293900 0
-293800 4
-293700 0
-293600 1
-293500 4
-293400 11
-293300 16
-293200 36
-293100 277
-293000 2401
-292900 6230
-292800 5138
-292700 1322
-292600 101
-292500 9
-292400 4
-292300 10
-292200 0
-292100 0
-292000 1
-291900 0
-291800 0
-291700 1
-291600 2
-291500 2
-291400 2
-291300 8
-291200 8
-291100 4
-291000 1
-290900 2
-290800 2
-290700 1
-290600 1
-290500 1
-290400 1
-290300 0
-290200 1
-290100 2
-290000 2
-289900 1
-289800 0
-289700 0
-289600 2
-289500 1
-289400 3
-289300 1
-289200 1
-289100 2
-289000 1
-288900 2
-288800 2
-288700 1
-288600 3
-288500 2
-288400 2
-288300 2
-288200 7
-288100 65
-288000 183
-287900 113
-287800 30
-287700 3
-287600 1
-287500 1
-287400 1
-287300 1
-287200 2
-287100 5
-287000 4
-286900 6
-286800 1
-286700 15
-286600 33
-286500 27
-286400 14
-286300 6
-286200 26
-286100 53
-286000 40
-285900 22
-285800 5
-285700 3
-285600 0
-285500 0
-285400 1
-285300 1
-285200 2
-285100 1
-285000 2
-284900 5
-284800 0
-284700 3
-284600 1
-284500 0
-284400 0
-284300 4
-284200 1
-284100 2
-284000 0
-283900 1
-283800 2
-283700 0
-283600 2
-283500 1
-283400 0
-283300 1
-283200 6
-283100 1
-283000 3
-282900 1
-282800 0
-282700 0
-282600 2
-282500 1
-282400 0
-282300 0
-282200 1
-282100 1
-282000 0
-281900 3
-281800 2
-281700 2
-281600 9
-281500 4
-281400 5
-281300 4
-281200 2
-281100 3
-281000 3
-280900 1
-280800 2
-280700 1
-280600 1
-280500 1
-280400 4
-280300 6
-280200 13
-280100 19
-280000 109
-279900 1106
-279800 4884
-279700 6665
-279600 2468
-279500 339
-279400 27
-279300 8
-279200 11
-279100 6
-279000 1
-278900 0
-278800 1
-278700 1
-278600 0
-278500 1
-278400 5
-278300 5
-278200 3
-278100 4
-278000 5
-277900 5
-277800 1
-277700 1
-277600 0
-277500 1
-277400 0
-277300 1
-277200 1
-277100 0
-277000 2
-276900 0
-276800 0
-276700 1
-276600 2
-276500 1
-276400 2
-276300 3
-276200 3
-276100 1
-276000 0
-275900 0
-275800 0
-275700 2
-275600 0
-275500 1
-275400 1
-275300 1
-275200 1
-275100 5
-275000 31
-274900 151
-274800 147
-274700 59
-274600 17
-274500 5
-274400 1
-274300 2
-274200 0
-274100 1
-274000 3
-273900 2
-273800 2
-273700 1
-273600 9
-273500 29
-273400 36
-273300 38
-273200 6
-273100 18
-273000 50
-272900 59
-272800 30
-272700 14
-272600 3
-272500 0
-272400 2
-272300 1
-272200 0
-272100 1
-272000 0
-271900 0
-271800 1
-271700 6
-271600 2
-271500 2
-271400 0
-271300 2
-271200 1
-271100 0
-271000 1
-270900 2
-270800 0
-270700 0
-270600 1
-270500 1
-270400 0
-270300 2
-270200 1
-270100 1
-270000 3
-269900 2
-269800 1
-269700 1
-269600 2
-269500 2
-269400 0
-269300 1
-269200 1
-269100 0
-269000 2
-268900 0
-268800 2
-268700 0
-268600 1
-268500 2
-268400 1
-268300 3
-268200 3
-268100 4
-268000 8
-267900 1
-267800 0
-267700 1
-267600 0
-267500 1
-267400 1
-267300 2
-267200 6
-267100 6
-267000 16
-266900 52
-266800 531
-266700 3384
-266600 6869
-266500 4057
-266400 708
-266300 63
-266200 11
-266100 8
-266000 5
-265900 3
-265800 1
-265700 3
-265600 0
-265500 0
-265400 0
-265300 5
-265200 4
-265100 8
-265000 3
-264900 10
-264800 7
-264700 3
-264600 1
-264500 2
-264400 2
-264300 0
-264200 0
-264100 2
-264000 0
-263900 0
-263800 0
-263700 0
-263600 0
-263500 2
-263400 2
-263300 1
-263200 0
-263100 2
-263000 2
-262900 1
-262800 0
-262700 1
-262600 1
-262500 1
-262400 1
-262300 0
-262200 2
-262100 3
-262000 1
-261900 23
-261800 89
-261700 200
-261600 79
-261500 23
-261400 2
-261300 1
-261200 1
-261100 0
-261000 2
-260900 2
-260800 0
-260700 2
-260600 0
-260500 4
-260400 27
-260300 35
-260200 26
-260100 12
-260000 9
-259900 27
-259800 61
-259700 33
-259600 12
-259500 6
-259400 0
-259300 2
-259200 6
-259100 0
-259000 0
-258900 3
-258800 2
-258700 1
-258600 5
-258500 5
-258400 2
-258300 1
-258200 1
-258100 2
-258000 2
-257900 4
-257800 1
-257700 2
-257600 2
-257500 0
-257400 0
-257300 1
-257200 0
-257100 1
-257000 1
-256900 2
-256800 3
-256700 4
-256600 0
-256500 3
-256400 0
-256300 1
-256200 2
-256100 0
-256000 1
-255900 2
-255800 0
-255700 0
-255600 2
-255500 3
-255400 4
-255300 2
-255200 7
-255100 6
-255000 8
-254900 5
-254800 1
-254700 2
-254600 4
-254500 1
-254400 0
-254300 3
-254200 1
-254100 5
-254000 5
-253900 10
-253800 33
-253700 247
-253600 2040
-253500 6219
-253400 5440
-253300 1389
-253200 125
-253100 13
-253000 7
-252900 3
-252800 2
-252700 2
-252600 1
-252500 0
-252400 1
-252300 0
-252200 3
-252100 4
-252000 3
-251900 7
-251800 11
-251700 5
-251600 1
-251500 1
-251400 1
-251300 1
-251200 1
-251100 0
-251000 2
-250900 1
-250800 0
-250700 0
-250600 1
-250500 1
-250400 2
-250300 0
-250200 3
-250100 0
-250000 0
-249900 2
-249800 2
-249700 0
-249600 2
-249500 2
-249400 0
-249300 1
-249200 0
-249100 0
-249000 0
-248900 2
-248800 10
-248700 64
-248600 154
-248500 107
-248400 25
-248300 4
-248200 4
-248100 1
-248000 0
-247900 0
-247800 3
-247700 1
-247600 2
-247500 2
-247400 3
-247300 14
-247200 23
-247100 32
-247000 19
-246900 6
-246800 15
-246700 48
-246600 47
-246500 28
-246400 6
-246300 1
-246200 0
-246100 6
-246000 2
-245900 1
-245800 0
-245700 1
-245600 3
-245500 3
-245400 8
-245300 1
-245200 3
-245100 2
-245000 2
-244900 3
-244800 2
-244700 0
-244600 1
-244500 1
-244400 3
-244300 0
-244200 0
-244100 1
-244000 1
-243900 1
-243800 2
-243700 2
-243600 1
-243500 4
-243400 1
-243300 0
-243200 1
-243100 0
-243000 1
-242900 3
-242800 1
-242700 0
-242600 0
-242500 0
-242400 2
-242300 1
-242200 6
-242100 3
-242000 3
-241900 2
-241800 3
-241700 2
-241600 1
-241500 1
-241400 0
-241300 2
-241200 1
-241100 0
-241000 4
-240900 5
-240800 13
-240700 26
-240600 77
-240500 1063
-240400 4770
-240300 6592
-240200 2672
-240100 360
-240000 17
-239900 6
-239800 4
-239700 4
-239600 2
-239500 2
-239400 0
-239300 0
-239200 0
-239100 1
-239000 0
-238900 2
-238800 7
-238700 7
-238600 5
-238500 1
-238400 1
-238300 1
-238200 0
-238100 0
-238000 0
-237900 1
-237800 0
-237700 0
-237600 1
-237500 0
-237400 1
-237300 0
-237200 1
-237100 2
-237000 1
-236900 1
-236800 0
-236700 3
-236600 3
-236500 0
-236400 2
-236300 1
-236200 0
-236100 1
-236000 1
-235900 3
-235800 2
-235700 5
-235600 33
-235500 124
-235400 188
-235300 45
-235200 13
-235100 2
-235000 4
-234900 2
-234800 0
-234700 1
-234600 2
-234500 4
-234400 2
-234300 3
-234200 1
-234100 26
-234000 34
-233900 18
-233800 11
-233700 18
-233600 38
-233500 36
-233400 37
-233300 11
-233200 2
-233100 1
-233000 2
-232900 1
-232800 3
-232700 2
-232600 2
-232500 1
-232400 2
-232300 9
-232200 4
-232100 2
-232000 0
-231900 4
-231800 0
-231700 2
-231600 1
-231500 1
-231400 1
-231300 0
-231200 0
-231100 1
-231000 0
-230900 1
-230800 2
-230700 2
-230600 5
-230500 7
-230400 0
-230300 2
-230200 1
-230100 0
-230000 0
-229900 1
-229800 0
-229700 2
-229600 1
-229500 0
-229400 2
-229300 1
-229200 1
-229100 5
-229000 4
-228900 4
-228800 3
-228700 6
-228600 2
-228500 0
-228400 0
-228300 1
-228200 0
-228100 1
-228000 2
-227900 1
-227800 6
-227700 10
-227600 13
-227500 41
-227400 428
-227300 3077
-227200 6969
-227100 4432
-227000 852
-226900 66
-226800 16
-226700 5
-226600 7
-226500 1
-226400 2
-226300 0
-226200 1
-226100 0
-226000 1
-225900 1
-225800 5
-225700 10
-225600 11
-225500 7
-225400 5
-225300 0
-225200 1
-225100 0
-225000 0
-224900 1
-224800 1
-224700 0
-224600 0
-224500 0
-224400 1
-224300 0
-224200 1
-224100 1
-224000 0
-223900 3
-223800 0
-223700 1
-223600 1
-223500 1
-223400 0
-223300 2
-223200 0
-223100 1
-223000 0
-222900 0
-222800 1
-222700 5
-222600 8
-222500 12
-222400 92
-222300 168
-222200 91
-222100 12
-222000 3
-221900 3
-221800 1
-221700 0
-221600 0
-221500 1
-221400 4
-221300 1
-221200 1
-221100 4
-221000 18
-220900 33
-220800 30
-220700 11
-220600 6
-220500 31
-220400 54
-220300 25
-220200 15
-220100 2
-220000 3
-219900 5
-219800 1
-219700 1
-219600 1
-219500 0
-219400 0
-219300 2
-219200 8
-219100 2
-219000 5
-218900 0
-218800 2
-218700 0
-218600 3
-218500 1
-218400 1
-218300 0
-218200 2
-218100 1
-218000 0
-217900 0
-217800 0
-217700 0
-217600 1
-217500 3
-217400 0
-217300 2
-217200 3
-217100 3
-217000 0
-216900 1
-216800 4
-216700 0
-216600 2
-216500 0
-216400 2
-216300 1
-216200 0
-216100 1
-216000 2
-215900 3
-215800 4
-215700 3
-215600 4
-215500 2
-215400 1
-215300 2
-215200 4
-215100 2
-215000 0
-214900 1
-214800 2
-214700 6
-214600 10
-214500 15
-214400 24
-214300 260
-214200 2162
-214100 6381
-214000 5335
-213900 1378
-213800 128
-213700 15
-213600 3
-213500 7
-213400 3
-213300 0
-213200 0
-213100 0
-213000 0
-212900 1
-212800 0
-212700 3
-212600 8
-212500 14
-212400 7
-212300 4
-212200 1
-212100 0
-212000 0
-211900 2
-211800 1
-211700 2
-211600 1
-211500 0
-211400 0
-211300 0
-211200 0
-211100 1
-211000 0
-210900 1
-210800 0
-210700 2
-210600 1
-210500 1
-210400 0
-210300 0
-210200 2
-210100 1
-210000 0
-209900 2
-209800 0
-209700 1
-209600 3
-209500 2
-209400 10
-209300 82
-209200 157
-209100 130
-209000 37
-208900 7
-208800 4
-208700 3
-208600 0
-208500 0
-208400 0
-208300 2
-208200 0
-208100 2
-208000 2
-207900 21
-207800 43
-207700 41
-207600 17
-207500 11
-207400 27
-207300 67
-207200 62
-207100 34
-207000 5
-206900 1
-206800 3
-206700 1
-206600 0
-206500 1
-206400 0
-206300 0
-206200 3
-206100 3
-206000 5
-205900 3
-205800 5
-205700 0
-205600 3
-205500 2
-205400 4
-205300 0
-205200 0
-205100 0
-205000 3
-204900 0
-204800 1
-204700 1
-204600 0
-204500 2
-204400 3
-204300 3
-204200 1
-204100 1
-204000 1
-203900 0
-203800 0
-203700 1
-203600 1
-203500 0
-203400 4
-203300 0
-203200 1
-203100 0
-203000 1
-202900 4
-202800 4
-202700 4
-202600 4
-202500 5
-202400 2
-202300 1
-202200 1
-202100 0
-202000 2
-201900 2
-201800 0
-201700 2
-201600 7
-201500 2
-201400 14
-201300 22
-201200 124
-201100 1275
-201000 5224
-200900 6650
-200800 2276
-200700 241
-200600 16
-200500 9
-200400 10
-200300 3
-200200 1
-200100 0
-200000 2
-199900 2
-199800 1
-199700 2
-199600 2
-199500 5
-199400 8
-199300 3
-199200 8
-199100 2
-199000 0
-198900 2
-198800 3
-198700 0
-198600 0
-198500 0
-198400 0
-198300 0
-198200 0
-198100 1
-198000 0
-197900 0
-197800 3
-197700 1
-197600 0
-197500 1
-197400 1
-197300 0
-197200 1
-197100 0
-197000 1
-196900 1
-196800 0
-196700 1
-196600 4
-196500 1
-196400 1
-196300 4
-196200 26
-196100 132
-196000 161
-195900 52
-195800 2
-195700 3
-195600 1
-195500 3
-195400 2
-195300 0
-195200 2
-195100 3
-195000 1
-194900 4
-194800 4
-194700 11
-194600 36
-194500 27
-194400 9
-194300 16
-194200 41
-194100 37
-194000 39
-193900 8
-193800 2
-193700 3
-193600 3
-193500 1
-193400 0
-193300 1
-193200 2
-193100 0
-193000 3
-192900 3
-192800 4
-192700 3
-192600 1
-192500 2
-192400 2
-192300 3
-192200 0
-192100 0
-192000 1
-191900 0
-191800 0
-191700 0
-191600 0
-191500 0
-191400 2
-191300 2
-191200 2
-191100 4
-191000 0
-190900 0
-190800 2
-190700 0
-190600 3
-190500 0
-190400 0
-190300 1
-190200 2
-190100 1
-190000 0
-189900 0
-189800 4
-189700 2
-189600 3
-189500 1
-189400 3
-189300 3
-189200 3
-189100 1
-189000 0
-188900 2
-188800 1
-188700 2
-188600 1
-188500 1
-188400 7
-188300 16
-188200 14
-188100 52
-188000 487
-187900 3420
-187800 6891
-187700 4089
-187600 685
-187500 44
-187400 11
-187300 9
-187200 7
-187100 4
-187000 1
-186900 1
-186800 1
-186700 2
-186600 1
-186500 1
-186400 3
-186300 5
-186200 10
-186100 4
-186000 5
-185900 2
-185800 1
-185700 1
-185600 2
-185500 1
-185400 2
-185300 0
-185200 0
-185100 0
-185000 0
-184900 0
-184800 2
-184700 2
-184600 3
-184500 4
-184400 0
-184300 0
-184200 1
-184100 0
-184000 0
-183900 1
-183800 0
-183700 1
-183600 0
-183500 0
-183400 3
-183300 3
-183200 1
-183100 21
-183000 91
-182900 168
-182800 64
-182700 13
-182600 6
-182500 2
-182400 1
-182300 0
-182200 1
-182100 0
-182000 1
-181900 6
-181800 4
-181700 6
-181600 22
-181500 41
-181400 42
-181300 16
-181200 9
-181100 25
-181000 43
-180900 42
-180800 19
-180700 5
-180600 6
-180500 5
-180400 4
-180300 0
-180200 1
-180100 2
-180000 1
-179900 2
-179800 3
-179700 9
-179600 5
-179500 0
-179400 1
-179300 2
-179200 3
-179100 0
-179000 1
-178900 1
-178800 0
-178700 0
-178600 1
-178500 1
-178400 0
-178300 0
-178200 0
-178100 3
-178000 2
-177900 0
-177800 1
-177700 0
-177600 1
-177500 2
-177400 1
-177300 1
-177200 2
-177100 1
-177000 3
-176900 1
-176800 0
-176700 2
-176600 8
-176500 3
-176400 4
-176300 2
-176200 4
-176100 5
-176000 1
-175900 1
-175800 2
-175700 1
-175600 0
-175500 0
-175400 2
-175300 5
-175200 9
-175100 22
-175000 28
-174900 161
-174800 1673
-174700 6145
-174600 5857
-174500 1563
-174400 170
-174300 18
-174200 5
-174100 4
-174000 5
-173900 1
-173800 0
-173700 1
-173600 0
-173500 2
-173400 0
-173300 2
-173200 5
-173100 7
-173000 7
-172900 3
-172800 1
-172700 1
-172600 0
-172500 2
-172400 1
-172300 1
-172200 2
-172100 0
-172000 4
-171900 0
-171800 2
-171700 0
-171600 1
-171500 0
-171400 1
-171300 1
-171200 0
-171100 0
-171000 0
-170900 0
-170800 1
-170700 1
-170600 1
-170500 0
-170400 4
-170300 2
-170200 2
-170100 2
-170000 7
-169900 53
-169800 173
-169700 126
-169600 30
-169500 2
-169400 2
-169300 1
-169200 1
-169100 0
-169000 3
-168900 0
-168800 2
-168700 1
-168600 4
-168500 14
-168400 25
-168300 35
-168200 15
-168100 3
-168000 25
-167900 56
-167800 52
-167700 26
-167600 6
-167500 5
-167400 5
-167300 1
-167200 2
-167100 1
-167000 3
-166900 1
-166800 1
-166700 5
-166600 8
-166500 5
-166400 1
-166300 2
-166200 2
-166100 4
-166000 2
-165900 0
-165800 1
-165700 2
-165600 1
-165500 1
-165400 2
-165300 1
-165200 0
-165100 0
-165000 2
-164900 2
-164800 2
-164700 3
-164600 1
-164500 0
-164400 3
-164300 1
-164200 2
-164100 0
-164000 0
-163900 1
-163800 0
-163700 0
-163600 2
-163500 3
-163400 11
-163300 5
-163200 6
-163100 5
-163000 7
-162900 4
-162800 0
-162700 1
-162600 0
-162500 2
-162400 1
-162300 1
-162200 4
-162100 5
-162000 8
-161900 20
-161800 84
-161700 948
-161600 4657
-161500 6823
-161400 2874
-161300 310
-161200 25
-161100 12
-161000 4
-160900 3
-160800 1
-160700 1
-160600 2
-160500 0
-160400 1
-160300 1
-160200 1
-160100 3
-160000 4
-159900 4
-159800 5
-159700 0
-159600 1
-159500 1
-159400 1
-159300 2
-159200 2
-159100 2
-159000 0
-158900 1
-158800 0
-158700 2
-158600 2
-158500 0
-158400 0
-158300 0
-158200 1
-158100 0
-158000 1
-157900 2
-157800 1
-157700 1
-157600 0
-157500 1
-157400 0
-157300 3
-157200 0
-157100 1
-157000 1
-156900 5
-156800 31
-156700 137
-156600 156
-156500 59
-156400 14
-156300 6
-156200 4
-156100 1
-156000 0
-155900 2
-155800 0
-155700 1
-155600 2
-155500 3
-155400 10
-155300 26
-155200 43
-155100 28
-155000 10
-154900 14
-154800 41
-154700 45
-154600 36
-154500 9
-154400 1
-154300 4
-154200 4
-154100 2
-154000 2
-153900 1
-153800 0
-153700 1
-153600 1
-153500 9
-153400 5
-153300 3
-153200 1
-153100 3
-153000 3
-152900 0
-152800 1
-152700 0
-152600 2
-152500 0
-152400 0
-152300 0
-152200 1
-152100 0
-152000 0
-151900 1
-151800 0
-151700 1
-151600 4
-151500 2
-151400 0
-151300 0
-151200 0
-151100 2
-151000 1
-150900 1
-150800 2
-150700 0
-150600 0
-150500 2
-150400 1
-150300 4
-150200 2
-150100 8
-150000 4
-149900 3
-149800 3
-149700 1
-149600 0
-149500 0
-149400 0
-149300 0
-149200 0
-149100 3
-149000 5
-148900 8
-148800 14
-148700 52
-148600 423
-148500 3083
-148400 6932
-148300 4244
-148200 794
-148100 56
-148000 8
-147900 9
-147800 5
-147700 3
-147600 1
-147500 0
-147400 1
-147300 0
-147200 2
-147100 2
-147000 4
-146900 4
-146800 9
-146700 7
-146600 4
-146500 0
-146400 1
-146300 1
-146200 1
-146100 0
-146000 1
-145900 1
-145800 3
-145700 1
-145600 1
-145500 0
-145400 0
-145300 1
-145200 1
-145100 1
-145000 1
-144900 1
-144800 0
-144700 0
-144600 1
-144500 0
-144400 0
-144300 2
-144200 0
-144100 0
-144000 2
-143900 3
-143800 3
-143700 18
-143600 93
-143500 160
-143400 85
-143300 18
-143200 3
-143100 2
-143000 0
-142900 1
-142800 1
-142700 1
-142600 6
-142500 1
-142400 1
-142300 6
-142200 15
-142100 34
-142000 37
-141900 9
-141800 6
-141700 19
-141600 49
-141500 44
-141400 13
-141300 6
-141200 1
-141100 4
-141000 3
-140900 1
-140800 0
-140700 2
-140600 3
-140500 0
-140400 2
-140300 6
-140200 0
-140100 0
-140000 1
-139900 0
-139800 5
-139700 2
-139600 0
-139500 0
-139400 0
-139300 0
-139200 0
-139100 0
-139000 0
-138900 2
-138800 0
-138700 1
-138600 1
-138500 1
-138400 2
-138300 2
-138200 1
-138100 1
-138000 1
-137900 1
-137800 0
-137700 0
-137600 1
-137500 0
-137400 2
-137300 1
-137200 5
-137100 7
-137000 7
-136900 2
-136800 1
-136700 6
-136600 3
-136500 0
-136400 0
-136300 1
-136200 0
-136100 1
-136000 0
-135900 5
-135800 12
-135700 8
-135600 21
-135500 157
-135400 1724
-135300 6049
-135200 6094
-135100 1714
-135000 163
-134900 8
-134800 12
-134700 8
-134600 5
-134500 1
-134400 1
-134300 2
-134200 1
-134100 2
-134000 0
-133900 4
-133800 7
-133700 4
-133600 10
-133500 1
-133400 0
-133300 0
-133200 0
-133100 0
-133000 1
-132900 1
-132800 2
-132700 0
-132600 1
-132500 0
-132400 1
-132300 1
-132200 1
-132100 1
-132000 1
-131900 2
-131800 0
-131700 2
-131600 1
-131500 1
-131400 0
-131300 0
-131200 1
-131100 1
-131000 1
-130900 0
-130800 0
-130700 2
-130600 6
-130500 46
-130400 162
-130300 149
-130200 41
-130100 6
-130000 4
-129900 3
-129800 0
-129700 1
-129600 0
-129500 1
-129400 2
-129300 0
-129200 1
-129100 14
-129000 26
-128900 38
-128800 32
-128700 3
-128600 9
-128500 42
-128400 37
-128300 30
-128200 11
-128100 1
-128000 1
-127900 4
-127800 2
-127700 0
-127600 2
-127500 1
-127400 2
-127300 6
-127200 5
-127100 3
-127000 2
-126900 0
-126800 1
-126700 3
-126600 6
-126500 1
-126400 2
-126300 1
-126200 0
-126100 3
-126000 1
-125900 2
-125800 0
-125700 1
-125600 4
-125500 3
-125400 4
-125300 2
-125200 2
-125100 0
-125000 0
-124900 0
-124800 0
-124700 2
-124600 1
-124500 2
-124400 0
-124300 0
-124200 3
-124100 1
-124000 0
-123900 1
-123800 5
-123700 5
-123600 4
-123500 5
-123400 0
-123300 0
-123200 2
-123100 1
-123000 1
-122900 2
-122800 4
-122700 8
-122600 18
-122500 16
-122400 68
-122300 757
-122200 4300
-122100 7045
-122000 2966
-121900 385
-121800 20
-121700 7
-121600 5
-121500 2
-121400 1
-121300 1
-121200 2
-121100 1
-121000 2
-120900 2
-120800 2
-120700 4
-120600 5
-120500 7
-120400 8
-120300 2
-120200 4
-120100 1
-120000 2
-119900 0
-119800 1
-119700 1
-119600 0
-119500 1
-119400 1
-119300 1
-119200 2
-119100 0
-119000 0
-118900 1
-118800 1
-118700 0
-118600 0
-118500 1
-118400 0
-118300 0
-118200 0
-118100 3
-118000 1
-117900 0
-117800 3
-117700 0
-117600 6
-117500 4
-117400 19
-117300 134
-117200 180
-117100 64
-117000 10
-116900 4
-116800 0
-116700 1
-116600 3
-116500 2
-116400 3
-116300 2
-116200 2
-116100 4
-116000 10
-115900 16
-115800 36
-115700 28
-115600 9
-115500 4
-115400 33
-115300 51
-115200 29
-115100 12
-115000 1
-114900 2
-114800 7
-114700 2
-114600 2
-114500 2
-114400 0
-114300 1
-114200 3
-114100 6
-114000 4
-113900 1
-113800 1
-113700 0
-113600 2
-113500 4
-113400 0
-113300 0
-113200 1
-113100 2
-113000 2
-112900 0
-112800 0
-112700 2
-112600 3
-112500 0
-112400 3
-112300 3
-112200 3
-112100 0
-112000 2
-111900 1
-111800 0
-111700 0
-111600 1
-111500 2
-111400 1
-111300 1
-111200 1
-111100 0
-111000 1
-110900 4
-110800 5
-110700 4
-110600 1
-110500 4
-110400 2
-110300 0
-110200 2
-110100 1
-110000 1
-109900 1
-109800 0
-109700 0
-109600 2
-109500 14
-109400 18
-109300 31
-109200 383
-109100 2859
-109000 6997
-108900 4595
-108800 821
-108700 54
-108600 7
-108500 9
-108400 8
-108300 2
-108200 0
-108100 1
-108000 2
-107900 1
-107800 0
-107700 1
-107600 2
-107500 13
-107400 8
-107300 3
-107200 6
-107100 0
-107000 1
-106900 1
-106800 1
-106700 1
-106600 0
-106500 1
-106400 1
-106300 0
-106200 0
-106100 0
-106000 0
-105900 1
-105800 0
-105700 0
-105600 2
-105500 0
-105400 1
-105300 1
-105200 0
-105100 1
-105000 4
-104900 1
-104800 2
-104700 1
-104600 3
-104500 3
-104400 2
-104300 13
-104200 72
-104100 179
-104000 95
-103900 23
-103800 1
-103700 2
-103600 1
-103500 0
-103400 1
-103300 0
-103200 1
-103100 2
-103000 1
-102900 8
-102800 24
-102700 33
-102600 38
-102500 18
-102400 6
-102300 22
-102200 45
-102100 40
-102000 32
-101900 7
-101800 2
-101700 4
-101600 0
-101500 0
-101400 1
-101300 0
-101200 1
-101100 2
-101000 5
-100900 3
-100800 2
-100700 0
-100600 4
-100500 0
-100400 2
-100300 2
-100200 2
-100100 1
-100000 1
-99900 0
-99800 0
-99700 0
-99600 0
-99500 1
-99400 0
-99300 1
-99200 2
-99100 2
-99000 1
-98900 1
-98800 0
-98700 0
-98600 2
-98500 2
-98400 1
-98300 0
-98200 0
-98100 2
-98000 2
-97900 2
-97800 3
-97700 5
-97600 0
-97500 4
-97400 4
-97300 2
-97200 3
-97100 0
-97000 3
-96900 0
-96800 2
-96700 0
-96600 3
-96500 2
-96400 5
-96300 11
-96200 20
-96100 127
-96000 1270
-95900 5467
-95800 6484
-95700 2138
-95600 198
-95500 8
-95400 5
-95300 6
-95200 2
-95100 1
-95000 1
-94900 0
-94800 2
-94700 0
-94600 0
-94500 3
-94400 4
-94300 6
-94200 7
-94100 7
-94000 0
-93900 1
-93800 0
-93700 0
-93600 1
-93500 1
-93400 2
-93300 1
-93200 1
-93100 1
-93000 2
-92900 0
-92800 2
-92700 0
-92600 1
-92500 1
-92400 0
-92300 0
-92200 1
-92100 1
-92000 0
-91900 1
-91800 2
-91700 1
-91600 0
-91500 0
-91400 1
-91300 2
-91200 5
-91100 38
-91000 150
-90900 167
-90800 37
-90700 11
-90600 3
-90500 1
-90400 1
-90300 4
-90200 0
-90100 3
-90000 1
-89900 0
-89800 1
-89700 12
-89600 24
-89500 42
-89400 17
-89300 8
-89200 15
-89100 45
-89000 53
-88900 31
-88800 11
-88700 1
-88600 2
-88500 3
-88400 1
-88300 0
-88200 2
-88100 0
-88000 4
-87900 3
-87800 8
-87700 2
-87600 0
-87500 2
-87400 2
-87300 6
-87200 2
-87100 3
-87000 1
-86900 0
-86800 2
-86700 1
-86600 1
-86500 0
-86400 1
-86300 0
-86200 0
-86100 5
-86000 5
-85900 2
-85800 0
-85700 1
-85600 1
-85500 0
-85400 3
-85300 0
-85200 0
-85100 1
-85000 3
-84900 0
-84800 0
-84700 2
-84600 4
-84500 2
-84400 1
-84300 5
-84200 4
-84100 3
-84000 4
-83900 0
-83800 1
-83700 1
-83600 3
-83500 1
-83400 0
-83300 9
-83200 9
-83100 14
-83000 38
-82900 372
-82800 3158
-82700 6925
-82600 4279
-82500 647
-82400 41
-82300 15
-82200 6
-82100 10
-82000 5
-81900 2
-81800 0
-81700 2
-81600 2
-81500 1
-81400 3
-81300 5
-81200 7
-81100 7
-81000 5
-80900 2
-80800 1
-80700 2
-80600 1
-80500 1
-80400 0
-80300 0
-80200 0
-80100 0
-80000 2
-79900 1
-79800 1
-79700 1
-79600 0
-79500 1
-79400 1
-79300 1
-79200 0
-79100 2
-79000 1
-78900 3
-78800 1
-78700 0
-78600 1
-78500 1
-78400 1
-78300 2
-78200 2
-78100 1
-78000 18
-77900 90
-77800 193
-77700 98
-77600 21
-77500 3
-77400 1
-77300 2
-77200 0
-77100 1
-77000 0
-76900 4
-76800 0
-76700 3
-76600 6
-76500 26
-76400 32
-76300 35
-76200 9
-76100 4
-76000 39
-75900 48
-75800 51
-75700 12
-75600 2
-75500 1
-75400 1
-75300 1
-75200 1
-75100 2
-75000 0
-74900 1
-74800 0
-74700 5
-74600 3
-74500 1
-74400 1
-74300 2
-74200 1
-74100 2
-74000 1
-73900 1
-73800 0
-73700 0
-73600 2
-73500 0
-73400 2
-73300 0
-73200 2
-73100 3
-73000 6
-72900 2
-72800 0
-72700 1
-72600 3
-72500 3
-72400 2
-72300 3
-72200 0
-72100 0
-72000 3
-71900 0
-71800 0
-71700 1
-71600 2
-71500 2
-71400 4
-71300 9
-71200 6
-71100 4
-71000 4
-70900 2
-70800 0
-70700 0
-70600 1
-70500 1
-70400 0
-70300 0
-70200 5
-70100 15
-70000 19
-69900 40
-69800 352
-69700 2768
-69600 6938
-69500 4519
-69400 768
-69300 56
-69200 7
-69100 9
-69000 1
-68900 1
-68800 1
-68700 2
-68600 0
-68500 0
-68400 1
-68300 1
-68200 2
-68100 8
-68000 8
-67900 8
-67800 2
-67700 1
-67600 3
-67500 0
-67400 1
-67300 1
-67200 2
-67100 1
-67000 2
-66900 3
-66800 1
-66700 0
-66600 1
-66500 0
-66400 0
-66300 0
-66200 1
-66100 2
-66000 1
-65900 1
-65800 1
-65700 2
-65600 0
-65500 0
-65400 1
-65300 2
-65200 1
-65100 7
-65000 2
-64900 10
-64800 89
-64700 175
-64600 112
-64500 21
-64400 3
-64300 2
-64200 2
-64100 0
-64000 1
-63900 2
-63800 1
-63700 1
-63600 0
-63500 3
-63400 16
-63300 24
-63200 30
-63100 16
-63000 11
-62900 31
-62800 52
-62700 44
-62600 21
-62500 4
-62400 2
-62300 3
-62200 1
-62100 1
-62000 0
-61900 0
-61800 0
-61700 1
-61600 6
-61500 8
-61400 1
-61300 1
-61200 0
-61100 1
-61000 0
-60900 0
-60800 0
-60700 1
-60600 0
-60500 1
-60400 0
-60300 2
-60200 3
-60100 1
-60000 1
-59900 1
-59800 3
-59700 2
-59600 0
-59500 0
-59400 1
-59300 1
-59200 0
-59100 0
-59000 2
-58900 2
-58800 0
-58700 1
-58600 1
-58500 1
-58400 1
-58300 2
-58200 6
-58100 5
-58000 1
-57900 5
-57800 4
-57700 2
-57600 1
-57500 0
-57400 0
-57300 2
-57200 1
-57100 4
-57000 9
-56900 15
-56800 19
-56700 171
-56600 1955
-56500 6341
-56400 5568
-56300 1374
-56200 113
-56100 12
-56000 5
-55900 7
-55800 4
-55700 1
-55600 1
-55500 0
-55400 2
-55300 0
-55200 1
-55100 1
-55000 5
-54900 6
-54800 7
-54700 4
-54600 0
-54500 2
-54400 0
-54300 0
-54200 0
-54100 0
-54000 0
-53900 0
-53800 0
-53700 0
-53600 1
-53500 0
-53400 3
-53300 1
-53200 2
-53100 1
-53000 0
-52900 2
-52800 0
-52700 0
-52600 0
-52500 0
-52400 0
-52300 1
-52200 2
-52100 2
-52000 3
-51900 2
-51800 4
-51700 46
-51600 160
-51500 138
-51400 36
-51300 7
-51200 6
-51100 4
-51000 1
-50900 0
-50800 1
-50700 1
-50600 2
-50500 0
-50400 5
-50300 7
-50200 26
-50100 29
-50000 31
-49900 7
-49800 11
-49700 33
-49600 53
-49500 33
-49400 11
-49300 3
-49200 2
-49100 2
-49000 1
-48900 0
-48800 0
-48700 0
-48600 3
-48500 2
-48400 7
-48300 4
-48200 4
-48100 0
-48000 0
-47900 4
-47800 2
-47700 1
-47600 0
-47500 0
-47400 0
-47300 1
-47200 0
-47100 0
-47000 1
-46900 1
-46800 0
-46700 4
-46600 4
-46500 1
-46400 5
-46300 2
-46200 1
-46100 0
-46000 1
-45900 1
-45800 4
-45700 1
-45600 1
-45500 0
-45400 0
-45300 3
-45200 2
-45100 4
-45000 3
-44900 4
-44800 2
-44700 2
-44600 3
-44500 0
-44400 0
-44300 1
-44200 1
-44100 0
-44000 2
-43900 4
-43800 10
-43700 7
-43600 42
-43500 522
-43400 3598
-43300 7085
-43200 3716
-43100 479
-43000 35
-42900 9
-42800 12
-42700 10
-42600 1
-42500 1
-42400 1
-42300 1
-42200 2
-42100 0
-42000 2
-41900 2
-41800 5
-41700 7
-41600 5
-41500 5
-41400 2
-41300 1
-41200 1
-41100 0
-41000 2
-40900 1
-40800 3
-40700 1
-40600 1
-40500 2
-40400 1
-40300 1
-40200 3
-40100 0
-40000 0
-39900 3
-39800 1
-39700 0
-39600 1
-39500 0
-39400 1
-39300 2
-39200 1
-39100 1
-39000 0
-38900 1
-38800 2
-38700 4
-38600 22
-38500 101
-38400 162
-38300 93
-38200 15
-38100 3
-38000 2
-37900 1
-37800 0
-37700 1
-37600 2
-37500 4
-37400 4
-37300 2
-37200 1
-37100 16
-37000 35
-36900 29
-36800 15
-36700 4
-36600 22
-36500 49
-36400 53
-36300 24
-36200 1
-36100 2
-36000 1
-35900 5
-35800 2
-35700 1
-35600 0
-35500 2
-35400 3
-35300 3
-35200 4
-35100 6
-35000 0
-34900 2
-34800 1
-34700 4
-34600 4
-34500 0
-34400 0
-34300 0
-34200 2
-34100 1
-34000 2
-33900 0
-33800 2
-33700 0
-33600 3
-33500 2
-33400 2
-33300 2
-33200 0
-33100 0
-33000 0
-32900 0
-32800 2
-32700 2
-32600 0
-32500 1
-32400 0
-32300 0
-32200 1
-32100 3
-32000 5
-31900 2
-31800 3
-31700 4
-31600 4
-31500 1
-31400 2
-31300 0
-31200 0
-31100 2
-31000 0
-30900 3
-30800 7
-30700 11
-30600 17
-30500 35
-30400 203
-30300 1856
-30200 6435
-30100 5632
-30000 1265
-29900 98
-29800 10
-29700 14
-29600 7
-29500 1
-29400 1
-29300 0
-29200 1
-29100 0
-29000 1
-28900 1
-28800 1
-28700 5
-28600 9
-28500 6
-28400 5
-28300 1
-28200 1
-28100 1
-28000 4
-27900 0
-27800 2
-27700 0
-27600 1
-27500 1
-27400 0
-27300 2
-27200 1
-27100 0
-27000 1
-26900 1
-26800 1
-26700 0
-26600 1
-26500 1
-26400 0
-26300 1
-26200 1
-26100 1
-26000 1
-25900 0
-25800 2
-25700 3
-25600 6
-25500 17
-25400 100
-25300 169
-25200 92
-25100 20
-25000 2
-24900 1
-24800 2
-24700 0
-24600 0
-24500 4
-24400 2
-24300 2
-24200 0
-24100 7
-24000 22
-23900 38
-23800 39
-23700 11
-23600 13
-23500 30
-23400 52
-23300 38
-23200 12
-23100 3
-23000 2
-22900 2
-22800 2
-22700 3
-22600 2
-22500 3
-22400 1
-22300 4
-22200 9
-22100 1
-22000 3
-21900 2
-21800 0
-21700 3
-21600 3
-21500 3
-21400 0
-21300 1
-21200 0
-21100 1
-21000 1
-20900 1
-20800 3
-20700 0
-20600 0
-20500 0
-20400 4
-20300 1
-20200 0
-20100 0
-20000 2
-19900 1
-19800 1
-19700 0
-19600 2
-19500 0
-19400 1
-19300 1
-19200 2
-19100 3
-19000 2
-18900 5
-18800 4
-18700 3
-18600 2
-18500 4
-18400 2
-18300 1
-18200 0
-18100 1
-18000 1
-17900 3
-17800 1
-17700 1
-17600 9
-17500 17
-17400 33
-17300 327
-17200 2657
-17100 6671
-17000 4691
-16900 967
-16800 78
-16700 12
-16600 11
-16500 6
-16400 2
-16300 1
-16200 0
-16100 0
-16000 1
-15900 0
-15800 2
-15700 2
-15600 7
-15500 9
-15400 9
-15300 4
-15200 3
-15100 0
-15000 0
-14900 1
-14800 0
-14700 0
-14600 0
-14500 0
-14400 1
-14300 0
-14200 1
-14100 0
-14000 4
-13900 0
-13800 1
-13700 0
-13600 2
-13500 0
-13400 3
-13300 3
-13200 2
-13100 0
-13000 0
-12900 0
-12800 1
-12700 0
-12600 5
-12500 2
-12400 13
-12300 92
-12200 171
-12100 97
-12000 27
-11900 2
-11800 1
-11700 7
-11600 2
-11500 2
-11400 0
-11300 3
-11200 2
-11100 0
-11000 4
-10900 12
-10800 26
-10700 30
-10600 13
-10500 10
-10400 23
-10300 56
-10200 56
-10100 21
-10000 7
-9900 1
-9800 2
-9700 2
-9600 1
-9500 1
-9400 1
-9300 3
-9200 5
-9100 3
-9000 4
-8900 5
-8800 0
-8700 2
-8600 0
-8500 3
-8400 3
-8300 0
-8200 2
-8100 0
-8000 3
-7900 0
-7800 0
-7700 0
-7600 0
-7500 1
-7400 1
-7300 2
-7200 2
-7100 1
-7000 2
-6900 1
-6800 3
-6700 1
-6600 2
-6500 2
-6400 2
-6300 0
-6200 3
-6100 1
-6000 1
-5900 0
-5800 4
-5700 3
-5600 2
-5500 5
-5400 7
-5300 4
-5200 1
-5100 0
-5000 3
-4900 0
-4800 1
-4700 1
-4600 1
-4500 11
-4400 10
-4300 17
-4200 46
-4100 600
-4000 3945
-3900 7134
-3800 3328
-3700 407
-3600 27
-3500 6
-3400 11
-3300 5
-3200 3
-3100 1
-3000 1
-2900 0
-2800 1
-2700 0
-2600 1
-2500 1
-2400 9
-2300 6
-2200 9
-2100 4
-2000 4
-1900 1
-1800 0
-1700 0
-1600 1
-1500 3
-1400 2
-1300 1
-1200 1
-1100 1
-1000 2
-900 2
-800 1
-700 2
-600 2
-500 0
-400 0
-300 2
-200 2
-100 1
0 2
100 0
200 0
300 0
400 1
500 2
600 6
700 2
800 17
900 107
1000 190
1100 95
1200 15
1300 5
1400 2
1500 0
1600 0
1700 1
1800 3
1900 2
2000 2
2100 1
2200 2
2300 21
2400 50
2500 47
2600 15
2700 12
2800 40
2900 49
3000 51
3100 21
3200 4
3300 3
3400 2
3500 1
3600 1
3700 1
3800 0
3900 1
4000 3
4100 1
4200 6
4300 1
4400 0
4500 0
4600 4
4700 3
4800 1
4900 2
5000 2
5100 2
5200 0
5300 0
5400 1
5500 1
5600 0
5700 0
5800 3
5900 5
6000 1
6100 1
6200 1
6300 1
6400 0
6500 0
6600 1
6700 0
6800 2
6900 1
7000 0
7100 0
7200 0
7300 7
7400 7
7500 3
7600 2
7700 5
7800 5
7900 3
8000 0
8100 1
8200 0
8300 0
8400 2
8500 4
8600 1
8700 13
8800 17
8900 29
9000 200
9100 2199
9200 9146
9300 10612
9400 3394
9500 337
9600 26
9700 6
9800 7
9900 8
10000 3
10100 4
10200 1
10300 0
10400 0
10500 1
10600 3
10700 8
10800 10
10900 3
11000 5
11100 2
11200 2
11300 1
11400 0
11500 1
11600 1
11700 0
11800 0
11900 1
12000 2
12100 1
12200 1
12300 1
12400 0
12500 1
12600 2
12700 1
12800 0
12900 0
13000 2
13100 1
13200 0
13300 2
13400 1
13500 1
13600 1
13700 1
13800 5
13900 4
14000 23
14100 112
14200 167
14300 48
14400 5
14500 1
14600 3
14700 1
14800 3
14900 0
15000 0
15100 1
15200 0
15300 2
15400 5
15500 20
15600 44
15700 28
15800 17
15900 13
16000 33
16100 51
16200 36
16300 17
16400 2
16500 1
16600 0
16700 1
16800 0
16900 1
17000 1
17100 1
17200 1
17300 10
17400 2
17500 2
17600 2
17700 2
17800 0
17900 2
18000 1
18100 1
18200 0
18300 0
18400 0
18500 0
18600 0
18700 1
18800 1
18900 0
19000 5
19100 2
19200 0
19300 3
19400 4
19500 0
19600 1
19700 2
19800 2
19900 1
20000 1
20100 0
20200 1
20300 0
20400 2
20500 4
20600 6
20700 6
20800 6
20900 6
21000 2
21100 1
21200 1
21300 2
21400 0
21500 0
21600 2
21700 2
21800 4
21900 12
22000 10
22100 47
22200 493
22300 3405
22400 7088
22500 3963
22600 630
22700 38
22800 14
22900 5
23000 2
23100 0
23200 0
23300 0
23400 3
23500 1
23600 0
23700 3
23800 5
23900 8
24000 3
24100 1
24200 4
24300 1
24400 0
24500 6
24600 1
24700 1
24800 1
24900 3
25000 1
25100 0
25200 1
25300 2
25400 0
25500 1
25600 2
25700 0
25800 1
25900 0
26000 0
26100 0
26200 1
26300 1
26400 1
26500 0
26600 0
26700 0
26800 2
26900 3
27000 2
27100 35
27200 153
27300 159
27400 61
27500 10
27600 2
27700 1
27800 0
27900 2
28000 0
28100 0
28200 6
28300 0
28400 2
28500 6
28600 19
28700 36
28800 24
28900 5
29000 15
29100 32
29200 57
29300 29
29400 11
29500 3
29600 2
29700 1
29800 1
29900 2
30000 0
30100 0
30200 4
30300 4
30400 3
30500 1
30600 1
30700 1
30800 1
30900 3
31000 1
31100 1
31200 0
31300 0
31400 0
31500 0
31600 0
31700 3
31800 0
31900 0
32000 1
32100 3
32200 2
32300 4
32400 1
32500 2
32600 2
32700 1
32800 0
32900 4
33000 1
33100 2
33200 2
33300 3
33400 4
33500 1
33600 3
33700 5
33800 5
33900 3
34000 1
34100 1
34200 4
34300 1
34400 3
34500 0
34600 0
34700 1
34800 3
34900 4
35000 13
35100 13
35200 45
35300 659
35400 4168
35500 7141
35600 3076
35700 415
35800 23
35900 6
36000 13
36100 6
36200 0
36300 0
36400 0
36500 1
36600 1
36700 0
36800 4
36900 5
37000 6
37100 11
37200 5
37300 0
37400 0
37500 2
37600 0
37700 1
37800 1
37900 1
38000 1
38100 1
38200 1
38300 0
38400 1
38500 0
38600 2
38700 2
38800 1
38900 1
39000 2
39100 1
39200 0
39300 0
39400 0
39500 0
39600 0
39700 3
39800 0
39900 0
40000 2
40100 1
40200 21
40300 115
40400 172
40500 63
40600 14
40700 2
40800 1
40900 1
41000 1
41100 1
41200 1
41300 7
41400 5
41500 0
41600 3
41700 27
41800 32
41900 32
42000 10
42100 5
42200 41
42300 54
42400 42
42500 9
42600 5
42700 0
42800 0
42900 3
43000 0
43100 1
43200 1
43300 5
43400 1
43500 5
43600 5
43700 1
43800 1
43900 0
44000 2
44100 2
44200 2
44300 1
44400 1
44500 0
44600 1
44700 1
44800 1
44900 2
45000 0
45100 0
45200 3
45300 1
45400 0
45500 3
45600 0
45700 0
45800 0
45900 0
46000 0
46100 1
46200 1
46300 0
46400 1
46500 0
46600 2
46700 0
46800 3
46900 3
47000 5
47100 7
47200 4
47300 4
47400 3
47500 0
47600 1
47700 0
47800 3
47900 2
48000 3
48100 9
48200 14
48300 23
48400 179
48500 1935
48600 6281
48700 5625
48800 1363
48900 106
49000 11
49100 11
49200 16
49300 5
49400 1
49500 0
49600 1
49700 3
49800 0
49900 0
50000 3
50100 4
50200 8
50300 6
50400 2
50500 1
50600 2
50700 0
50800 1
50900 2
51000 2
51100 1
51200 0
51300 0
51400 0
51500 5
51600 1
51700 1
51800 3
51900 1
52000 2
52100 0
52200 0
52300 2
52400 2
52500 1
52600 1
52700 1
52800 0
52900 1
53000 0
53100 2
53200 6
53300 13
53400 74
53500 277
53600 225
53700 65
53800 9
53900 3
54000 5
54100 2
54200 0
54300 2
54400 0
54500 2
54600 1
54700 5
54800 8
54900 19
55000 34
55100 28
55200 6
55300 18
55400 39
55500 57
55600 41
55700 7
55800 1
55900 2
56000 5
56100 1
56200 1
56300 1
56400 2
56500 2
56600 2
56700 8
56800 3
56900 2
57000 0
57100 1
57200 2
57300 5
57400 2
57500 1
57600 0
57700 0
57800 0
57900 2
58000 0
58100 3
58200 1
58300 0
58400 5
58500 2
58600 0
58700 2
58800 2
58900 0
59000 0
59100 1
59200 2
59300 2
59400 2
59500 2
59600 2
59700 1
59800 4
59900 1
60000 3
60100 6
60200 2
60300 4
60400 5
60500 2
60600 2
60700 0
60800 0
60900 0
61000 0
61100 3
61200 4
61300 13
61400 18
61500 48
61600 671
61700 4054
61800 6938
61900 3263
62000 388
62100 27
62200 5
62300 5
62400 6
62500 3
62600 1
62700 2
62800 0
62900 0
63000 3
63100 2
63200 5
63300 7
63400 7
63500 7
63600 2
63700 1
63800 0
63900 1
64000 0
64100 1
64200 3
64300 3
64400 1
64500 0
64600 1
64700 1
64800 0
64900 0
65000 1
65100 2
65200 1
65300 0
65400 2
65500 1
65600 1
65700 0
65800 1
65900 1
66000 1
66100 0
66200 0
66300 2
66400 3
66500 31
66600 105
66700 193
66800 60
66900 17
67000 1
67100 3
67200 1
67300 1
67400 2
67500 0
67600 4
67700 0
67800 3
67900 4
68000 20
68100 37
68200 29
68300 9
68400 8
68500 37
68600 39
68700 28
68800 12
68900 1
69000 2
69100 5
69200 2
69300 0
69400 3
69500 0
69600 2
69700 2
69800 2
69900 3
70000 5
70100 2
70200 3
70300 3
70400 1
70500 0
70600 0
70700 1
70800 1
70900 0
71000 1
71100 0
71200 3
71300 1
71400 1
71500 2
71600 3
71700 2
71800 5
71900 1
72000 0
72100 2
72200 1
72300 1
72400 0
72500 1
72600 2
72700 1
72800 1
72900 2
73000 4
73100 2
73200 2
73300 5
73400 10
73500 4
73600 1
73700 0
73800 3
73900 2
74000 3
74100 1
74200 1
74300 3
74400 7
74500 20
74600 45
74700 490
74800 3382
74900 7135
75000 3963
75100 619
75200 30
75300 10
75400 5
75500 10
75600 2
75700 0
75800 1
75900 1
76000 0
76100 1
76200 1
76300 4
76400 4
76500 11
76600 4
76700 4
76800 4
76900 0
77000 2
77100 0
77200 0
77300 0
77400 0
77500 2
77600 0
77700 0
77800 0
77900 1
78000 1
78100 1
78200 0
78300 1
78400 2
78500 0
78600 1
78700 4
78800 0
78900 0
79000 1
79100 0
79200 1
79300 0
79400 3
79500 6
79600 19
79700 110
79800 182
79900 87
80000 16
80100 0
80200 2
80300 4
80400 1
80500 1
80600 3
80700 2
80800 4
80900 1
81000 7
81100 11
81200 33
81300 34
81400 10
81500 10
81600 28
81700 61
81800 26
81900 21
82000 3
82100 1
82200 1
82300 1
82400 0
82500 5
82600 0
82700 1
82800 1
82900 8
83000 5
83100 2
83200 2
83300 3
83400 4
83500 6
83600 0
83700 0
83800 1
83900 2
84000 3
84100 2
84200 1
84300 1
84400 1
84500 0
84600 4
84700 2
84800 1
84900 2
85000 3
85100 0
85200 1
85300 0
85400 1
85500 3
85600 1
85700 2
85800 1
85900 0
86000 2
86100 2
86200 4
86300 4
86400 1
86500 2
86600 7
86700 1
86800 3
86900 1
87000 1
87100 0
87200 4
87300 0
87400 7
87500 12
87600 18
87700 33
87800 274
87900 2235
88000 6720
88100 5258
88200 1117
88300 80
88400 7
88500 4
88600 3
88700 3
88800 1
88900 3
89000 1
89100 0
89200 3
89300 1
89400 4
89500 7
89600 5
89700 8
89800 4
89900 0
90000 1
90100 0
90200 0
90300 0
90400 3
90500 2
90600 1
90700 1
90800 2
90900 1
91000 2
91100 1
91200 0
91300 0
91400 1
91500 0
91600 1
91700 3
91800 1
91900 0
92000 2
92100 0
92200 1
92300 0
92400 0
92500 3
92600 6
92700 7
92800 57
92900 173
93000 109
93100 27
93200 6
93300 6
93400 1
93500 1
93600 0
93700 1
93800 3
93900 6
94000 0
94100 4
94200 9
94300 26
94400 51
94500 20
94600 7
94700 15
94800 33
94900 44
95000 26
95100 5
95200 0
95300 3
95400 1
95500 1
95600 0
95700 0
95800 3
95900 1
96000 3
96100 5
96200 3
96300 0
96400 1
96500 0
96600 2
96700 5
96800 1
96900 1
97000 0
97100 0
97200 0
97300 0
97400 0
97500 1
97600 1
97700 4
97800 4
97900 2
98000 1
98100 0
98200 1
98300 0
98400 0
98500 0
98600 0
98700 0
98800 3
98900 0
99000 0
99100 3
99200 9
99300 7
99400 5
99500 2
99600 3
99700 3
99800 1
99900 0
100000 1
100100 0
100200 1
100300 3
100400 0
100500 0
100600 5
100700 13
100800 18
100900 67
101000 835
101100 4444
101200 6889
101300 2845
101400 330
101500 21
101600 12
101700 14
101800 3
101900 2
102000 4
102100 1
102200 0
102300 0
102400 0
102500 0
102600 4
102700 7
102800 7
102900 2
103000 6
103100 2
103200 2
103300 1
103400 2
103500 0
103600 0
103700 0
103800 1
103900 2
104000 2
104100 2
104200 1
104300 1
104400 2
104500 0
104600 0
104700 1
104800 2
104900 1
105000 2
105100 2
105200 2
105300 0
105400 0
105500 0
105600 1
105700 1
105800 6
105900 27
106000 135
106100 160
106200 49
106300 9
106400 3
106500 1
106600 0
106700 1
106800 2
106900 2
107000 1
107100 1
107200 1
107300 7
107400 19
107500 44
107600 38
107700 13
107800 8
107900 30
108000 50
108100 32
108200 16
108300 2
108400 0
108500 0
108600 1
108700 1
108800 0
108900 1
109000 2
109100 4
109200 4
109300 4
109400 0
109500 3
109600 1
109700 0
109800 6
109900 2
110000 2
110100 1
110200 1
110300 0
110400 1
110500 0
110600 1
110700 2
110800 2
110900 5
111000 1
111100 2
111200 2
111300 1
111400 1
111500 1
111600 0
111700 0
111800 0
111900 3
112000 0
112100 3
112200 2
112300 2
112400 2
112500 1
112600 1
112700 2
112800 4
112900 3
113000 1
113100 0
113200 1
113300 1
113400 1
113500 0
113600 3
113700 5
113800 12
113900 15
114000 28
114100 356
114200 2854
114300 7116
114400 4511
114500 809
114600 57
114700 12
114800 7
114900 7
115000 1
115100 1
115200 1
115300 1
115400 1
115500 0
115600 1
115700 6
115800 8
115900 4
116000 5
116100 7
116200 2
116300 2
116400 1
116500 2
116600 1
116700 1
116800 0
116900 0
117000 1
117100 0
117200 2
117300 1
117400 1
117500 3
117600 4
117700 1
117800 1
117900 0
118000 0
118100 1
118200 1
118300 0
118400 0
118500 1
118600 2
118700 4
118800 5
118900 1
119000 13
119100 83
119200 194
119300 109
119400 22
119500 6
119600 1
119700 2
119800 2
119900 0
120000 2
120100 0
120200 1
120300 3
120400 3
120500 12
120600 39
120700 33
120800 13
120900 6
121000 24
121100 49
121200 42
121300 20
121400 3
121500 2
121600 3
121700 1
121800 0
121900 0
122000 0
122100 2
122200 5
122300 2
122400 5
122500 1
122600 0
122700 1
122800 1
122900 1
123000 1
123100 0
123200 3
123300 1
123400 2
123500 0
123600 1
123700 2
123800 0
123900 1
124000 3
124100 2
124200 2
124300 0
124400 0
124500 0
124600 0
124700 0
124800 0
124900 0
125000 0
125100 0
125200 1
125300 2
125400 1
125500 4
125600 3
125700 0
125800 6
125900 1
126000 3
126100 2
126200 2
126300 0
126400 0
126500 1
126600 0
126700 3
126800 2
126900 6
127000 12
127100 21
127200 144
127300 1734
127400 6135
127500 5911
127600 1546
127700 125
127800 11
127900 3
128000 6
128100 5
128200 1
128300 1
128400 0
128500 0
128600 1
128700 2
128800 3
128900 5
129000 3
129100 10
129200 4
129300 3
129400 2
129500 1
129600 0
129700 0
129800 0
129900 1
130000 0
130100 1
130200 1
130300 1
130400 0
130500 0
130600 0
130700 0
130800 0
130900 1
131000 1
131100 0
131200 3
131300 2
131400 1
131500 2
131600 3
131700 0
131800 0
131900 3
132000 6
132100 5
132200 54
132300 169
132400 153
132500 38
132600 4
132700 5
132800 5
132900 1
133000 1
133100 2
133200 2
133300 1
133400 0
133500 2
133600 12
133700 31
133800 43
133900 20
134000 2
134100 20
134200 44
134300 47
134400 40
134500 10
134600 1
134700 3
134800 2
134900 1
135000 0
135100 2
135200 2
135300 4
135400 7
135500 8
135600 3
135700 1
135800 0
135900 1
136000 2
136100 1
136200 0
136300 0
136400 0
136500 0
136600 3
136700 0
136800 2
136900 0
137000 0
137100 1
137200 3
137300 4
137400 3
137500 1
137600 1
137700 2
137800 0
137900 0
138000 2
138100 2
138200 1
138300 3
138400 1
138500 1
138600 1
138700 2
138800 4
138900 5
139000 6
139100 5
139200 1
139300 3
139400 1
139500 3
139600 1
139700 0
139800 0
139900 0
140000 5
140100 18
140200 14
140300 69
140400 792
140500 4306
140600 6903
140700 3012
140800 352
140900 23
141000 5
141100 12
141200 4
141300 2
141400 1
141500 2
141600 1
141700 3
141800 1
141900 1
142000 1
142100 9
142200 7
142300 9
142400 3
142500 1
142600 0
142700 5
142800 1
142900 1
143000 0
143100 0
143200 0
143300 0
143400 1
143500 3
143600 0
143700 0
143800 3
143900 0
144000 3
144100 0
144200 1
144300 1
144400 1
144500 1
144600 1
144700 0
144800 0
144900 1
145000 1
145100 4
145200 0
145300 35
145400 108
145500 158
145600 80
145700 10
145800 3
145900 2
146000 1
146100 2
146200 1
146300 3
146400 4
146500 5
146600 0
146700 9
146800 21
146900 34
147000 26
147100 9
147200 10
147300 34
147400 45
147500 36
147600 14
147700 4
147800 2
147900 4
148000 2
148100 0
148200 0
148300 0
148400 2
148500 4
148600 9
148700 5
148800 1
148900 1
149000 0
149100 3
149200 0
149300 3
149400 2
149500 2
149600 1
149700 0
149800 1
149900 0
150000 0
150100 1
150200 0
150300 2
150400 4
150500 3
150600 0
150700 1
150800 0
150900 1
151000 2
151100 0
151200 1
151300 1
151400 2
151500 0
151600 1
151700 1
151800 5
151900 3
152000 2
152100 2
152200 4
152300 3
152400 0
152500 1
152600 1
152700 1
152800 2
152900 1
153000 5
153100 3
153200 8
153300 15
153400 39
153500 334
153600 2543
153700 6817
153800 4916
153900 989
154000 70
154100 16
154200 7
154300 4
154400 2
154500 1
154600 3
154700 1
154800 2
154900 1
155000 2
155100 5
155200 8
155300 9
155400 10
155500 3
155600 1
155700 3
155800 2
155900 0
156000 0
156100 4
156200 1
156300 0
156400 1
156500 1
156600 1
156700 0
156800 1
156900 3
157000 2
157100 1
157200 0
157300 1
157400 0
157500 0
157600 0
157700 0
157800 1
157900 1
158000 0
158100 1
158200 3
158300 6
158400 12
158500 100
158600 160
158700 98
158800 21
158900 7
159000 7
159100 1
159200 1
159300 1
159400 2
159500 2
159600 5
159700 2
159800 3
159900 18
160000 41
160100 31
160200 11
160300 12
160400 21
160500 35
160600 46
160700 29
160800 2
160900 0
161000 1
161100 4
161200 0
161300 0
161400 2
161500 2
161600 2
161700 6
161800 5
161900 3
162000 1
162100 1
162200 2
162300 2
162400 2
162500 1
162600 3
162700 0
162800 2
162900 1
163000 0
163100 3
163200 1
163300 1
163400 2
163500 5
163600 3
163700 2
163800 0
163900 2
164000 0
164100 1
164200 1
164300 1
164400 0
164500 3
164600 0
164700 2
164800 2
164900 4
165000 4
165100 0
165200 5
165300 5
165400 2
165500 2
165600 1
165700 0
165800 0
165900 0
166000 4
166100 0
166200 6
166300 9
166400 11
166500 18
166600 111
166700 1425
166800 5743
166900 6371
167000 1923
167100 159
167200 12
167300 5
167400 10
167500 4
167600 2
167700 3
167800 0
167900 1
168000 1
168100 2
168200 5
168300 9
168400 10
168500 5
168600 6
168700 5
168800 1
168900 0
169000 1
169100 1
169200 1
169300 0
169400 2
169500 1
169600 0
169700 1
169800 0
169900 0
170000 0
170100 1
170200 2
170300 0
170400 0
170500 0
170600 1
170700 0
170800 0
170900 1
171000 0
171100 0
171200 0
171300 1
171400 4
171500 8
171600 50
171700 152
171800 136
171900 47
172000 6
172100 2
172200 2
172300 0
172400 0
172500 0
172600 2
172700 4
172800 1
172900 4
173000 8
173100 31
173200 36
173300 23
173400 8
173500 12
173600 47
173700 55
173800 32
173900 13
174000 1
174100 1
174200 3
174300 4
174400 1
174500 0
174600 0
174700 3
174800 3
174900 6
175000 4
175100 1
175200 0
175300 2
175400 1
175500 2
175600 1
175700 0
175800 0
175900 2
176000 2
176100 0
176200 2
176300 1
176400 0
176500 1
176600 3
176700 1
176800 2
176900 0
177000 0
177100 2
177200 2
177300 2
177400 0
177500 1
177600 0
177700 1
177800 0
177900 4
178000 2
178100 0
178200 4
178300 4
178400 3
178500 2
178600 2
178700 1
178800 0
178900 1
179000 2
179100 2
179200 2
179300 3
179400 5
179500 16
179600 16
179700 60
179800 689
179900 4088
180000 6988
180100 3267
180200 473
180300 25
180400 5
180500 7
180600 2
180700 2
180800 2
180900 1
181000 1
181100 2
181200 1
181300 3
181400 5
181500 12
181600 4
181700 7
181800 4
181900 3
182000 0
182100 0
182200 0
182300 1
182400 0
182500 0
182600 0
182700 0
182800 3
182900 2
183000 0
183100 1
183200 1
183300 1
183400 0
183500 1
183600 1
183700 0
183800 0
183900 0
184000 1
184100 0
184200 0
184300 2
184400 1
184500 1
184600 9
184700 25
184800 107
184900 179
185000 72
185100 7
185200 3
185300 2
185400 0
185500 2
185600 0
185700 1
185800 3
185900 2
186000 1
186100 8
186200 20
186300 34
186400 31
186500 16
186600 8
186700 30
186800 57
186900 33
187000 17
187100 4
187200 1
187300 2
187400 3
187500 0
187600 1
187700 2
187800 2
187900 3
188000 7
188100 3
188200 0
188300 3
188400 1
188500 0
188600 3
188700 1
188800 0
188900 0
189000 1
189100 4
189200 0
189300 1
189400 0
189500 0
189600 0
189700 4
189800 3
189900 0
190000 2
190100 0
190200 0
190300 0
190400 0
190500 2
190600 1
190700 0
190800 4
190900 1
191000 0
191100 3
191200 1
191300 2
191400 2
191500 3
191600 5
191700 2
191800 2
191900 1
192000 0
192100 1
192200 1
192300 1
192400 2
192500 5
192600 11
192700 12
192800 26
192900 256
193000 2284
193100 6419
193200 5232
193300 1342
193400 105
193500 16
193600 9
193700 2
193800 6
193900 1
194000 0
194100 2
194200 1
194300 5
194400 2
194500 1
194600 10
194700 7
194800 6
194900 5
195000 0
195100 0
195200 0
195300 1
195400 0
195500 4
195600 0
195700 1
195800 1
195900 2
196000 0
196100 2
196200 1
196300 0
196400 0
196500 0
196600 0
196700 1
196800 1
196900 0
197000 2
197100 1
197200 0
197300 2
197400 1
197500 1
197600 0
197700 6
197800 12
197900 69
198000 131
198100 119
198200 27
198300 7
198400 2
198500 5
198600 2
198700 1
198800 2
198900 1
199000 1
199100 4
199200 4
199300 6
199400 30
199500 41
199600 18
199700 5
199800 14
199900 33
200000 35
200100 19
200200 4
200300 2
200400 3
200500 0
200600 1
200700 2
200800 0
200900 1
201000 1
201100 6
201200 2
201300 3
201400 1
201500 1
201600 1
201700 4
201800 2
201900 3
202000 1
202100 3
202200 1
202300 1
202400 0
202500 1
202600 0
202700 1
202800 0
202900 2
203000 2
203100 3
203200 1
203300 1
203400 1
203500 0
203600 0
203700 2
203800 0
203900 1
204000 1
204100 1
204200 1
204300 2
204400 4
204500 6
204600 11
204700 2
204800 3
204900 2
205000 1
205100 1
205200 0
205300 2
205400 0
205500 0
205600 3
205700 9
205800 13
205900 17
206000 111
206100 1318
206200 5345
206300 6484
206400 2245
206500 243
206600 14
206700 8
206800 7
206900 3
207000 2
207100 0
207200 1
207300 2
207400 2
207500 1
207600 1
207700 4
207800 12
207900 7
208000 10
208100 1
208200 0
208300 3
208400 1
208500 0
208600 3
208700 2
208800 0
208900 1
209000 0
209100 0
209200 0
209300 1
209400 2
209500 0
209600 3
209700 3
209800 0
209900 3
210000 0
210100 0
210200 2
210300 0
210400 1
210500 2
210600 2
210700 2
210800 1
210900 3
211000 51
211100 149
211200 164
211300 46
211400 11
211500 3
211600 2
211700 1
211800 0
211900 0
212000 3
212100 3
212200 2
212300 1
212400 8
212500 26
212600 34
212700 19
212800 7
212900 12
213000 33
213100 61
213200 26
213300 10
213400 1
213500 1
213600 4
213700 1
213800 0
213900 0
214000 2
214100 1
214200 2
214300 4
214400 2
214500 0
214600 1
214700 2
214800 3
214900 1
215000 1
215100 0
215200 1
215300 4
215400 0
215500 1
215600 1
215700 0
215800 0
215900 1
216000 3
216100 0
216200 1
216300 1
216400 0
216500 3
216600 2
216700 5
216800 0
216900 0
217000 1
217100 1
217200 0
217300 2
217400 1
217500 5
217600 3
217700 3
217800 1
217900 5
218000 4
218100 2
218200 0
218300 0
218400 0
218500 1
218600 1
218700 2
218800 12
218900 16
219000 19
219100 58
219200 608
219300 3651
219400 6912
219500 3701
219600 596
219700 44
219800 12
219900 10
220000 6
220100 1
220200 1
220300 0
220400 0
220500 2
220600 2
220700 0
220800 4
220900 5
221000 7
221100 4
221200 3
221300 2
221400 0
221500 1
221600 2
221700 0
221800 1
221900 0
222000 1
222100 2
222200 5
222300 3
222400 2
222500 1
222600 2
222700 1
222800 2
222900 0
223000 0
223100 1
223200 0
223300 0
223400 2
223500 0
223600 1
223700 1
223800 2
223900 2
224000 10
224100 11
224200 107
224300 198
224400 82
224500 7
224600 5
224700 5
224800 0
224900 1
225000 1
225100 5
225200 3
225300 1
225400 1
225500 8
225600 16
225700 65
225800 48
225900 19
226000 10
226100 37
226200 52
226300 54
226400 28
226500 4
226600 2
226700 4
226800 3
226900 0
227000 0
227100 1
227200 2
227300 2
227400 5
227500 5
227600 3
227700 1
227800 2
227900 5
228000 1
228100 0
228200 0
228300 2
228400 0
228500 0
228600 2
228700 0
228800 0
228900 1
229000 2
229100 4
229200 7
229300 3
229400 2
229500 1
229600 0
229700 0
229800 0
229900 0
230000 2
230100 1
230200 1
230300 1
230400 1
230500 4
230600 0
230700 4
230800 3
230900 3
231000 5
231100 2
231200 3
231300 1
231400 1
231500 2
231600 1
231700 0
231800 3
231900 7
232000 11
232100 20
232200 33
232300 385
232400 2816
232500 6783
232600 4665
232700 991
232800 66
232900 10
233000 10
233100 9
233200 2
233300 1
233400 3
233500 1
233600 2
233700 0
233800 0
233900 2
234000 7
234100 2
234200 3
234300 7
234400 0
234500 0
234600 1
234700 0
234800 1
234900 2
235000 0
235100 1
235200 0
235300 0
235400 2
235500 2
235600 1
235700 1
235800 1
235900 2
236000 1
236100 0
236200 2
236300 0
236400 0
236500 2
236600 1
236700 1
236800 1
236900 0
237000 2
237100 1
237200 16
237300 77
237400 153
237500 107
237600 18
237700 3
237800 0
237900 0
238000 0
238100 1
238200 2
238300 0
238400 2
238500 0
238600 5
238700 16
238800 33
238900 35
239000 18
239100 8
239200 29
239300 57
239400 39
239500 30
239600 6
239700 1
239800 0
239900 0
240000 2
240100 0
240200 1
240300 2
240400 2
240500 6
240600 4
240700 1
240800 0
240900 2
241000 0
241100 7
241200 2
241300 1
241400 2
241500 1
241600 1
241700 0
241800 1
241900 0
242000 0
242100 2
242200 0
242300 0
242400 1
242500 0
242600 2
242700 0
242800 2
242900 0
243000 1
243100 0
243200 2
243300 0
243400 0
243500 1
243600 2
243700 3
243800 5
243900 6
244000 4
244100 4
244200 3
244300 6
244400 0
244500 1
244600 1
244700 2
244800 0
244900 1
245000 4
245100 11
245200 8
245300 23
245400 133
245500 1379
245600 5367
245700 6296
245800 2240
245900 220
246000 20
246100 3
246200 5
246300 7
246400 2
246500 0
246600 0
246700 0
246800 0
246900 3
247000 2
247100 12
247200 8
247300 9
247400 8
247500 3
247600 0
247700 0
247800 1
247900 1
248000 0
248100 0
248200 3
248300 0
248400 2
248500 1
248600 0
248700 1
248800 0
248900 0
249000 1
249100 0
249200 0
249300 3
249400 0
249500 0
249600 0
249700 0
249800 2
249900 2
250000 0
250100 1
250200 2
250300 4
250400 43
250500 153
250600 142
250700 45
250800 11
250900 0
251000 5
251100 2
251200 1
251300 0
251400 7
251500 3
251600 3
251700 1
251800 9
251900 25
252000 31
252100 23
252200 10
252300 9
252400 53
252500 37
252600 31
252700 14
252800 4
252900 4
253000 1
253100 2
253200 2
253300 2
253400 1
253500 1
253600 4
253700 1
253800 4
253900 1
254000 3
254100 1
254200 5
254300 1
254400 0
254500 2
254600 0
254700 0
254800 1
254900 1
255000 0
255100 0
255200 1
255300 4
255400 2
255500 4
255600 0
255700 2
255800 1
255900 1
256000 0
256100 0
256200 1
256300 1
256400 2
256500 1
256600 2
256700 1
256800 2
256900 5
257000 4
257100 8
257200 8
257300 1
257400 5
257500 1
257600 0
257700 0
257800 1
257900 2
258000 1
258100 6
258200 5
258300 9
258400 22
258500 62
258600 691
258700 3863
258800 6870
258900 3533
259000 593
259100 34
259200 7
259300 6
259400 5
259500 2
259600 1
259700 1
259800 0
259900 2
260000 1
260100 0
260200 1
260300 14
260400 3
260500 11
260600 3
260700 1
260800 1
260900 0
261000 0
261100 1
261200 0
261300 0
261400 0
261500 1
261600 2
261700 2
261800 0
261900 1
262000 1
262100 0
262200 0
262300 0
262400 1
262500 0
262600 0
262700 0
262800 0
262900 2
263000 0
263100 0
263200 1
263300 1
263400 5
263500 20
263600 117
263700 175
263800 65
263900 14
264000 4
264100 4
264200 2
264300 2
264400 2
264500 0
264600 2
264700 6
264800 1
264900 5
265000 20
265100 30
265200 29
265300 13
265400 8
265500 26
265600 45
265700 40
265800 19
265900 2
266000 4
266100 4
266200 2
266300 1
266400 2
266500 3
266600 0
266700 3
266800 7
266900 2
267000 0
267100 2
267200 4
267300 4
267400 6
267500 1
267600 1
267700 1
267800 1
267900 1
268000 2
268100 1
268200 2
268300 1
268400 1
268500 1
268600 5
268700 5
268800 0
268900 1
269000 0
269100 0
269200 0
269300 0
269400 1
269500 0
269600 2
269700 1
269800 1
269900 1
270000 4
270100 8
270200 8
270300 5
270400 0
270500 4
270600 0
270700 2
270800 2
270900 2
271000 0
271100 2
271200 2
271300 3
271400 6
271500 10
271600 38
271700 310
271800 2426
271900 6604
272000 4869
272100 1097
272200 102
272300 12
272400 13
272500 5
272600 1
272700 3
272800 0
272900 1
273000 2
273100 1
273200 0
273300 7
273400 5
273500 4
273600 5
273700 4
273800 1
273900 0
274000 1
274100 1
274200 0
274300 1
274400 1
274500 2
274600 2
274700 1
274800 2
274900 1
275000 1
275100 3
275200 2
275300 1
275400 1
275500 0
275600 3
275700 3
275800 2
275900 0
276000 0
276100 0
276200 1
276300 3
276400 1
276500 8
276600 8
276700 88
276800 164
276900 117
277000 33
277100 7
277200 6
277300 4
277400 0
277500 1
277600 0
277700 1
277800 3
277900 1
278000 2
278100 12
278200 38
278300 27
278400 30
278500 6
278600 18
278700 50
278800 48
278900 21
279000 4
279100 1
279200 1
279300 0
279400 1
279500 0
279600 0
279700 3
279800 0
279900 1
280000 3
280100 3
280200 1
280300 0
280400 1
280500 2
280600 1
280700 1
280800 2
280900 0
281000 2
281100 1
281200 0
281300 2
281400 2
281500 2
281600 0
281700 3
281800 4
281900 2
282000 0
282100 2
282200 1
282300 1
282400 0
282500 2
282600 0
282700 1
282800 1
282900 1
283000 1
283100 2
283200 7
283300 6
283400 4
283500 3
283600 3
283700 6
283800 1
283900 0
284000 1
284100 1
284200 1
284300 1
284400 3
284500 5
284600 10
284700 40
284800 151
284900 1314
285000 5257
285100 6351
285200 2145
285300 231
285400 13
285500 8
285600 7
285700 1
285800 2
285900 3
286000 1
286100 0
286200 0
286300 1
286400 2
286500 7
286600 5
286700 8
286800 5
286900 3
287000 0
287100 2
287200 0
287300 1
287400 1
287500 0
287600 0
287700 0
287800 0
287900 0
288000 2
288100 1
288200 1
288300 0
288400 1
288500 1
288600 1
288700 1
288800 0
288900 1
289000 3
289100 0
289200 1
289300 0
289400 0
289500 1
289600 3
289700 7
289800 35
289900 125
290000 159
290100 59
290200 8
290300 5
290400 5
290500 0
290600 0
290700 1
290800 0
290900 4
291000 1
291100 2
291200 5
291300 21
291400 35
291500 25
291600 9
291700 17
291800 55
291900 51
292000 29
292100 11
292200 0
292300 3
292400 2
292500 4
292600 2
292700 2
292800 2
292900 7
293000 4
293100 1
293200 3
293300 0
293400 3
293500 1
293600 4
293700 4
293800 1
293900 4
294000 2
294100 0
294200 1
294300 0
294400 0
294500 2
294600 0
294700 2
294800 0
294900 3
295000 0
295100 1
295200 0
295300 0
295400 2
295500 3
295600 0
295700 0
295800 3
295900 1
296000 2
296100 2
296200 3
296300 0
296400 5
296500 2
296600 3
296700 6
296800 1
296900 3
297000 0
297100 0
297200 0
297300 0
297400 1
297500 2
297600 4
297700 11
297800 18
297900 55
298000 581
298100 3608
298200 6805
298300 3936
298400 668
298500 65
298600 13
298700 9
298800 4
298900 1
299000 0
299100 0
299200 1
299300 0
299400 1
299500 1
299600 2
299700 5
299800 3
299900 7
