timestamp	cloud-base	cloud-ceiling	cloud-cover	dew-point	humidity	precipitation-intensity	precipitation-type	pressure-surface-level	temperature	visibility	wind-direction	wind-gust	wind-speed
1696158000.0			0.0	13.88	94.0	0	0	1008.21	15.0	14.33	322.88	1.38	0.0
1696158060.0			0.0	13.88	94.0	0	0	1008.22	15.0	14.35	322.88	1.4	0.0
1696158120.0			0.0	13.88	94.0	0	0	1008.22	15.0	14.37	322.88	1.43	0.0
1696158180.0			0.0	13.88	94.0	0	0	1008.23	15.0	14.39	332.63	1.45	0.0
1696158240.0			0.0	13.88	94.0	0	0	1008.23	15.0	14.41	332.63	1.48	0.0
1696158300.0			0.0	13.88	94.0	0	0	1008.24	15.0	14.43	332.63	1.5	0.0
1696158360.0			0.0	13.88	94.0	0	0	1008.24	15.0	14.45	332.63	1.5	0.0
1696158420.0			0.0	13.88	94.0	0	0	1008.25	15.0	14.48	332.63	1.5	0.0
1696158480.0			0.0	13.88	94.0	0	0	1008.25	15.0	14.5	332.81	1.5	0.0
1696158540.0			0.0	13.88	94.0	0	0	1008.26	15.0	14.52	332.81	1.5	0.0
1696158600.0			0.0	13.88	94.0	0	0	1008.26	15.0	14.54	332.81	1.5	0.0
1696158660.0			0.0	13.88	94.0	0	0	1008.27	15.03	14.56	332.81	1.53	0.0
1696158720.0			0.0	13.88	94.0	0	0	1008.27	15.05	14.58	332.81	1.55	0.0
1696158780.0			0.0	13.88	94.0	0	0	1008.28	15.08	14.6	334.38	1.58	0.0
1696158840.0			0.0	13.88	94.0	0	0	1008.28	15.1	14.62	334.38	1.6	0.0
1696158900.0			0.0	13.88	94.0	0	0	1008.29	15.13	14.65	334.38	1.63	0.0
1696158960.0			0.0	13.88	94.0	0	0	1008.29	15.13	14.67	334.38	1.83	0.0
1696159020.0			0.0	13.88	94.0	0	0	1008.3	15.13	14.69	334.38	2.03	0.0
1696159080.0			0.0	13.88	94.0	0	0	1008.3	15.13	14.71	352.38	2.23	0.0
1696159140.0			0.0	13.88	94.0	0	0	1008.31	15.13	14.73	352.38	2.42	0.0
1696159200.0			0.0	13.88	94.0	0	0	1008.31	15.13	14.75	352.38	2.63	0.0
1696159260.0			0.0	13.88	93.8	0	0	1008.32	15.13	14.77	352.38	2.66	0.0
1696159320.0			0.0	13.88	93.6	0	0	1008.32	15.13	14.8	352.38	2.7	0.0
1696159380.0			0.0	13.88	93.4	0	0	1008.33	15.13	14.82	352.38	2.74	0.0
1696159440.0			0.0	13.88	93.2	0	0	1008.33	15.13	14.84	352.38	2.78	0.0
1696159500.0			0.0	13.88	93.0	0	0	1008.34	15.13	14.86	352.38	2.81	0.0
1696159560.0			0.0	13.94	93.0	0	0	1008.34	15.16	14.88	352.38	2.58	0.0
1696159620.0			0.0	14.0	93.0	0	0	1008.35	15.2	14.9	352.38	2.34	0.0
1696159680.0			0.0	14.06	93.0	0	0	1008.35	15.24	14.92	328.5	2.1	0.0
1696159740.0			0.0	14.13	93.0	0	0	1008.36	15.28	14.94	328.5	1.86	0.0
1696159800.0			0.0	14.19	93.0	0	0	1008.36	15.31	14.97	328.5	1.63	0.0
1696159860.0			0.0	14.21	93.0	0	0	1008.37	15.35	14.99	328.5	1.5	0.0
1696159920.0			0.0	14.24	93.0	0	0	1008.37	15.39	15.01	328.5	1.38	0.0
1696159980.0			0.0	14.26	93.0	0	0	1008.38	15.43	15.03	334.5	1.25	0.0
1696160040.0			0.0	14.29	93.0	0	0	1008.38	15.46	15.05	334.5	1.13	0.0
1696160100.0			0.0	14.31	93.0	0	0	1008.39	15.5	15.07	334.5	1.0	0.0
1696160160.0			0.0	14.31	93.0	0	0	1008.39	15.5	15.09	334.5	1.0	0.0
1696160220.0			0.0	14.31	93.0	0	0	1008.4	15.5	15.11	334.5	1.0	0.0
1696160280.0			0.0	14.31	93.0	0	0	1008.4	15.5	15.14	341.69	1.0	0.0
1696160340.0			0.0	14.31	93.0	0	0	1008.41	15.5	15.16	341.69	1.0	0.0
1696160400.0			0.0	14.31	93.0	0	0	1008.41	15.5	15.18	341.69	1.0	0.0
1696160460.0			0.0	14.31	93.0	0	0	1008.42	15.5	15.2	341.69	1.13	0.0
1696160520.0			0.0	14.31	93.0	0	0	1008.42	15.5	15.22	341.69	1.25	0.0
1696160580.0			0.0	14.31	93.0	0	0	1008.43	15.5	15.24	327.69	1.38	0.0
1696160640.0			0.0	14.31	93.0	0	0	1008.43	15.5	15.26	327.69	1.5	0.0
1696160700.0			0.0	14.31	93.0	0	0	1008.44	15.5	15.29	327.69	1.63	0.0
1696160760.0			0.0	14.33	93.0	0	0	1008.44	15.53	15.22	327.69	1.63	0.0
1696160820.0			0.0	14.34	93.0	0	0	1008.45	15.55	15.15	327.69	1.63	0.0
1696160880.0			0.0	14.35	93.0	0	0	1008.45	15.58	15.08	355.5	1.63	0.0
1696160940.0			0.0	14.36	93.0	0	0	1008.46	15.6	15.02	355.5	1.63	0.0
1696161000.0			0.0	14.38	93.0	0	0	1008.46	15.63	14.95	355.5	1.63	0.0
1696161060.0			0.0	14.38	93.0	0	0	1008.47	15.63	14.97	355.5	1.58	0.0
1696161120.0			0.0	14.38	93.0	0	0	1008.47	15.63	14.99	355.5	1.53	0.0
1696161180.0			0.0	14.38	93.0	0	0	1008.48	15.63	15.01	353.69	1.48	0.0
1696161240.0			0.0	14.38	93.0	0	0	1008.48	15.63	15.03	353.69	1.43	0.0
1696161300.0			0.0	14.38	93.0	0	0	1008.49	15.63	15.04	353.69	1.38	0.0
1696161360.0			0.0	14.38	93.0	0	0	1008.49	15.63	15.06	353.69	1.38	0.0
1696161420.0			0.0	14.38	93.0	0	0	1008.5	15.63	15.08	353.69	1.38	0.0
1696161480.0			0.0	14.38	93.0	0	0	1008.5	15.63	15.1	7.63	1.38	0.0
1696161540.0			0.0	14.38	93.0	0	0	1008.51	15.63	15.12	7.63	1.38	0.0
1696161600.0			0.0	14.38	93.0	0	0	1008.51	15.63	15.14	7.63	1.38	0.0
1696161660.0			0.0	14.38	93.0	0	0	1008.52	15.64	15.15	7.63	1.4	0.0
1696161720.0			0.0	14.38	93.0	0	0	1008.53	15.65	15.17	7.63	1.43	0.0
1696161780.0			0.0	14.38	93.0	0	0	1008.53	15.66	15.18	20.81	1.45	0.0
1696161840.0			0.0	14.38	93.0	0	0	1008.54	15.68	15.2	20.81	1.48	0.0
1696161900.0			0.0	14.38	93.0	0	0	1008.55	15.69	15.21	20.81	1.5	0.0
1696161960.0			0.0	14.38	93.0	0	0	1008.55	15.69	15.23	20.81	1.5	0.0
1696162020.0			0.0	14.38	93.0	0	0	1008.56	15.69	15.24	20.81	1.5	0.0
1696162080.0			0.0	14.38	93.0	0	0	1008.57	15.69	15.25	19.31	1.5	0.0
1696162140.0			0.0	14.38	93.0	0	0	1008.57	15.69	15.27	19.31	1.5	0.0
1696162200.0			0.0	14.38	93.0	0	0	1008.58	15.69	15.28	19.31	1.5	0.0
1696162260.0			0.0	14.38	92.8	0	0	1008.59	15.69	15.3	19.31	1.53	0.0
1696162320.0			0.0	14.38	92.6	0	0	1008.59	15.69	15.31	19.31	1.55	0.0
1696162380.0			0.0	14.38	92.4	0	0	1008.6	15.69	15.33	11.69	1.58	0.0
1696162440.0			0.0	14.38	92.2	0	0	1008.61	15.69	15.34	11.69	1.6	0.0
1696162500.0			0.0	14.38	92.0	0	0	1008.61	15.69	15.36	11.69	1.63	0.0
1696162560.0			0.0	14.36	92.0	0	0	1008.62	15.71	15.37	11.69	1.7	0.0
1696162620.0			0.0	14.35	92.0	0	0	1008.63	15.74	15.38	11.69	1.78	0.0
1696162680.0			0.0	14.34	92.0	0	0	1008.63	15.76	15.4	8.69	1.85	0.0
1696162740.0			0.0	14.33	92.0	0	0	1008.64	15.79	15.41	8.69	1.93	0.0
1696162800.0			0.0	14.31	92.0	0	0	1008.65	15.81	15.43	8.69	2.0	0.0
1696162860.0			0.0	14.33	91.8	0	0	1008.65	15.83	15.44	8.69	1.94	0.03
1696162920.0			0.0	14.34	91.6	0	0	1008.66	15.84	15.46	8.69	1.88	0.05
1696162980.0			0.0	14.35	91.4	0	0	1008.67	15.85	15.47	8.63	1.81	0.08
1696163040.0			0.0	14.36	91.2	0	0	1008.67	15.86	15.48	8.63	1.75	0.1
1696163100.0			0.0	14.38	91.0	0	0	1008.68	15.88	15.5	8.63	1.69	0.13
1696163160.0			0.2	14.4	91.0	0	0	1008.69	15.9	15.39	8.63	1.68	0.1
1696163220.0			0.4	14.43	91.0	0	0	1008.69	15.93	15.29	8.63	1.66	0.08
1696163280.0			0.6	14.45	91.0	0	0	1008.7	15.95	15.19	348.63	1.65	0.05
1696163340.0			0.8	14.48	91.0	0	0	1008.71	15.98	15.08	348.63	1.64	0.02
1696163400.0			1.0	14.5	91.0	0	0	1008.71	16.0	14.98	348.63	1.63	0.0
1696163460.0			0.8	14.5	90.8	0	0	1008.72	16.02	15.01	348.63	1.66	0.03
1696163520.0			0.6	14.5	90.6	0	0	1008.73	16.05	15.05	348.63	1.7	0.05
1696163580.0			0.4	14.5	90.4	0	0	1008.73	16.08	15.08	0.81	1.74	0.08
1696163640.0			0.2	14.5	90.2	0	0	1008.74	16.1	15.11	0.81	1.78	0.1
1696163700.0			0.0	14.5	90.0	0	0	1008.75	16.13	15.15	0.81	1.81	0.13
1696163760.0			0.0	14.53	90.0	0	0	1008.75	16.16	15.18	0.81	1.79	0.14
1696163820.0			0.0	14.55	90.0	0	0	1008.76	16.2	15.22	0.81	1.76	0.15
1696163880.0			0.0	14.58	90.0	0	0	1008.77	16.24	15.25	0.5	1.74	0.16
1696163940.0			0.0	14.6	90.0	0	0	1008.77	16.27	15.28	0.5	1.71	0.18
1696164000.0			0.0	14.63	90.0	0	0	1008.78	16.31	15.32	0.5	1.69	0.19
1696164060.0			0.0	14.66	89.8	0	0	1008.79	16.39	15.35	0.5	1.98	0.28
1696164120.0			0.0	14.7	89.6	0	0	1008.79	16.46	15.39	0.5	2.26	0.36
1696164180.0			0.0	14.74	89.4	0	0	1008.8	16.54	15.42	16.69	2.55	0.45
1696164240.0			0.0	14.78	89.2	0	0	1008.81	16.61	15.45	16.69	2.84	0.54
1696164300.0			0.0	14.81	89.0	0	0	1008.81	16.69	15.49	16.69	3.13	0.63
1696164360.0			0.0	14.88	89.0	0	0	1008.82	16.77	15.52	16.69	3.13	0.66
1696164420.0			0.0	14.94	89.0	0	0	1008.83	16.86	15.56	16.69	3.13	0.7
1696164480.0			0.0	15.0	89.0	0	0	1008.83	16.95	15.59	4.63	3.13	0.74
1696164540.0			0.0	15.06	89.0	0	0	1008.84	17.04	15.62	4.63	3.13	0.78
1696164600.0			0.0	15.13	89.0	0	0	1008.85	17.13	15.66	4.63	3.13	0.81
1696164660.0			0.0	15.1	88.6	0	0	1008.85	17.14	15.69	4.63	3.13	0.81
1696164720.0			0.0	15.08	88.2	0	0	1008.86	17.15	15.73	4.63	3.13	0.81
1696164780.0			0.0	15.05	87.8	0	0	1008.87	17.16	15.76	8.38	3.13	0.81
1696164840.0			0.0	15.03	87.4	0	0	1008.87	17.18	15.8	8.38	3.13	0.81
1696164900.0			0.0	15.0	87.0	0	0	1008.88	17.19	15.83	8.38	3.13	0.81
1696164960.0			0.0	15.0	86.8	0	0	1008.89	17.21	15.86	8.38	3.26	0.85
1696165020.0			0.0	15.0	86.6	0	0	1008.89	17.24	15.9	8.38	3.4	0.89
1696165080.0			0.0	15.0	86.4	0	0	1008.9	17.26	15.93	359.0	3.54	0.93
1696165140.0			0.0	15.0	86.2	0	0	1008.91	17.29	15.97	359.0	3.68	0.96
1696165200.0			0.0	15.0	86.0	0	0	1008.91	17.31	16.0	359.0	3.81	1.0
1696165260.0			0.0	15.04	85.8	0	0	1008.9	17.39	16.0	359.0	3.78	1.0
1696165320.0			0.0	15.08	85.6	0	0	1008.89	17.46	16.0	359.0	3.74	1.0
1696165380.0			0.0	15.11	85.4	0	0	1008.88	17.54	16.0	8.31	3.7	1.0
1696165440.0			0.0	15.15	85.2	0	0	1008.87	17.61	16.0	8.31	3.66	1.0
1696165500.0			0.0	15.19	85.0	0	0	1008.86	17.69	16.0	8.31	3.63	1.0
1696165560.0			0.0	15.21	84.6	0	0	1008.85	17.77	16.0	8.31	3.83	1.04
1696165620.0			0.0	15.24	84.2	0	0	1008.84	17.86	16.0	8.31	4.03	1.08
1696165680.0			0.0	15.26	83.8	0	0	1008.83	17.95	16.0	356.69	4.22	1.11
1696165740.0			0.0	15.29	83.4	0	0	1008.82	18.04	16.0	356.69	4.43	1.15
1696165800.0			0.0	15.31	83.0	0	0	1008.81	18.13	16.0	356.69	4.63	1.19
1696165860.0			0.0	15.28	82.8	0	0	1008.8	18.14	16.0	356.69	4.7	1.19
1696165920.0			0.0	15.24	82.6	0	0	1008.79	18.15	16.0	356.69	4.78	1.19
1696165980.0			0.0	15.2	82.4	0	0	1008.78	18.16	16.0	11.13	4.85	1.19
1696166040.0			0.0	15.16	82.2	0	0	1008.77	18.18	16.0	11.13	4.93	1.19
1696166100.0			0.0	15.13	82.0	0	0	1008.76	18.19	16.0	11.13	5.0	1.19
1696166160.0			0.0	15.18	82.0	0	0	1008.75	18.27	16.0	11.13	4.8	1.15
1696166220.0			0.0	15.23	82.0	0	0	1008.74	18.36	16.0	11.13	4.6	1.11
1696166280.0			0.0	15.28	82.0	0	0	1008.73	18.45	16.0	27.0	4.4	1.08
1696166340.0			0.0	15.33	82.0	0	0	1008.72	18.54	16.0	27.0	4.2	1.04
1696166400.0			0.0	15.38	82.0	0	0	1008.71	18.63	16.0	27.0	4.0	1.0
1696166460.0			0.0	15.4	82.0	0	0	1008.7	18.64	16.0	27.0	3.9	0.98
1696166520.0			0.0	15.43	82.0	0	0	1008.69	18.65	16.0	27.0	3.8	0.95
1696166580.0			0.0	15.45	82.0	0	0	1008.68	18.66	16.0	349.63	3.7	0.93
1696166640.0			0.0	15.48	82.0	0	0	1008.67	18.68	16.0	349.63	3.6	0.9
1696166700.0			0.0	15.5	82.0	0	0	1008.66	18.69	16.0	349.63	3.5	0.88
1696166760.0			0.4	15.53	81.6	0	0	1008.65	18.77	15.94	349.63	3.53	0.86
1696166820.0			0.8	15.55	81.2	0	0	1008.64	18.86	15.87	349.63	3.55	0.85
1696166880.0			1.2	15.58	80.8	0	0	1008.63	18.95	15.81	325.69	3.58	0.84
1696166940.0			1.6	15.6	80.4	0	0	1008.62	19.04	15.74	325.69	3.6	0.83
1696167000.0			2.0	15.63	80.0	0	0	1008.61	19.13	15.68	325.69	3.63	0.81
1696167060.0			2.0	15.6	80.0	0	0	1008.6	19.13	15.69	325.69	3.64	0.83
1696167120.0			2.0	15.58	80.0	0	0	1008.59	19.13	15.7	325.69	3.65	0.84
1696167180.0			2.0	15.55	80.0	0	0	1008.58	19.13	15.71	347.38	3.66	0.85
1696167240.0			2.0	15.53	80.0	0	0	1008.57	19.13	15.72	347.38	3.68	0.86
1696167300.0			2.0	15.5	80.0	0	0	1008.56	19.13	15.73	347.38	3.69	0.88
1696167360.0			1.8	15.5	79.8	0	0	1008.55	19.16	15.74	347.38	3.69	0.88
1696167420.0			1.6	15.5	79.6	0	0	1008.54	19.2	15.75	347.38	3.69	0.88
1696167480.0			1.4	15.5	79.4	0	0	1008.53	19.24	15.77	19.38	3.69	0.88
1696167540.0			1.2	15.5	79.2	0	0	1008.52	19.27	15.78	19.38	3.69	0.88
1696167600.0			1.0	15.5	79.0	0	0	1008.51	19.31	15.79	19.38	3.69	0.88
1696167660.0			1.0	15.5	78.2	0	0	1008.5	19.43	15.8	19.38	3.75	0.86
1696167720.0			1.0	15.5	77.4	0	0	1008.49	19.54	15.81	19.38	3.81	0.85
1696167780.0			1.0	15.5	76.6	0	0	1008.48	19.65	15.82	32.88	3.88	0.84
1696167840.0			1.0	15.5	75.8	0	0	1008.47	19.76	15.83	32.88	3.94	0.83
1696167900.0			1.0	15.5	75.0	0	0	1008.46	19.88	15.84	32.88	4.0	0.81
1696167960.0			1.0	15.53	75.0	0	0	1008.45	19.93	15.85	32.88	4.0	0.83
1696168020.0			1.0	15.55	75.0	0	0	1008.44	19.98	15.86	32.88	4.0	0.84
1696168080.0			1.0	15.58	75.0	0	0	1008.43	20.02	15.87	4.69	4.0	0.85
1696168140.0			1.0	15.6	75.0	0	0	1008.42	20.08	15.88	4.69	4.0	0.86
1696168200.0			1.0	15.63	75.0	0	0	1008.41	20.13	15.89	4.69	4.0	0.88
1696168260.0			0.8	15.64	74.8	0	0	1008.4	20.2	15.9	4.69	3.64	0.83
1696168320.0			0.6	15.65	74.6	0	0	1008.39	20.27	15.91	4.69	3.28	0.78
1696168380.0			0.4	15.66	74.4	0	0	1008.38	20.35	15.93	35.63	2.91	0.73
1696168440.0			0.2	15.68	74.2	0	0	1008.37	20.43	15.94	35.63	2.55	0.68
1696168500.0			0.0	15.69	74.0	0	0	1008.36	20.5	15.95	35.63	2.19	0.63
1696168560.0			0.0	15.69	74.0	0	0	1008.35	20.53	15.96	35.63	2.19	0.64
1696168620.0			0.0	15.69	74.0	0	0	1008.34	20.55	15.97	35.63	2.19	0.65
1696168680.0			0.0	15.69	74.0	0	0	1008.33	20.58	15.98	337.38	2.19	0.66
1696168740.0			0.0	15.69	74.0	0	0	1008.32	20.6	15.99	337.38	2.19	0.68
1696168800.0			0.0	15.69	74.0	0	0	1008.31	20.63	16.0	337.38	2.19	0.69
1696168860.0			0.0	15.73	73.8	0	0	1008.32	20.7	16.0	337.38	2.41	0.73
1696168920.0			0.0	15.76	73.6	0	0	1008.33	20.78	16.0	337.38	2.64	0.76
1696168980.0			0.0	15.8	73.4	0	0	1008.33	20.85	16.0	6.0	2.86	0.8
1696169040.0			0.0	15.84	73.2	0	0	1008.34	20.93	16.0	6.0	3.09	0.84
1696169100.0			0.0	15.88	73.0	0	0	1008.35	21.0	16.0	6.0	3.31	0.88
1696169160.0			0.0	15.84	72.6	0	0	1008.35	21.03	16.0	6.0	3.31	0.88
1696169220.0			0.0	15.8	72.2	0	0	1008.36	21.05	16.0	6.0	3.31	0.88
1696169280.0			0.0	15.76	71.8	0	0	1008.37	21.08	16.0	26.13	3.31	0.88
1696169340.0			0.0	15.73	71.4	0	0	1008.37	21.1	16.0	26.13	3.31	0.88
1696169400.0			0.0	15.69	71.0	0	0	1008.38	21.13	16.0	26.13	3.31	0.88
1696169460.0			0.0	15.73	71.0	0	0	1008.39	21.16	16.0	26.13	3.29	0.88
1696169520.0			0.0	15.76	71.0	0	0	1008.39	21.2	16.0	26.13	3.26	0.88
1696169580.0			0.0	15.8	71.0	0	0	1008.4	21.24	16.0	344.38	3.24	0.88
1696169640.0			0.0	15.84	71.0	0	0	1008.41	21.28	16.0	344.38	3.21	0.88
1696169700.0			0.0	15.88	71.0	0	0	1008.41	21.31	16.0	344.38	3.19	0.88
1696169760.0			0.0	15.88	71.0	0	0	1008.42	21.31	16.0	344.38	3.19	0.88
1696169820.0			0.0	15.88	71.0	0	0	1008.43	21.31	16.0	344.38	3.19	0.88
1696169880.0			0.0	15.88	71.0	0	0	1008.43	21.31	16.0	344.31	3.19	0.88
1696169940.0			0.0	15.88	71.0	0	0	1008.44	21.31	16.0	344.31	3.19	0.88
1696170000.0			0.0	15.88	71.0	0	0	1008.45	21.31	16.0	344.31	3.19	0.88
1696170060.0			0.4	15.86	71.0	0	0	1008.45	21.31	16.0	344.31	3.19	0.88
1696170120.0			0.8	15.85	71.0	0	0	1008.46	21.31	16.0	344.31	3.19	0.88
1696170180.0			1.2	15.84	71.0	0	0	1008.47	21.31	16.0	5.0	3.19	0.88
1696170240.0			1.6	15.83	71.0	0	0	1008.47	21.31	16.0	5.0	3.19	0.88
1696170300.0			2.0	15.81	71.0	0	0	1008.48	21.31	16.0	5.0	3.19	0.88
1696170360.0			2.0	15.83	71.0	0	0	1008.49	21.31	16.0	5.0	3.13	0.9
1696170420.0			2.0	15.84	71.0	0	0	1008.49	21.31	16.0	5.0	3.06	0.93
1696170480.0			2.0	15.85	71.0	0	0	1008.5	21.31	16.0	328.63	3.0	0.95
1696170540.0			2.0	15.86	71.0	0	0	1008.51	21.31	16.0	328.63	2.94	0.98
1696170600.0			2.0	15.88	71.0	0	0	1008.51	21.31	16.0	328.63	2.88	1.0
1696170660.0			2.0	15.88	71.0	0	0	1008.52	21.35	16.0	328.63	2.88	1.0
1696170720.0			2.0	15.88	71.0	0	0	1008.53	21.39	16.0	328.63	2.88	1.0
1696170780.0			2.0	15.88	71.0	0	0	1008.53	21.43	16.0	328.5	2.88	1.0
1696170840.0			2.0	15.88	71.0	0	0	1008.54	21.46	16.0	328.5	2.88	1.0
1696170900.0			2.0	15.88	71.0	0	0	1008.55	21.5	16.0	328.5	2.88	1.0
1696170960.0			2.0	15.9	70.8	0	0	1008.55	21.54	16.0	328.5	2.94	0.93
1696171020.0			2.0	15.93	70.6	0	0	1008.56	21.58	16.0	328.5	3.0	0.85
1696171080.0			2.0	15.95	70.4	0	0	1008.57	21.61	16.0	318.38	3.06	0.78
1696171140.0			2.0	15.98	70.2	0	0	1008.57	21.65	16.0	318.38	3.13	0.7
1696171200.0			2.0	16.0	70.0	0	0	1008.58	21.69	16.0	318.38	3.19	0.63
1696171260.0			2.0	16.0	70.0	0	0	1008.59	21.69	16.0	318.38	3.23	0.64
1696171320.0			2.0	16.0	70.0	0	0	1008.59	21.69	16.0	318.38	3.26	0.65
1696171380.0			2.0	16.0	70.0	0	0	1008.6	21.69	16.0	311.88	3.3	0.66
1696171440.0			2.0	16.0	70.0	0	0	1008.61	21.69	16.0	311.88	3.34	0.68
1696171500.0			2.0	16.0	70.0	0	0	1008.61	21.69	16.0	311.88	3.38	0.69
1696171560.0			2.0	16.0	69.8	0	0	1008.62	21.73	16.0	311.88	3.53	0.78
1696171620.0			2.0	16.0	69.6	0	0	1008.63	21.76	16.0	311.88	3.68	0.86
1696171680.0			2.0	16.0	69.4	0	0	1008.63	21.8	16.0	32.38	3.83	0.95
1696171740.0			2.0	16.0	69.2	0	0	1008.64	21.84	16.0	32.38	3.98	1.04
1696171800.0			2.0	16.0	69.0	0	0	1008.65	21.88	16.0	32.38	4.13	1.13
1696171860.0			2.0	15.98	68.8	0	0	1008.65	21.9	16.0	32.38	4.08	1.1
1696171920.0			2.0	15.95	68.6	0	0	1008.66	21.93	16.0	32.38	4.03	1.08
1696171980.0			2.0	15.93	68.4	0	0	1008.67	21.95	16.0	16.0	3.98	1.05
1696172040.0			2.0	15.9	68.2	0	0	1008.67	21.98	16.0	16.0	3.93	1.02
1696172100.0			2.0	15.88	68.0	0	0	1008.68	22.0	16.0	16.0	3.88	1.0
1696172160.0			2.0	15.93	68.0	0	0	1008.69	22.06	16.0	16.0	3.88	1.04
1696172220.0			2.0	15.98	68.0	0	0	1008.69	22.13	16.0	16.0	3.88	1.08
1696172280.0			2.0	16.02	68.0	0	0	1008.7	22.19	16.0	15.38	3.88	1.11
1696172340.0			2.0	16.08	68.0	0	0	1008.71	22.25	16.0	15.38	3.88	1.15
1696172400.0			2.0	16.13	68.0	0	0	1008.71	22.31	16.0	15.38	3.88	1.19
1696172460.0			2.0	16.14	68.0	0	0	1008.7	22.33	16.0	15.38	3.8	1.18
1696172520.0			2.0	16.15	68.0	0	0	1008.7	22.34	16.0	15.38	3.73	1.16
1696172580.0			2.0	16.16	68.0	0	0	1008.69	22.35	16.0	8.81	3.65	1.15
1696172640.0			2.0	16.18	68.0	0	0	1008.68	22.36	16.0	8.81	3.58	1.14
1696172700.0			2.0	16.19	68.0	0	0	1008.67	22.38	16.0	8.81	3.5	1.13
1696172760.0			2.0	16.21	68.0	0	0	1008.66	22.43	16.0	8.81	3.5	1.13
1696172820.0			2.0	16.24	68.0	0	0	1008.66	22.48	16.0	8.81	3.5	1.13
1696172880.0			2.0	16.26	68.0	0	0	1008.65	22.53	16.0	294.88	3.5	1.13
1696172940.0			2.0	16.29	68.0	0	0	1008.64	22.58	16.0	294.88	3.5	1.13
1696173000.0			2.0	16.31	68.0	0	0	1008.63	22.63	16.0	294.88	3.5	1.13
1696173060.0			2.0	16.33	68.0	0	0	1008.62	22.63	16.0	294.88	3.54	1.13
1696173120.0			2.0	16.34	68.0	0	0	1008.62	22.63	16.0	294.88	3.58	1.13
1696173180.0			2.0	16.35	68.0	0	0	1008.61	22.63	16.0	339.5	3.61	1.13
1696173240.0			2.0	16.36	68.0	0	0	1008.6	22.63	16.0	339.5	3.65	1.13
1696173300.0			2.0	16.38	68.0	0	0	1008.59	22.63	16.0	339.5	3.69	1.13
1696173360.0			2.0	16.38	67.8	0	0	1008.58	22.66	16.0	339.5	3.69	1.13
1696173420.0			2.0	16.38	67.6	0	0	1008.57	22.7	16.0	339.5	3.69	1.13
1696173480.0			2.0	16.38	67.4	0	0	1008.57	22.74	16.0	17.19	3.69	1.13
1696173540.0			2.0	16.38	67.2	0	0	1008.56	22.78	16.0	17.19	3.69	1.13
1696173600.0			2.0	16.38	67.0	0	0	1008.55	22.81	16.0	17.19	3.69	1.13
1696173660.0			2.0	16.34	66.8	0	0	1008.54	22.81	16.0	17.19	3.85	1.14
1696173720.0			2.0	16.3	66.6	0	0	1008.53	22.81	16.0	17.19	4.01	1.15
1696173780.0			2.0	16.26	66.4	0	0	1008.53	22.81	16.0	352.63	4.18	1.16
1696173840.0			2.0	16.23	66.2	0	0	1008.52	22.81	16.0	352.63	4.34	1.18
1696173900.0			2.0	16.19	66.0	0	0	1008.51	22.81	16.0	352.63	4.5	1.19
1696173960.0			1.8	16.23	66.0	0	0	1008.5	22.88	16.0	352.63	4.5	1.23
1696174020.0			1.6	16.26	66.0	0	0	1008.49	22.94	16.0	352.63	4.5	1.26
1696174080.0			1.4	16.3	66.0	0	0	1008.48	23.0	16.0	3.19	4.5	1.3
1696174140.0			1.2	16.34	66.0	0	0	1008.48	23.06	16.0	3.19	4.5	1.34
1696174200.0			1.0	16.38	66.0	0	0	1008.47	23.13	16.0	3.19	4.5	1.38
1696174260.0			1.0	16.4	66.2	0	0	1008.46	23.14	16.0	3.19	4.4	1.38
1696174320.0			1.0	16.43	66.4	0	0	1008.45	23.15	16.0	3.19	4.3	1.38
1696174380.0			1.0	16.45	66.6	0	0	1008.44	23.16	16.0	9.81	4.2	1.38
1696174440.0			1.0	16.48	66.8	0	0	1008.44	23.18	16.0	9.81	4.1	1.38
1696174500.0			1.0	16.5	67.0	0	0	1008.43	23.19	16.0	9.81	4.0	1.38
1696174560.0			1.0	16.52	67.0	0	0	1008.42	23.18	16.0	9.81	4.06	1.38
1696174620.0			1.0	16.55	67.0	0	0	1008.41	23.16	16.0	9.81	4.13	1.38
1696174680.0			1.0	16.58	67.0	0	0	1008.4	23.15	16.0	25.0	4.19	1.38
1696174740.0			1.0	16.6	67.0	0	0	1008.4	23.14	16.0	25.0	4.25	1.38
1696174800.0			1.0	16.63	67.0	0	0	1008.39	23.13	16.0	25.0	4.31	1.38
1696174860.0			1.0	16.58	66.8	0	0	1008.38	23.14	16.0	25.0	4.53	1.43
1696174920.0			1.0	16.52	66.6	0	0	1008.37	23.15	16.0	25.0	4.74	1.48
1696174980.0			1.0	16.48	66.4	0	0	1008.36	23.16	16.0	26.31	4.95	1.53
1696175040.0			1.0	16.43	66.2	0	0	1008.35	23.18	16.0	26.31	5.16	1.58
1696175100.0			1.0	16.38	66.0	0	0	1008.35	23.19	16.0	26.31	5.38	1.63
1696175160.0			1.0	16.38	66.0	0	0	1008.34	23.19	16.0	26.31	5.38	1.63
1696175220.0			1.0	16.38	66.0	0	0	1008.33	23.19	16.0	26.31	5.38	1.63
1696175280.0			1.0	16.38	66.0	0	0	1008.32	23.19	16.0	26.19	5.38	1.63
1696175340.0			1.0	16.38	66.0	0	0	1008.31	23.19	16.0	26.19	5.38	1.63
1696175400.0			1.0	16.38	66.0	0	0	1008.31	23.19	16.0	26.19	5.38	1.63
1696175460.0			1.0	16.36	66.0	0	0	1008.3	23.19	16.0	26.19	5.06	1.58
1696175520.0			1.0	16.35	66.0	0	0	1008.29	23.19	16.0	26.19	4.75	1.53
1696175580.0			1.0	16.34	66.0	0	0	1008.28	23.19	16.0	326.63	4.44	1.48
1696175640.0			1.0	16.33	66.0	0	0	1008.27	23.19	16.0	326.63	4.13	1.43
1696175700.0			1.0	16.31	66.0	0	0	1008.26	23.19	16.0	326.63	3.81	1.38
1696175760.0			1.0	16.31	66.0	0	0	1008.26	23.19	16.0	326.63	3.81	1.38
1696175820.0			1.0	16.31	66.0	0	0	1008.25	23.19	16.0	326.63	3.81	1.38
1696175880.0			1.0	16.31	66.0	0	0	1008.24	23.19	16.0	326.63	3.81	1.38
1696175940.0			1.0	16.31	66.0	0	0	1008.23	23.19	16.0	326.63	3.81	1.38
1696176000.0			1.0	16.31	66.0	0	0	1008.22	23.19	16.0	326.63	3.81	1.38
1696176060.0			1.0	16.39	66.0	0	0	1008.21	23.25	16.0	326.63	3.81	1.34
1696176120.0			1.0	16.46	66.0	0	0	1008.21	23.31	16.0	326.63	3.81	1.3
1696176180.0			1.0	16.54	66.0	0	0	1008.2	23.38	16.0	317.5	3.81	1.26
1696176240.0			1.0	16.61	66.0	0	0	1008.19	23.44	16.0	317.5	3.81	1.23
1696176300.0			1.0	16.69	66.0	0	0	1008.18	23.5	16.0	317.5	3.81	1.19
1696176360.0			1.0	16.63	65.8	0	0	1008.17	23.53	16.0	317.5	3.81	1.23
1696176420.0			1.0	16.56	65.6	0	0	1008.16	23.55	16.0	317.5	3.81	1.26
1696176480.0			1.0	16.5	65.4	0	0	1008.15	23.58	16.0	61.31	3.81	1.3
1696176540.0			1.0	16.44	65.2	0	0	1008.14	23.6	16.0	61.31	3.81	1.34
1696176600.0			1.0	16.38	65.0	0	0	1008.13	23.63	16.0	61.31	3.81	1.38
1696176660.0			1.0	16.36	64.6	0	0	1008.12	23.64	16.0	61.31	3.88	1.38
1696176720.0			1.0	16.35	64.2	0	0	1008.11	23.65	16.0	61.31	3.94	1.38
1696176780.0			1.0	16.34	63.8	0	0	1008.1	23.66	16.0	41.69	4.0	1.38
1696176840.0			1.0	16.33	63.4	0	0	1008.09	23.68	16.0	41.69	4.06	1.38
1696176900.0			1.0	16.31	63.0	0	0	1008.08	23.69	16.0	41.69	4.13	1.38
1696176960.0			0.8	16.35	63.2	0	0	1008.07	23.71	16.0	41.69	4.13	1.38
1696177020.0			0.6	16.39	63.4	0	0	1008.06	23.74	16.0	41.69	4.13	1.38
1696177080.0			0.4	16.43	63.6	0	0	1008.05	23.76	16.0	309.63	4.13	1.38
1696177140.0			0.2	16.46	63.8	0	0	1008.05	23.79	16.0	309.63	4.13	1.38
1696177200.0			0.0	16.5	64.0	0	0	1008.04	23.81	16.0	309.63	4.13	1.38
1696177260.0			0.0	16.52	64.2	0	0	1008.03	23.81	16.0	309.63	4.04	1.33
1696177320.0			0.0	16.55	64.4	0	0	1008.02	23.81	16.0	309.63	3.95	1.27
1696177380.0			0.0	16.58	64.6	0	0	1008.01	23.81	16.0	347.13	3.86	1.23
1696177440.0			0.0	16.6	64.8	0	0	1008.0	23.81	16.0	347.13	3.78	1.18
1696177500.0			0.0	16.63	65.0	0	0	1007.99	23.81	16.0	347.13	3.69	1.13
1696177560.0			0.0	16.58	64.8	0	0	1007.98	23.81	16.0	347.13	3.68	1.1
1696177620.0			0.0	16.52	64.6	0	0	1007.97	23.81	16.0	347.13	3.66	1.08
1696177680.0			0.0	16.48	64.4	0	0	1007.96	23.81	16.0	335.0	3.65	1.05
1696177740.0			0.0	16.43	64.2	0	0	1007.95	23.81	16.0	335.0	3.64	1.02
1696177800.0			0.0	16.38	64.0	0	0	1007.94	23.81	16.0	335.0	3.63	1.0
1696177860.0			0.0	16.38	63.8	0	0	1007.93	23.83	16.0	335.0	3.68	1.02
1696177920.0			0.0	16.38	63.6	0	0	1007.92	23.84	16.0	335.0	3.73	1.05
1696177980.0			0.0	16.38	63.4	0	0	1007.91	23.85	16.0	5.31	3.78	1.08
1696178040.0			0.0	16.38	63.2	0	0	1007.9	23.86	16.0	5.31	3.83	1.1
1696178100.0			0.0	16.38	63.0	0	0	1007.9	23.88	16.0	5.31	3.88	1.13
1696178160.0			0.0	16.43	63.2	0	0	1007.89	23.9	16.0	5.31	3.88	1.13
1696178220.0			0.0	16.48	63.4	0	0	1007.88	23.93	16.0	5.31	3.88	1.13
1696178280.0			0.0	16.52	63.6	0	0	1007.87	23.95	16.0	343.88	3.88	1.13
1696178340.0			0.0	16.58	63.8	0	0	1007.86	23.98	16.0	343.88	3.88	1.13
1696178400.0			0.0	16.63	64.0	0	0	1007.85	24.0	16.0	343.88	3.88	1.13
1696178460.0			0.0	16.63	64.0	0	0	1007.84	24.0	16.0	343.88	3.83	1.14
1696178520.0			0.0	16.63	64.0	0	0	1007.83	24.0	16.0	343.88	3.78	1.15
1696178580.0			0.0	16.63	64.0	0	0	1007.82	24.0	16.0	323.63	3.73	1.16
1696178640.0			0.0	16.63	64.0	0	0	1007.81	24.0	16.0	323.63	3.68	1.18
1696178700.0			0.0	16.63	64.0	0	0	1007.8	24.0	16.0	323.63	3.63	1.19
1696178760.0			0.0	16.64	63.8	0	0	1007.79	24.04	16.0	323.63	3.68	1.15
1696178820.0			0.0	16.65	63.6	0	0	1007.78	24.08	16.0	323.63	3.73	1.11
1696178880.0			0.0	16.66	63.4	0	0	1007.77	24.11	16.0	322.19	3.78	1.08
1696178940.0			0.0	16.68	63.2	0	0	1007.76	24.15	16.0	322.19	3.83	1.04
1696179000.0			0.0	16.69	63.0	0	0	1007.75	24.19	16.0	322.19	3.88	1.0
1696179060.0			0.0	16.69	63.2	0	0	1007.75	24.19	16.0	322.19	3.88	1.0
1696179120.0			0.0	16.69	63.4	0	0	1007.74	24.19	16.0	322.19	3.88	1.0
1696179180.0			0.0	16.69	63.6	0	0	1007.73	24.19	16.0	332.69	3.88	1.0
1696179240.0			0.0	16.69	63.8	0	0	1007.72	24.19	16.0	332.69	3.88	1.0
1696179300.0			0.0	16.69	64.0	0	0	1007.71	24.19	16.0	332.69	3.88	1.0
1696179360.0			0.0	16.69	63.6	0	0	1007.7	24.29	16.0	332.69	3.86	1.02
1696179420.0			0.0	16.69	63.2	0	0	1007.69	24.39	16.0	332.69	3.85	1.05
1696179480.0			0.0	16.69	62.8	0	0	1007.68	24.49	16.0	16.19	3.84	1.08
1696179540.0			0.0	16.69	62.4	0	0	1007.67	24.59	16.0	16.19	3.83	1.1
1696179600.0			0.0	16.69	62.0	0	0	1007.66	24.69	16.0	16.19	3.81	1.13
1696179660.0			0.0	16.69	61.8	0	0	1007.65	24.71	16.0	16.19	3.81	1.16
1696179720.0			0.0	16.69	61.6	0	0	1007.63	24.74	16.0	16.19	3.81	1.2
1696179780.0			0.0	16.69	61.4	0	0	1007.61	24.76	16.0	20.63	3.81	1.24
1696179840.0			0.0	16.69	61.2	0	0	1007.6	24.79	16.0	20.63	3.81	1.27
1696179900.0			0.0	16.69	61.0	0	0	1007.58	24.81	16.0	20.63	3.81	1.31
1696179960.0			0.0	16.65	60.8	0	0	1007.57	24.83	16.0	20.63	3.88	1.31
1696180020.0			0.0	16.61	60.6	0	0	1007.55	24.84	16.0	20.63	3.94	1.31
1696180080.0			0.0	16.58	60.4	0	0	1007.54	24.85	16.0	55.31	4.0	1.31
1696180140.0			0.0	16.54	60.2	0	0	1007.52	24.86	16.0	55.31	4.06	1.31
1696180200.0			0.0	16.5	60.0	0	0	1007.51	24.88	16.0	55.31	4.13	1.31
1696180260.0			0.0	16.48	60.0	0	0	1007.49	24.88	16.0	55.31	4.18	1.33
1696180320.0			0.0	16.45	60.0	0	0	1007.48	24.88	16.0	55.31	4.22	1.34
1696180380.0			0.0	16.43	60.0	0	0	1007.46	24.88	16.0	42.13	4.28	1.35
1696180440.0			0.0	16.4	60.0	0	0	1007.44	24.88	16.0	42.13	4.33	1.36
1696180500.0			0.0	16.38	60.0	0	0	1007.43	24.88	16.0	42.13	4.38	1.38
1696180560.0			0.0	16.38	60.0	0	0	1007.41	24.88	16.0	42.13	4.38	1.38
1696180620.0			0.0	16.38	60.0	0	0	1007.4	24.88	16.0	42.13	4.38	1.38
1696180680.0			0.0	16.38	60.0	0	0	1007.38	24.88	16.0	42.13	4.38	1.38
1696180740.0			0.0	16.38	60.0	0	0	1007.37	24.88	16.0	42.13	4.38	1.38
1696180800.0			0.0	16.38	60.0	0	0	1007.35	24.88	16.0	42.13	4.38	1.38
1696180860.0			0.0	16.43	60.2	0	0	1007.34	24.88	16.0	42.13	4.26	1.34
1696180920.0			0.0	16.48	60.4	0	0	1007.32	24.88	16.0	42.13	4.15	1.3
1696180980.0			0.0	16.52	60.6	0	0	1007.31	24.88	16.0	33.31	4.04	1.26
1696181040.0			0.0	16.58	60.8	0	0	1007.29	24.88	16.0	33.31	3.93	1.23
1696181100.0			0.0	16.63	61.0	0	0	1007.27	24.88	16.0	33.31	3.81	1.19
1696181160.0			0.0	16.6	60.8	0	0	1007.26	24.86	16.0	33.31	3.89	1.21
1696181220.0			0.0	16.58	60.6	0	0	1007.24	24.85	16.0	33.31	3.96	1.24
1696181280.0			0.0	16.55	60.4	0	0	1007.23	24.84	16.0	24.63	4.04	1.26
1696181340.0			0.0	16.52	60.2	0	0	1007.21	24.83	16.0	24.63	4.11	1.29
1696181400.0			0.0	16.5	60.0	0	0	1007.2	24.81	16.0	24.63	4.19	1.31
1696181460.0			0.0	16.52	60.2	0	0	1007.18	24.83	16.0	24.63	4.19	1.31
1696181520.0			0.0	16.55	60.4	0	0	1007.17	24.84	16.0	24.63	4.19	1.31
1696181580.0			0.0	16.58	60.6	0	0	1007.15	24.85	16.0	25.69	4.19	1.31
1696181640.0			0.0	16.6	60.8	0	0	1007.13	24.86	16.0	25.69	4.19	1.31
1696181700.0			0.0	16.63	61.0	0	0	1007.12	24.88	16.0	25.69	4.19	1.31
1696181760.0			0.0	16.56	60.6	0	0	1007.1	24.86	16.0	25.69	4.19	1.27
1696181820.0			0.0	16.5	60.2	0	0	1007.09	24.85	16.0	25.69	4.19	1.24
1696181880.0			0.0	16.44	59.8	0	0	1007.07	24.84	16.0	300.63	4.19	1.2
1696181940.0			0.0	16.38	59.4	0	0	1007.06	24.83	16.0	300.63	4.19	1.16
1696182000.0			0.0	16.31	59.0	0	0	1007.04	24.81	16.0	300.63	4.19	1.13
1696182060.0			0.0	16.33	59.0	0	0	1007.03	24.85	16.0	300.63	4.38	1.18
1696182120.0			0.0	16.34	59.0	0	0	1007.01	24.89	16.0	300.63	4.56	1.23
1696182180.0			0.0	16.35	59.0	0	0	1007.0	24.93	16.0	344.5	4.75	1.27
1696182240.0			0.0	16.36	59.0	0	0	1006.98	24.96	16.0	344.5	4.94	1.33
1696182300.0			0.0	16.38	59.0	0	0	1006.96	25.0	16.0	344.5	5.13	1.38
1696182360.0			0.0	16.36	59.0	0	0	1006.95	25.0	16.0	344.5	5.13	1.43
1696182420.0			0.0	16.35	59.0	0	0	1006.93	25.0	16.0	344.5	5.13	1.48
1696182480.0			0.0	16.34	59.0	0	0	1006.92	25.0	16.0	34.88	5.13	1.53
1696182540.0			0.0	16.33	59.0	0	0	1006.9	25.0	16.0	34.88	5.13	1.58
1696182600.0			0.0	16.31	59.0	0	0	1006.89	25.0	16.0	34.88	5.13	1.63
1696182660.0			0.0	16.31	59.0	0	0	1006.87	25.0	16.0	34.88	5.04	1.58
1696182720.0			0.0	16.31	59.0	0	0	1006.86	25.0	16.0	34.88	4.95	1.53
1696182780.0			0.0	16.31	59.0	0	0	1006.84	25.0	16.0	40.38	4.86	1.48
1696182840.0			0.0	16.31	59.0	0	0	1006.83	25.0	16.0	40.38	4.78	1.43
1696182900.0			0.0	16.31	59.0	0	0	1006.81	25.0	16.0	40.38	4.69	1.38
1696182960.0			0.0	16.29	59.0	0	0	1006.79	25.0	16.0	40.38	4.69	1.38
1696183020.0			0.0	16.26	59.0	0	0	1006.78	25.0	16.0	40.38	4.69	1.38
1696183080.0			0.0	16.24	59.0	0	0	1006.76	25.0	16.0	39.38	4.69	1.38
1696183140.0			0.0	16.21	59.0	0	0	1006.75	25.0	16.0	39.38	4.69	1.38
1696183200.0			0.0	16.19	59.0	0	0	1006.73	25.0	16.0	39.38	4.69	1.38
1696183260.0			0.0	16.19	59.0	0	0	1006.73	25.0	16.0	39.38	4.63	1.36
1696183320.0			0.0	16.19	59.0	0	0	1006.73	25.0	16.0	39.38	4.56	1.35
1696183380.0			0.0	16.19	59.0	0	0	1006.73	25.0	16.0	26.0	4.5	1.34
1696183440.0			0.0	16.19	59.0	0	0	1006.73	25.0	16.0	26.0	4.44	1.33
1696183500.0			0.0	16.19	59.0	0	0	1006.73	25.0	16.0	26.0	4.38	1.31
1696183560.0			0.0	16.23	59.0	0	0	1006.72	25.04	16.0	26.0	4.26	1.25
1696183620.0			0.0	16.26	59.0	0	0	1006.72	25.08	16.0	26.0	4.15	1.19
1696183680.0			0.0	16.3	59.0	0	0	1006.72	25.11	16.0	344.88	4.04	1.13
1696183740.0			0.0	16.34	59.0	0	0	1006.72	25.15	16.0	344.88	3.93	1.06
1696183800.0			0.0	16.38	59.0	0	0	1006.72	25.19	16.0	344.88	3.81	1.0
1696183860.0			0.2	16.43	59.0	0	0	1006.72	25.21	16.0	344.88	3.68	1.0
1696183920.0			0.4	16.48	59.0	0	0	1006.71	25.24	16.0	344.88	3.54	1.0
1696183980.0			0.6	16.52	59.0	0	0	1006.71	25.26	16.0	340.13	3.4	1.0
1696184040.0			0.8	16.58	59.0	0	0	1006.71	25.29	16.0	340.13	3.26	1.0
1696184100.0			1.0	16.63	59.0	0	0	1006.71	25.31	16.0	340.13	3.13	1.0
1696184160.0			1.0	16.56	58.6	0	0	1006.71	25.33	16.0	340.13	3.44	1.04
1696184220.0			1.0	16.5	58.2	0	0	1006.71	25.34	16.0	340.13	3.75	1.08
1696184280.0			1.0	16.44	57.8	0	0	1006.71	25.35	16.0	349.31	4.06	1.11
1696184340.0			1.0	16.38	57.4	0	0	1006.7	25.36	16.0	349.31	4.38	1.15
1696184400.0			1.0	16.31	57.0	0	0	1006.7	25.38	16.0	349.31	4.69	1.19
1696184460.0			1.0	16.25	56.8	0	0	1006.7	25.38	16.0	349.31	4.68	1.21
1696184520.0			1.0	16.19	56.6	0	0	1006.7	25.38	16.0	349.31	4.66	1.24
1696184580.0			1.0	16.13	56.4	0	0	1006.7	25.38	16.0	324.0	4.65	1.26
1696184640.0			1.0	16.06	56.2	0	0	1006.7	25.38	16.0	324.0	4.64	1.29
1696184700.0			1.0	16.0	56.0	0	0	1006.69	25.38	16.0	324.0	4.63	1.31
1696184760.0			2.8	16.0	56.0	0	0	1006.69	25.38	16.0	324.0	4.63	1.31
1696184820.0			4.6	16.0	56.0	0	0	1006.69	25.38	16.0	324.0	4.63	1.31
1696184880.0			6.4	16.0	56.0	0	0	1006.69	25.38	16.0	323.88	4.63	1.31
1696184940.0			8.2	16.0	56.0	0	0	1006.69	25.38	16.0	323.88	4.63	1.31
1696185000.0			10.0	16.0	56.0	0	0	1006.69	25.38	16.0	323.88	4.63	1.31
1696185060.0			10.2	16.0	56.0	0	0	1006.69	25.38	16.0	323.88	4.63	1.33
1696185120.0			10.4	16.0	56.0	0	0	1006.68	25.38	16.0	323.88	4.63	1.34
1696185180.0	1.19		10.6	16.0	56.0	0	0	1006.68	25.38	16.0	289.88	4.63	1.35
1696185240.0	1.19		10.8	16.0	56.0	0	0	1006.68	25.38	16.0	289.88	4.63	1.36
1696185300.0	1.19		11.0	16.0	56.0	0	0	1006.68	25.38	16.0	289.88	4.63	1.38
1696185360.0	1.19		11.0	16.0	56.0	0	0	1006.68	25.38	16.0	289.88	4.64	1.43
1696185420.0	1.19		11.0	16.0	56.0	0	0	1006.68	25.38	16.0	289.88	4.65	1.48
1696185480.0	1.19		11.0	16.0	56.0	0	0	1006.67	25.38	16.0	342.5	4.66	1.53
1696185540.0	1.19		11.0	16.0	56.0	0	0	1006.67	25.38	16.0	342.5	4.68	1.58
1696185600.0	1.19		11.0	16.0	56.0	0	0	1006.67	25.38	16.0	342.5	4.69	1.63
1696185660.0	1.19		11.2	16.0	56.0	0	0	1006.67	25.38	16.0	342.5	4.75	1.64
1696185720.0	1.19		11.4	16.0	56.0	0	0	1006.67	25.38	16.0	342.5	4.81	1.65
1696185780.0	1.18		11.6	16.0	56.0	0	0	1006.67	25.38	16.0	27.5	4.88	1.66
1696185840.0	1.18		11.8	16.0	56.0	0	0	1006.67	25.38	16.0	27.5	4.94	1.68
1696185900.0	1.18		12.0	16.0	56.0	0	0	1006.66	25.38	16.0	27.5	5.0	1.69
1696185960.0	1.18		12.0	15.98	56.0	0	0	1006.66	25.38	16.0	27.5	4.8	1.65
1696186020.0	1.18		12.0	15.95	56.0	0	0	1006.66	25.38	16.0	27.5	4.6	1.61
1696186080.0	1.19		12.0	15.93	56.0	0	0	1006.66	25.38	16.0	335.31	4.4	1.58
1696186140.0	1.19		12.0	15.9	56.0	0	0	1006.66	25.38	16.0	335.31	4.2	1.54
1696186200.0	1.19		12.0	15.88	56.0	0	0	1006.66	25.38	16.0	335.31	4.0	1.5
1696186260.0	1.19		12.2	15.84	55.8	0	0	1006.65	25.38	16.0	335.31	4.06	1.53
1696186320.0	1.19		12.4	15.8	55.6	0	0	1006.65	25.38	16.0	335.31	4.13	1.55
1696186380.0	1.22		12.6	15.76	55.4	0	0	1006.65	25.38	16.0	331.19	4.19	1.58
1696186440.0	1.22		12.8	15.73	55.2	0	0	1006.65	25.38	16.0	331.19	4.25	1.6
1696186500.0	1.22		13.0	15.69	55.0	0	0	1006.65	25.38	16.0	331.19	4.31	1.63
1696186560.0	1.22		13.2	15.71	55.0	0	0	1006.65	25.38	16.0	331.19	4.33	1.54
1696186620.0	1.22		13.4	15.74	55.0	0	0	1006.65	25.38	16.0	331.19	4.34	1.45
1696186680.0	1.22		13.6	15.76	55.0	0	0	1006.64	25.38	16.0	3.69	4.35	1.36
1696186740.0	1.22		13.8	15.79	55.0	0	0	1006.64	25.38	16.0	3.69	4.36	1.27
1696186800.0	1.22		14.0	15.81	55.0	0	0	1006.64	25.38	16.0	3.69	4.38	1.19
1696186860.0	1.22		13.6	15.88	55.0	0	0	1006.64	25.44	16.0	3.69	4.26	1.21
1696186920.0	1.22		13.2	15.94	55.0	0	0	1006.64	25.5	16.0	3.69	4.15	1.24
1696186980.0	1.22		12.8	16.0	55.0	0	0	1006.64	25.56	16.0	313.81	4.04	1.26
1696187040.0	1.22		12.4	16.06	55.0	0	0	1006.63	25.63	16.0	313.81	3.93	1.29
1696187100.0	1.22		12.0	16.13	55.0	0	0	1006.63	25.69	16.0	313.81	3.81	1.31
1696187160.0	1.22		11.8	16.08	55.0	0	0	1006.63	25.69	16.0	313.81	3.81	1.33
1696187220.0	1.22		11.6	16.02	55.0	0	0	1006.63	25.69	16.0	313.81	3.81	1.34
1696187280.0	1.23		11.4	15.98	55.0	0	0	1006.63	25.69	16.0	356.31	3.81	1.35
1696187340.0	1.23		11.2	15.93	55.0	0	0	1006.63	25.69	16.0	356.31	3.81	1.36
1696187400.0	1.23		11.0	15.88	55.0	0	0	1006.62	25.69	16.0	356.31	3.81	1.38
1696187460.0	1.23		10.8	15.86	55.0	0	0	1006.62	25.69	16.0	356.31	3.95	1.38
1696187520.0	1.23		10.6	15.85	55.0	0	0	1006.62	25.69	16.0	356.31	4.09	1.38
1696187580.0	1.25		10.4	15.84	55.0	0	0	1006.62	25.69	16.0	21.69	4.22	1.38
1696187640.0	1.25		10.2	15.83	55.0	0	0	1006.62	25.69	16.0	21.69	4.36	1.38
1696187700.0	1.25		10.0	15.81	55.0	0	0	1006.62	25.69	16.0	21.69	4.5	1.38
1696187760.0	1.25		9.8	15.79	55.0	0	0	1006.62	25.68	16.0	21.69	4.44	1.38
1696187820.0	1.25		9.6	15.76	55.0	0	0	1006.61	25.66	16.0	21.69	4.38	1.38
1696187880.0			9.4	15.74	55.0	0	0	1006.61	25.65	16.0	45.19	4.31	1.38
1696187940.0			9.2	15.71	55.0	0	0	1006.61	25.64	16.0	45.19	4.25	1.38
1696188000.0			9.0	15.69	55.0	0	0	1006.61	25.63	16.0	45.19	4.19	1.38
1696188060.0			8.8	15.65	54.6	0	0	1006.61	25.64	16.0	45.19	4.33	1.38
1696188120.0			8.6	15.61	54.2	0	0	1006.61	25.65	16.0	45.19	4.46	1.38
1696188180.0			8.4	15.58	53.8	0	0	1006.6	25.66	16.0	61.5	4.6	1.38
1696188240.0			8.2	15.54	53.4	0	0	1006.6	25.68	16.0	61.5	4.74	1.38
1696188300.0			8.0	15.5	53.0	0	0	1006.6	25.69	16.0	61.5	4.88	1.38
1696188360.0			7.8	15.54	53.2	0	0	1006.6	25.71	16.0	61.5	4.88	1.38
1696188420.0			7.6	15.58	53.4	0	0	1006.6	25.74	16.0	61.5	4.88	1.38
1696188480.0			7.4	15.61	53.6	0	0	1006.6	25.76	16.0	39.38	4.88	1.38
1696188540.0			7.2	15.65	53.8	0	0	1006.59	25.79	16.0	39.38	4.88	1.38
1696188600.0			7.0	15.69	54.0	0	0	1006.59	25.81	16.0	39.38	4.88	1.38
1696188660.0			5.8	15.75	54.2	0	0	1006.59	25.81	16.0	39.38	4.74	1.4
1696188720.0			4.6	15.81	54.4	0	0	1006.59	25.81	16.0	39.38	4.6	1.43
1696188780.0			3.4	15.88	54.6	0	0	1006.59	25.81	16.0	25.38	4.46	1.45
1696188840.0			2.2	15.94	54.8	0	0	1006.59	25.81	16.0	25.38	4.33	1.48
1696188900.0			1.0	16.0	55.0	0	0	1006.58	25.81	16.0	25.38	4.19	1.5
1696188960.0			1.0	15.98	54.8	0	0	1006.58	25.83	16.0	25.38	4.25	1.54
1696189020.0			1.0	15.95	54.6	0	0	1006.58	25.84	16.0	25.38	4.31	1.58
1696189080.0			1.0	15.93	54.4	0	0	1006.58	25.85	16.0	42.81	4.38	1.61
1696189140.0			1.0	15.9	54.2	0	0	1006.58	25.86	16.0	42.81	4.44	1.65
1696189200.0			1.0	15.88	54.0	0	0	1006.58	25.88	16.0	42.81	4.5	1.69
1696189260.0			1.0	15.88	54.0	0	0	1006.57	25.88	16.0	42.81	4.5	1.69
1696189320.0			1.0	15.88	54.0	0	0	1006.57	25.88	16.0	42.81	4.5	1.69
1696189380.0			1.0	15.88	54.0	0	0	1006.57	25.88	16.0	42.81	4.5	1.69
1696189440.0			1.0	15.88	54.0	0	0	1006.57	25.88	16.0	42.81	4.5	1.69
1696189500.0			1.0	15.88	54.0	0	0	1006.57	25.88	16.0	42.81	4.5	1.69
1696189560.0			0.8	15.9	54.2	0	0	1006.57	25.86	16.0	42.81	4.5	1.65
1696189620.0			0.6	15.93	54.4	0	0	1006.56	25.85	16.0	42.81	4.5	1.61
1696189680.0			0.4	15.95	54.6	0	0	1006.56	25.84	16.0	342.38	4.5	1.58
1696189740.0			0.2	15.98	54.8	0	0	1006.56	25.83	16.0	342.38	4.5	1.54
1696189800.0			0.0	16.0	55.0	0	0	1006.56	25.81	16.0	342.38	4.5	1.5
1696189860.0			0.0	15.98	55.0	0	0	1006.56	25.79	16.0	342.38	4.43	1.48
1696189920.0			0.0	15.95	55.0	0	0	1006.56	25.76	16.0	342.38	4.35	1.45
1696189980.0			0.0	15.93	55.0	0	0	1006.56	25.74	16.0	346.63	4.28	1.43
1696190040.0			0.0	15.9	55.0	0	0	1006.55	25.71	16.0	346.63	4.2	1.4
1696190100.0			0.0	15.88	55.0	0	0	1006.55	25.69	16.0	346.63	4.13	1.38
1696190160.0			0.0	15.8	54.6	0	0	1006.55	25.69	16.0	346.63	4.13	1.38
1696190220.0			0.0	15.73	54.2	0	0	1006.55	25.69	16.0	346.63	4.13	1.38
1696190280.0			0.0	15.65	53.8	0	0	1006.55	25.69	16.0	350.69	4.13	1.38
1696190340.0			0.0	15.58	53.4	0	0	1006.55	25.69	16.0	350.69	4.13	1.38
1696190400.0			0.0	15.5	53.0	0	0	1006.54	25.69	16.0	350.69	4.13	1.38
1696190460.0			0.0	15.53	53.0	0	0	1006.54	25.71	16.0	350.69	4.2	1.36
1696190520.0			0.0	15.55	53.0	0	0	1006.53	25.74	16.0	350.69	4.28	1.35
1696190580.0			0.0	15.58	53.0	0	0	1006.52	25.76	16.0	335.63	4.35	1.34
1696190640.0			0.0	15.6	53.0	0	0	1006.51	25.79	16.0	335.63	4.43	1.33
1696190700.0			0.0	15.63	53.0	0	0	1006.5	25.81	16.0	335.63	4.5	1.31
1696190760.0			0.0	15.63	53.0	0	0	1006.49	25.83	16.0	335.63	4.38	1.29
1696190820.0			0.0	15.63	53.0	0	0	1006.49	25.84	16.0	335.63	4.25	1.26
1696190880.0			0.0	15.63	53.0	0	0	1006.48	25.85	16.0	336.38	4.13	1.24
1696190940.0			0.0	15.63	53.0	0	0	1006.47	25.86	16.0	336.38	4.0	1.21
1696191000.0			0.0	15.63	53.0	0	0	1006.46	25.88	16.0	336.38	3.88	1.19
1696191060.0			0.0	15.64	53.2	0	0	1006.45	25.88	16.0	336.38	3.9	1.19
1696191120.0			0.0	15.65	53.4	0	0	1006.44	25.88	16.0	336.38	3.93	1.19
1696191180.0			0.0	15.66	53.6	0	0	1006.44	25.88	16.0	30.5	3.95	1.19
1696191240.0			0.0	15.68	53.8	0	0	1006.43	25.88	16.0	30.5	3.98	1.19
1696191300.0			0.0	15.69	54.0	0	0	1006.42	25.88	16.0	30.5	4.0	1.19
1696191360.0			0.0	15.61	53.8	0	0	1006.41	25.88	16.0	30.5	4.26	1.21
1696191420.0			0.0	15.54	53.6	0	0	1006.4	25.88	16.0	30.5	4.53	1.24
1696191480.0			0.0	15.46	53.4	0	0	1006.39	25.88	16.0	16.31	4.79	1.26
1696191540.0			0.0	15.39	53.2	0	0	1006.39	25.88	16.0	16.31	5.05	1.29
1696191600.0			0.0	15.31	53.0	0	0	1006.38	25.88	16.0	16.31	5.31	1.31
1696191660.0			0.0	15.28	52.8	0	0	1006.37	25.88	16.0	16.31	5.39	1.31
1696191720.0			0.0	15.24	52.6	0	0	1006.36	25.88	16.0	16.31	5.46	1.31
1696191780.0			0.0	15.2	52.4	0	0	1006.35	25.88	16.0	32.88	5.54	1.31
1696191840.0			0.0	15.16	52.2	0	0	1006.34	25.88	16.0	32.88	5.61	1.31
1696191900.0			0.0	15.13	52.0	0	0	1006.34	25.88	16.0	32.88	5.69	1.31
1696191960.0			0.0	15.18	52.2	0	0	1006.33	25.88	16.0	32.88	5.49	1.27
1696192020.0			0.0	15.23	52.4	0	0	1006.32	25.88	16.0	32.88	5.29	1.24
1696192080.0			0.0	15.28	52.6	0	0	1006.31	25.88	16.0	9.19	5.09	1.2
1696192140.0			0.0	15.33	52.8	0	0	1006.3	25.88	16.0	9.19	4.89	1.16
1696192200.0			0.0	15.38	53.0	0	0	1006.29	25.88	16.0	9.19	4.69	1.13
1696192260.0			0.4	15.38	53.0	0	0	1006.29	25.88	16.0	9.19	4.45	1.13
1696192320.0			0.8	15.38	53.0	0	0	1006.28	25.88	16.0	9.19	4.21	1.13
1696192380.0			1.2	15.38	53.0	0	0	1006.27	25.88	16.0	24.5	3.98	1.13
1696192440.0			1.6	15.38	53.0	0	0	1006.26	25.88	16.0	24.5	3.74	1.13
1696192500.0			2.0	15.38	53.0	0	0	1006.25	25.88	16.0	24.5	3.5	1.13
1696192560.0			2.0	15.38	53.0	0	0	1006.24	25.88	16.0	24.5	3.43	1.13
1696192620.0			2.0	15.38	53.0	0	0	1006.24	25.88	16.0	24.5	3.35	1.13
1696192680.0			2.0	15.38	53.0	0	0	1006.23	25.88	16.0	6.31	3.28	1.13
1696192740.0			2.0	15.38	53.0	0	0	1006.22	25.88	16.0	6.31	3.2	1.13
1696192800.0			2.0	15.38	53.0	0	0	1006.21	25.88	16.0	6.31	3.13	1.13
1696192860.0			1.8	15.38	53.0	0	0	1006.2	25.88	16.0	6.31	3.2	1.1
1696192920.0			1.6	15.38	53.0	0	0	1006.19	25.88	16.0	6.31	3.28	1.08
1696192980.0			1.4	15.38	53.0	0	0	1006.19	25.88	16.0	19.31	3.35	1.05
1696193040.0			1.2	15.38	53.0	0	0	1006.18	25.88	16.0	19.31	3.43	1.02
1696193100.0			1.0	15.38	53.0	0	0	1006.17	25.88	16.0	19.31	3.5	1.0
1696193160.0			1.0	15.4	53.0	0	0	1006.16	25.86	16.0	19.31	3.5	0.96
1696193220.0			1.0	15.43	53.0	0	0	1006.15	25.85	16.0	19.31	3.5	0.93
1696193280.0			1.0	15.45	53.0	0	0	1006.14	25.84	16.0	357.38	3.5	0.89
1696193340.0			1.0	15.48	53.0	0	0	1006.14	25.83	16.0	357.38	3.5	0.85
1696193400.0			1.0	15.5	53.0	0	0	1006.13	25.81	16.0	357.38	3.5	0.81
1696193460.0			1.0	15.53	53.2	0	0	1006.12	25.81	16.0	357.38	3.5	0.81
1696193520.0			1.0	15.55	53.4	0	0	1006.11	25.81	16.0	357.38	3.5	0.81
1696193580.0			1.0	15.58	53.6	0	0	1006.1	25.81	16.0	13.5	3.5	0.81
1696193640.0			1.0	15.6	53.8	0	0	1006.09	25.81	16.0	13.5	3.5	0.81
1696193700.0			1.0	15.63	54.0	0	0	1006.09	25.81	16.0	13.5	3.5	0.81
1696193760.0			0.8	15.6	53.8	0	0	1006.08	25.81	16.0	13.5	3.66	0.88
1696193820.0			0.6	15.58	53.6	0	0	1006.07	25.81	16.0	13.5	3.83	0.94
1696193880.0			0.4	15.55	53.4	0	0	1006.06	25.81	16.0	20.81	3.99	1.0
1696193940.0			0.2	15.53	53.2	0	0	1006.05	25.81	16.0	20.81	4.15	1.06
1696194000.0			0.0	15.5	53.0	0	0	1006.04	25.81	16.0	20.81	4.31	1.13
1696194060.0			0.0	15.46	52.8	0	0	1006.05	25.81	16.0	20.81	4.19	1.14
1696194120.0			0.0	15.43	52.6	0	0	1006.06	25.81	16.0	20.81	4.06	1.15
1696194180.0			0.0	15.39	52.4	0	0	1006.06	25.81	16.0	13.31	3.94	1.16
1696194240.0			0.0	15.35	52.2	0	0	1006.07	25.81	16.0	13.31	3.81	1.18
1696194300.0			0.0	15.31	52.0	0	0	1006.08	25.81	16.0	13.31	3.69	1.19
1696194360.0			0.0	15.31	52.0	0	0	1006.08	25.83	16.0	13.31	3.69	1.19
1696194420.0			0.0	15.31	52.0	0	0	1006.09	25.84	16.0	13.31	3.69	1.19
1696194480.0			0.0	15.31	52.0	0	0	1006.1	25.85	16.0	2.19	3.69	1.19
1696194540.0			0.0	15.31	52.0	0	0	1006.1	25.86	16.0	2.19	3.69	1.19
1696194600.0			0.0	15.31	52.0	0	0	1006.11	25.88	16.0	2.19	3.69	1.19
1696194660.0			0.0	15.33	52.2	0	0	1006.12	25.86	16.0	2.19	3.73	1.19
1696194720.0			0.0	15.34	52.4	0	0	1006.12	25.85	16.0	2.19	3.76	1.19
1696194780.0			0.0	15.35	52.6	0	0	1006.13	25.84	16.0	16.5	3.8	1.19
1696194840.0			0.0	15.36	52.8	0	0	1006.13	25.83	16.0	16.5	3.84	1.19
1696194900.0			0.0	15.38	53.0	0	0	1006.14	25.81	16.0	16.5	3.88	1.19
1696194960.0			0.0	15.33	52.8	0	0	1006.15	25.79	16.0	16.5	3.76	1.21
1696195020.0			0.0	15.28	52.6	0	0	1006.15	25.76	16.0	16.5	3.65	1.24
1696195080.0			0.0	15.23	52.4	0	0	1006.16	25.74	16.0	1.5	3.54	1.26
1696195140.0			0.0	15.18	52.2	0	0	1006.17	25.71	16.0	1.5	3.43	1.29
1696195200.0			0.0	15.13	52.0	0	0	1006.17	25.69	16.0	1.5	3.31	1.31
1696195260.0			0.0	15.14	52.2	0	0	1006.18	25.68	16.0	1.5	3.43	1.27
1696195320.0			0.0	15.15	52.4	0	0	1006.19	25.66	16.0	1.5	3.54	1.24
1696195380.0			0.0	15.16	52.6	0	0	1006.19	25.65	16.0	11.31	3.65	1.2
1696195440.0			0.0	15.18	52.8	0	0	1006.2	25.64	16.0	11.31	3.76	1.16
1696195500.0			0.0	15.19	53.0	0	0	1006.21	25.63	16.0	11.31	3.88	1.13
1696195560.0			0.0	15.19	53.0	0	0	1006.21	25.63	16.0	11.31	3.88	1.13
1696195620.0			0.0	15.19	53.0	0	0	1006.22	25.63	16.0	11.31	3.88	1.13
1696195680.0			0.0	15.19	53.0	0	0	1006.23	25.63	16.0	11.19	3.88	1.13
1696195740.0			0.0	15.19	53.0	0	0	1006.23	25.63	16.0	11.19	3.88	1.13
1696195800.0			0.0	15.19	53.0	0	0	1006.24	25.63	16.0	11.19	3.88	1.13
1696195860.0			0.0	15.21	53.0	0	0	1006.24	25.63	16.0	11.19	3.8	1.08
1696195920.0			0.0	15.24	53.0	0	0	1006.25	25.63	16.0	11.19	3.73	1.02
1696195980.0			0.0	15.26	53.0	0	0	1006.26	25.63	16.0	1.19	3.65	0.98
1696196040.0			0.0	15.29	53.0	0	0	1006.26	25.63	16.0	1.19	3.58	0.93
1696196100.0			0.0	15.31	53.0	0	0	1006.27	25.63	16.0	1.19	3.5	0.88
1696196160.0			0.2	15.33	53.2	0	0	1006.28	25.6	16.0	1.19	3.5	0.9
1696196220.0			0.4	15.34	53.4	0	0	1006.28	25.58	16.0	1.19	3.5	0.93
1696196280.0			0.6	15.35	53.6	0	0	1006.29	25.55	16.0	56.69	3.5	0.95
1696196340.0			0.8	15.36	53.8	0	0	1006.3	25.53	16.0	56.69	3.5	0.98
1696196400.0			1.0	15.38	54.0	0	0	1006.3	25.5	16.0	56.69	3.5	1.0
1696196460.0			1.0	15.38	54.2	0	0	1006.31	25.48	16.0	56.69	3.54	0.98
1696196520.0			1.0	15.38	54.4	0	0	1006.32	25.45	16.0	56.69	3.58	0.95
1696196580.0			1.0	15.38	54.6	0	0	1006.32	25.43	16.0	69.69	3.61	0.93
1696196640.0			1.0	15.38	54.8	0	0	1006.33	25.4	16.0	69.69	3.65	0.9
1696196700.0			1.0	15.38	55.0	0	0	1006.34	25.38	16.0	69.69	3.69	0.88
1696196760.0			0.8	15.38	54.8	0	0	1006.34	25.38	16.0	69.69	3.69	0.86
1696196820.0			0.6	15.38	54.6	0	0	1006.35	25.38	16.0	69.69	3.69	0.85
1696196880.0			0.4	15.38	54.4	0	0	1006.35	25.38	16.0	335.69	3.69	0.84
1696196940.0			0.2	15.38	54.2	0	0	1006.36	25.38	16.0	335.69	3.69	0.83
1696197000.0			0.0	15.38	54.0	0	0	1006.37	25.38	16.0	335.69	3.69	0.81
1696197060.0			0.0	15.38	54.0	0	0	1006.37	25.38	16.0	335.69	3.63	0.81
1696197120.0			0.0	15.38	54.0	0	0	1006.38	25.38	16.0	335.69	3.56	0.81
1696197180.0			0.0	15.38	54.0	0	0	1006.39	25.38	16.0	323.13	3.5	0.81
1696197240.0			0.0	15.38	54.0	0	0	1006.39	25.38	16.0	323.13	3.44	0.81
1696197300.0			0.0	15.38	54.0	0	0	1006.4	25.38	16.0	323.13	3.38	0.81
1696197360.0			0.0	15.36	54.0	0	0	1006.41	25.36	16.0	323.13	3.36	0.78
1696197420.0			0.0	15.35	54.0	0	0	1006.41	25.35	16.0	323.13	3.35	0.74
1696197480.0			0.0	15.34	54.0	0	0	1006.42	25.34	16.0	3.38	3.34	0.7
1696197540.0			0.0	15.33	54.0	0	0	1006.43	25.33	16.0	3.38	3.33	0.66
1696197600.0			0.0	15.31	54.0	0	0	1006.43	25.31	16.0	3.38	3.31	0.63
1696197660.0			0.0	15.25	54.0	0	0	1006.43	25.25	16.0	3.38	3.31	0.66
1696197720.0			0.0	15.19	54.0	0	0	1006.44	25.19	16.0	3.38	3.31	0.7
1696197780.0			0.0	15.13	54.0	0	0	1006.44	25.13	16.0	35.19	3.31	0.74
1696197840.0			0.0	15.06	54.0	0	0	1006.44	25.06	16.0	35.19	3.31	0.78
1696197900.0			0.0	15.0	54.0	0	0	1006.44	25.0	16.0	35.19	3.31	0.81
1696197960.0			0.0	15.06	54.0	0	0	1006.44	25.06	16.0	35.19	3.31	0.78
1696198020.0			0.0	15.13	54.0	0	0	1006.45	25.13	16.0	35.19	3.31	0.74
1696198080.0			0.0	15.19	54.0	0	0	1006.45	25.19	16.0	3.31	3.31	0.7
1696198140.0			0.0	15.25	54.0	0	0	1006.45	25.25	16.0	3.31	3.31	0.66
1696198200.0			0.0	15.31	54.0	0	0	1006.45	25.31	16.0	3.31	3.31	0.63
1696198260.0			0.0	15.28	54.0	0	0	1006.45	25.23	16.0	3.31	3.05	0.64
1696198320.0			0.0	15.24	54.0	0	0	1006.45	25.14	16.0	3.31	2.79	0.65
1696198380.0			0.0	15.2	54.0	0	0	1006.46	25.05	16.0	7.0	2.53	0.66
1696198440.0			0.0	15.16	54.0	0	0	1006.46	24.96	16.0	7.0	2.26	0.68
1696198500.0			0.0	15.13	54.0	0	0	1006.46	24.88	16.0	7.0	2.0	0.69
1696198560.0			0.0	15.16	54.2	0	0	1006.46	24.86	16.0	7.0	2.16	0.63
1696198620.0			0.0	15.2	54.4	0	0	1006.46	24.85	16.0	7.0	2.33	0.56
1696198680.0			0.0	15.24	54.6	0	0	1006.47	24.84	16.0	316.31	2.49	0.5
1696198740.0			0.0	15.28	54.8	0	0	1006.47	24.83	16.0	316.31	2.65	0.44
1696198800.0			0.0	15.31	55.0	0	0	1006.47	24.81	16.0	316.31	2.81	0.38
1696198860.0			0.0	15.31	55.0	0	0	1006.47	24.81	16.0	316.31	2.81	0.38
1696198920.0			0.0	15.31	55.0	0	0	1006.47	24.81	16.0	316.31	2.81	0.38
1696198980.0			0.0	15.31	55.0	0	0	1006.48	24.81	16.0	316.0	2.81	0.38
1696199040.0			0.0	15.31	55.0	0	0	1006.48	24.81	16.0	316.0	2.81	0.38
1696199100.0			0.0	15.31	55.0	0	0	1006.48	24.81	16.0	316.0	2.81	0.38
1696199160.0			0.0	15.31	55.0	0	0	1006.48	24.81	16.0	316.0	2.81	0.38
1696199220.0			0.0	15.31	55.0	0	0	1006.48	24.81	16.0	316.0	2.81	0.38
1696199280.0			0.0	15.31	55.0	0	0	1006.48	24.81	16.0	316.0	2.81	0.38
1696199340.0			0.0	15.31	55.0	0	0	1006.49	24.81	16.0	316.0	2.81	0.38
1696199400.0			0.0	15.31	55.0	0	0	1006.49	24.81	16.0	316.0	2.81	0.38
1696199460.0			0.0	15.43	56.0	0	0	1006.49	24.71	16.0	316.0	2.85	0.38
1696199520.0			0.0	15.54	57.0	0	0	1006.49	24.61	16.0	316.0	2.89	0.38
1696199580.0			0.0	15.65	58.0	0	0	1006.49	24.51	16.0	2.5	2.93	0.38
1696199640.0			0.0	15.76	59.0	0	0	1006.5	24.41	16.0	2.5	2.96	0.38
1696199700.0			0.0	15.88	60.0	0	0	1006.5	24.31	16.0	2.5	3.0	0.38
1696199760.0			0.0	15.68	59.0	0	0	1006.5	24.31	16.0	2.5	3.0	0.38
1696199820.0			0.0	15.48	58.0	0	0	1006.5	24.31	16.0	2.5	3.0	0.38
1696199880.0			0.0	15.28	57.0	0	0	1006.5	24.31	16.0	2.5	3.0	0.38
1696199940.0			0.0	15.08	56.0	0	0	1006.5	24.31	16.0	2.5	3.0	0.38
1696200000.0			0.0	14.88	55.0	0	0	1006.51	24.31	16.0	2.5	3.0	0.38
1696200060.0			0.0	15.08	56.0	0	0	1006.51	24.31	16.0	2.5	2.63	0.34
1696200120.0			0.0	15.28	57.0	0	0	1006.51	24.31	16.0	2.5	2.25	0.3
1696200180.0			0.0	15.48	58.0	0	0	1006.51	24.31	16.0	26.38	1.88	0.26
1696200240.0			0.0	15.68	59.0	0	0	1006.51	24.31	16.0	26.38	1.5	0.23
1696200300.0			0.0	15.88	60.0	0	0	1006.52	24.31	16.0	26.38	1.13	0.19
1696200360.0			0.0	15.83	60.0	0	0	1006.52	24.23	16.0	26.38	1.06	0.15
1696200420.0			0.0	15.78	60.0	0	0	1006.52	24.14	16.0	26.38	1.0	0.11
1696200480.0			0.0	15.73	60.0	0	0	1006.52	24.05	16.0	26.38	0.94	0.08
1696200540.0			0.0	15.68	60.0	0	0	1006.52	23.96	16.0	26.38	0.88	0.04
1696200600.0			0.0	15.63	60.0	0	0	1006.53	23.88	16.0	26.38	0.81	0.0
1696200660.0			0.0	15.64	60.2	0	0	1006.53	23.86	16.0	26.38	0.85	0.04
1696200720.0			0.0	15.65	60.4	0	0	1006.53	23.85	16.0	26.38	0.89	0.08
1696200780.0			0.0	15.66	60.6	0	0	1006.53	23.84	16.0	11.88	0.93	0.11
1696200840.0			0.0	15.68	60.8	0	0	1006.53	23.83	16.0	11.88	0.96	0.15
1696200900.0			0.0	15.69	61.0	0	0	1006.53	23.81	16.0	11.88	1.0	0.19
1696200960.0			0.0	15.71	61.2	0	0	1006.54	23.73	16.0	11.88	1.0	0.19
1696201020.0			0.0	15.74	61.4	0	0	1006.54	23.64	16.0	11.88	1.0	0.19
1696201080.0			0.0	15.76	61.6	0	0	1006.54	23.55	16.0	324.69	1.0	0.19
1696201140.0			0.0	15.79	61.8	0	0	1006.54	23.46	16.0	324.69	1.0	0.19
1696201200.0			0.0	15.81	62.0	0	0	1006.54	23.38	16.0	324.69	1.0	0.19
1696201260.0			0.0	15.88	62.6	0	0	1006.54	23.36	16.0	324.69	1.0	0.15
1696201320.0			0.0	15.94	63.2	0	0	1006.53	23.35	16.0	324.69	1.0	0.11
1696201380.0			0.0	16.0	63.8	0	0	1006.52	23.34	16.0	324.88	1.0	0.08
1696201440.0			0.0	16.06	64.4	0	0	1006.51	23.33	16.0	324.88	1.0	0.04
1696201500.0			0.0	16.13	65.0	0	0	1006.5	23.31	16.0	324.88	1.0	0.0
1696201560.0			0.0	16.04	64.8	0	0	1006.49	23.23	16.0	324.88	0.88	0.0
1696201620.0			0.0	15.95	64.6	0	0	1006.49	23.14	16.0	324.88	0.75	0.0
1696201680.0			0.0	15.86	64.4	0	0	1006.48	23.05	16.0	352.88	0.63	0.0
1696201740.0			0.0	15.78	64.2	0	0	1006.47	22.96	16.0	352.88	0.5	0.0
1696201800.0			0.0	15.69	64.0	0	0	1006.46	22.88	16.0	352.88	0.38	0.0
1696201860.0			0.0	15.68	64.2	0	0	1006.45	22.84	16.0	352.88	0.38	0.0
1696201920.0			0.0	15.66	64.4	0	0	1006.44	22.8	16.0	352.88	0.38	0.0
1696201980.0			0.0	15.65	64.6	0	0	1006.44	22.76	16.0	353.38	0.38	0.0
1696202040.0			0.0	15.64	64.8	0	0	1006.43	22.73	16.0	353.38	0.38	0.0
1696202100.0			0.0	15.63	65.0	0	0	1006.42	22.69	16.0	353.38	0.38	0.0
1696202160.0			0.0	15.63	65.0	0	0	1006.41	22.68	16.0	353.38	0.38	0.0
1696202220.0			0.0	15.63	65.0	0	0	1006.4	22.66	16.0	353.38	0.38	0.0
1696202280.0			0.0	15.63	65.0	0	0	1006.39	22.65	16.0	353.88	0.38	0.0
1696202340.0			0.0	15.63	65.0	0	0	1006.39	22.64	16.0	353.88	0.38	0.0
1696202400.0			0.0	15.63	65.0	0	0	1006.38	22.63	16.0	353.88	0.38	0.0
1696202460.0			0.0	15.56	65.0	0	0	1006.37	22.54	16.0	353.88	0.48	0.0
1696202520.0			0.0	15.5	65.0	0	0	1006.36	22.45	16.0	353.88	0.57	0.0
1696202580.0			0.0	15.44	65.0	0	0	1006.35	22.36	16.0	354.38	0.68	0.0
1696202640.0			0.0	15.38	65.0	0	0	1006.34	22.28	16.0	354.38	0.78	0.0
1696202700.0			0.0	15.31	65.0	0	0	1006.34	22.19	16.0	354.38	0.88	0.0
1696202760.0			0.0	15.29	65.0	0	0	1006.33	22.18	16.0	354.38	0.88	0.0
1696202820.0			0.0	15.26	65.0	0	0	1006.32	22.16	16.0	354.38	0.88	0.0
1696202880.0			0.0	15.24	65.0	0	0	1006.31	22.15	16.0	346.19	0.88	0.0
1696202940.0			0.0	15.21	65.0	0	0	1006.3	22.14	16.0	346.19	0.88	0.0
1696203000.0			0.0	15.19	65.0	0	0	1006.29	22.13	16.0	346.19	0.88	0.0
1696203060.0			0.0	15.21	65.0	0	0	1006.29	22.13	16.0	346.19	0.84	0.0
1696203120.0			0.0	15.24	65.0	0	0	1006.28	22.13	16.0	346.19	0.8	0.0
1696203180.0			0.0	15.26	65.0	0	0	1006.27	22.13	16.0	346.69	0.76	0.0
1696203240.0			0.0	15.29	65.0	0	0	1006.26	22.13	16.0	346.69	0.73	0.0
1696203300.0			0.0	15.31	65.0	0	0	1006.25	22.13	16.0	346.69	0.69	0.0
1696203360.0			0.0	15.28	65.2	0	0	1006.24	22.06	16.0	346.69	0.61	0.0
1696203420.0			0.0	15.24	65.4	0	0	1006.24	22.0	16.0	346.69	0.54	0.0
1696203480.0			0.0	15.2	65.6	0	0	1006.23	21.94	16.0	347.31	0.46	0.0
1696203540.0			0.0	15.16	65.8	0	0	1006.22	21.88	16.0	347.31	0.39	0.0
1696203600.0			0.0	15.13	66.0	0	0	1006.21	21.81	16.0	347.31	0.31	0.0
1696203660.0			0.0	15.08	66.2	0	0	1006.2	21.73	16.0	347.31	0.25	0.0
1696203720.0			0.0	15.03	66.4	0	0	1006.19	21.64	16.0	347.31	0.19	0.0
1696203780.0			0.0	14.98	66.6	0	0	1006.19	21.55	16.0	347.81	0.13	0.0
1696203840.0			0.0	14.93	66.8	0	0	1006.18	21.46	16.0	347.81	0.06	0.0
1696203900.0			0.0	14.88	67.0	0	0	1006.17	21.38	16.0	347.81	0.0	0.0
1696203960.0			0.0	14.88	67.0	0	0	1006.16	21.36	16.0	347.81	0.0	0.0
1696204020.0			0.0	14.88	67.0	0	0	1006.15	21.35	16.0	347.81	0.0	0.0
1696204080.0			0.0	14.88	67.0	0	0	1006.14	21.34	16.0	348.38	0.0	0.0
1696204140.0			0.0	14.88	67.0	0	0	1006.14	21.33	16.0	348.38	0.0	0.0
1696204200.0			0.0	14.88	67.0	0	0	1006.13	21.31	16.0	348.38	0.0	0.0
1696204260.0			0.0	14.86	67.0	0	0	1006.12	21.28	16.0	348.38	0.0	0.0
1696204320.0			0.0	14.85	67.0	0	0	1006.11	21.24	16.0	348.38	0.0	0.0
1696204380.0			0.0	14.84	67.0	0	0	1006.1	21.2	16.0	348.88	0.0	0.0
1696204440.0			0.0	14.83	67.0	0	0	1006.09	21.16	16.0	348.88	0.0	0.0
1696204500.0			0.0	14.81	67.0	0	0	1006.09	21.13	16.0	348.88	0.0	0.0
1696204560.0			0.0	14.83	67.2	0	0	1006.08	21.13	16.0	348.88	0.0	0.0
1696204620.0			0.0	14.84	67.4	0	0	1006.07	21.13	16.0	348.88	0.0	0.0
1696204680.0			0.0	14.85	67.6	0	0	1006.06	21.13	16.0	349.38	0.0	0.0
1696204740.0			0.0	14.86	67.8	0	0	1006.05	21.13	16.0	349.38	0.0	0.0
1696204800.0			0.0	14.88	68.0	0	0	1006.04	21.13	16.0	349.38	0.0	0.0
1696204860.0			0.0	14.84	68.2	0	0	1006.06	21.03	16.0	349.38	0.0	0.0
1696204920.0			0.0	14.8	68.4	0	0	1006.08	20.93	16.0	349.38	0.0	0.0
1696204980.0			0.0	14.76	68.6	0	0	1006.1	20.83	16.0	351.19	0.0	0.0
1696205040.0			0.0	14.73	68.8	0	0	1006.11	20.73	16.0	351.19	0.0	0.0
1696205100.0			0.0	14.69	69.0	0	0	1006.13	20.63	16.0	351.19	0.0	0.0
1696205160.0			0.0	14.69	69.0	0	0	1006.15	20.63	16.0	351.19	0.0	0.0
1696205220.0			0.0	14.69	69.0	0	0	1006.17	20.63	16.0	351.19	0.0	0.0
1696205280.0			0.0	14.69	69.0	0	0	1006.19	20.63	16.0	353.0	0.0	0.0
1696205340.0			0.0	14.69	69.0	0	0	1006.2	20.63	16.0	353.0	0.0	0.0
1696205400.0			0.0	14.69	69.0	0	0	1006.22	20.63	16.0	353.0	0.0	0.0
1696205460.0			0.0	14.73	69.2	0	0	1006.24	20.6	16.0	353.0	0.0	0.0
1696205520.0			0.0	14.76	69.4	0	0	1006.26	20.58	16.0	353.0	0.0	0.0
1696205580.0			0.0	14.8	69.6	0	0	1006.28	20.55	16.0	354.81	0.0	0.0
1696205640.0			0.0	14.84	69.8	0	0	1006.29	20.53	16.0	354.81	0.0	0.0
1696205700.0			0.0	14.88	70.0	0	0	1006.31	20.5	16.0	354.81	0.0	0.0
1696205760.0			0.0	14.88	70.0	0	0	1006.33	20.5	16.0	354.81	0.0	0.0
1696205820.0			0.0	14.88	70.0	0	0	1006.35	20.5	16.0	354.81	0.0	0.0
1696205880.0			0.0	14.88	70.0	0	0	1006.36	20.5	16.0	356.69	0.0	0.0
1696205940.0			0.0	14.88	70.0	0	0	1006.38	20.5	16.0	356.69	0.0	0.0
1696206000.0			0.0	14.88	70.0	0	0	1006.4	20.5	16.0	356.69	0.0	0.0
1696206060.0			0.0	14.8	70.4	0	0	1006.42	20.36	16.0	356.69	0.0	0.0
1696206120.0			0.0	14.73	70.8	0	0	1006.44	20.23	16.0	356.69	0.0	0.0
1696206180.0			0.0	14.65	71.2	0	0	1006.45	20.09	16.0	358.5	0.0	0.0
1696206240.0			0.0	14.58	71.6	0	0	1006.47	19.95	16.0	358.5	0.0	0.0
1696206300.0			0.0	14.5	72.0	0	0	1006.49	19.81	16.0	358.5	0.0	0.0
1696206360.0			0.0	14.53	72.2	0	0	1006.51	19.81	16.0	358.5	0.0	0.0
1696206420.0			0.0	14.55	72.4	0	0	1006.52	19.81	16.0	358.5	0.0	0.0
1696206480.0			0.0	14.58	72.6	0	0	1006.54	19.81	16.0	7.88	0.0	0.0
1696206540.0			0.0	14.6	72.8	0	0	1006.56	19.81	16.0	7.88	0.0	0.0
1696206600.0			0.0	14.63	73.0	0	0	1006.58	19.81	16.0	7.88	0.0	0.0
1696206660.0			0.0	14.63	73.0	0	0	1006.6	19.79	16.0	7.88	0.0	0.0
1696206720.0			0.0	14.63	73.0	0	0	1006.61	19.76	16.0	7.88	0.0	0.0
1696206780.0			0.0	14.63	73.0	0	0	1006.63	19.74	16.0	8.5	0.0	0.0
1696206840.0			0.0	14.63	73.0	0	0	1006.65	19.71	16.0	8.5	0.0	0.0
1696206900.0			0.0	14.63	73.0	0	0	1006.67	19.69	16.0	8.5	0.0	0.0
1696206960.0			0.0	14.63	73.0	0	0	1006.69	19.69	16.0	8.5	0.0	0.0
1696207020.0			0.0	14.63	73.0	0	0	1006.7	19.69	16.0	8.5	0.0	0.0
1696207080.0			0.0	14.63	73.0	0	0	1006.72	19.69	16.0	9.19	0.0	0.0
1696207140.0			0.0	14.63	73.0	0	0	1006.74	19.69	16.0	9.19	0.0	0.0
1696207200.0			0.0	14.63	73.0	0	0	1006.76	19.69	16.0	9.19	0.0	0.0
1696207260.0			0.0	14.64	73.2	0	0	1006.77	19.68	16.0	9.19	0.0	0.0
1696207320.0			0.0	14.65	73.4	0	0	1006.79	19.66	16.0	9.19	0.0	0.0
1696207380.0			0.0	14.66	73.6	0	0	1006.81	19.65	16.0	9.88	0.0	0.0
1696207440.0			0.0	14.68	73.8	0	0	1006.83	19.64	16.0	9.88	0.0	0.0
1696207500.0			0.0	14.69	74.0	0	0	1006.85	19.63	16.0	9.88	0.0	0.0
1696207560.0			0.0	14.69	74.0	0	0	1006.86	19.63	16.0	9.88	0.0	0.0
1696207620.0			0.0	14.69	74.0	0	0	1006.88	19.63	16.0	9.88	0.0	0.0
1696207680.0			0.0	14.69	74.0	0	0	1006.9	19.63	16.0	10.63	0.0	0.0
1696207740.0			0.0	14.69	74.0	0	0	1006.92	19.63	16.0	10.63	0.0	0.0
1696207800.0			0.0	14.69	74.0	0	0	1006.93	19.63	16.0	10.63	0.0	0.0
1696207860.0			0.0	14.63	74.0	0	0	1006.95	19.54	16.0	10.63	0.0	0.0
1696207920.0			0.0	14.56	74.0	0	0	1006.97	19.45	16.0	10.63	0.0	0.0
1696207980.0			0.0	14.5	74.0	0	0	1006.99	19.36	16.0	11.38	0.0	0.0
1696208040.0			0.0	14.44	74.0	0	0	1007.01	19.27	16.0	11.38	0.0	0.0
1696208100.0			0.0	14.38	74.0	0	0	1007.02	19.19	16.0	11.38	0.0	0.0
1696208160.0			0.0	14.38	74.0	0	0	1007.04	19.19	16.0	11.38	0.0	0.0
1696208220.0			0.0	14.38	74.0	0	0	1007.06	19.19	16.0	11.38	0.0	0.0
1696208280.0			0.0	14.38	74.0	0	0	1007.08	19.19	16.0	12.13	0.0	0.0
1696208340.0			0.0	14.38	74.0	0	0	1007.1	19.19	16.0	12.13	0.0	0.0
1696208400.0			0.0	14.38	74.0	0	0	1007.11	19.19	16.0	12.13	0.0	0.0
1696208460.0			0.0	14.43	74.2	0	0	1007.11	19.19	16.0	12.13	0.0	0.0
1696208520.0			0.0	14.48	74.4	0	0	1007.11	19.19	16.0	12.13	0.0	0.0
1696208580.0			0.0	14.53	74.6	0	0	1007.11	19.19	16.0	11.19	0.0	0.0
1696208640.0			0.0	14.58	74.8	0	0	1007.11	19.19	16.0	11.19	0.0	0.0
1696208700.0			0.0	14.63	75.0	0	0	1007.11	19.19	16.0	11.19	0.0	0.0
1696208760.0			0.0	14.63	75.0	0	0	1007.1	19.18	16.0	11.19	0.0	0.0
1696208820.0			0.0	14.63	75.0	0	0	1007.1	19.16	16.0	11.19	0.0	0.0
1696208880.0			0.0	14.63	75.0	0	0	1007.1	19.15	16.0	10.19	0.0	0.0
1696208940.0			0.0	14.63	75.0	0	0	1007.1	19.14	16.0	10.19	0.0	0.0
1696209000.0			0.0	14.63	75.0	0	0	1007.1	19.13	16.0	10.19	0.0	0.0
1696209060.0			0.0	14.63	75.4	0	0	1007.1	19.1	16.0	10.19	0.0	0.0
1696209120.0			0.0	14.63	75.8	0	0	1007.1	19.08	16.0	10.19	0.0	0.0
1696209180.0			0.0	14.63	76.2	0	0	1007.1	19.05	16.0	9.19	0.0	0.0
1696209240.0			0.0	14.63	76.6	0	0	1007.09	19.02	16.0	9.19	0.0	0.0
1696209300.0			0.0	14.63	77.0	0	0	1007.09	19.0	16.0	9.19	0.0	0.0
1696209360.0			0.0	14.63	76.8	0	0	1007.09	18.98	16.0	9.19	0.0	0.0
1696209420.0			0.0	14.63	76.6	0	0	1007.09	18.95	16.0	9.19	0.0	0.0
1696209480.0			0.0	14.63	76.4	0	0	1007.09	18.93	16.0	8.19	0.0	0.0
1696209540.0			0.0	14.63	76.2	0	0	1007.09	18.9	16.0	8.19	0.0	0.0
1696209600.0			0.0	14.63	76.0	0	0	1007.09	18.88	16.0	8.19	0.0	0.0
1696209660.0			0.0	14.6	76.4	0	0	1007.08	18.84	16.0	8.19	0.0	0.0
1696209720.0			0.0	14.58	76.8	0	0	1007.08	18.8	16.0	8.19	0.0	0.0
1696209780.0			0.0	14.55	77.2	0	0	1007.08	18.76	16.0	7.19	0.0	0.0
1696209840.0			0.0	14.53	77.6	0	0	1007.08	18.73	16.0	7.19	0.0	0.0
1696209900.0			0.0	14.5	78.0	0	0	1007.08	18.69	16.0	7.19	0.0	0.0
1696209960.0			0.0	14.53	78.2	0	0	1007.08	18.65	16.0	7.19	0.0	0.0
1696210020.0			0.0	14.55	78.4	0	0	1007.08	18.61	16.0	7.19	0.0	0.0
1696210080.0			0.0	14.58	78.6	0	0	1007.07	18.58	16.0	6.19	0.0	0.0
1696210140.0			0.0	14.6	78.8	0	0	1007.07	18.54	16.0	6.19	0.0	0.0
1696210200.0			0.0	14.63	79.0	0	0	1007.07	18.5	16.0	6.19	0.0	0.0
1696210260.0			0.0	14.63	79.0	0	0	1007.07	18.5	16.0	6.19	0.0	0.0
1696210320.0			0.0	14.63	79.0	0	0	1007.07	18.5	16.0	6.19	0.0	0.0
1696210380.0			0.0	14.63	79.0	0	0	1007.07	18.5	16.0	5.19	0.0	0.0
1696210440.0			0.0	14.63	79.0	0	0	1007.07	18.5	16.0	5.19	0.0	0.0
1696210500.0			0.0	14.63	79.0	0	0	1007.06	18.5	16.0	5.19	0.0	0.0
1696210560.0			0.0	14.64	79.2	0	0	1007.06	18.48	16.0	5.19	0.0	0.0
1696210620.0			0.0	14.65	79.4	0	0	1007.06	18.45	16.0	5.19	0.0	0.0
1696210680.0			0.0	14.66	79.6	0	0	1007.06	18.43	16.0	357.38	0.0	0.0
1696210740.0			0.0	14.68	79.8	0	0	1007.06	18.4	16.0	357.38	0.0	0.0
1696210800.0			0.0	14.69	80.0	0	0	1007.06	18.38	16.0	357.38	0.0	0.0
1696210860.0			0.0	14.71	80.0	0	0	1007.06	18.38	16.0	357.38	0.0	0.0
1696210920.0			0.0	14.74	80.0	0	0	1007.06	18.38	16.0	357.38	0.0	0.0
1696210980.0			0.0	14.76	80.0	0	0	1007.05	18.38	16.0	354.69	0.0	0.0
1696211040.0			0.0	14.79	80.0	0	0	1007.05	18.38	16.0	354.69	0.0	0.0
1696211100.0			0.0	14.81	80.0	0	0	1007.05	18.38	16.0	354.69	0.0	0.0
1696211160.0			0.0	14.78	80.2	0	0	1007.05	18.3	16.0	354.69	0.0	0.0
1696211220.0			0.0	14.74	80.4	0	0	1007.05	18.23	16.0	354.69	0.0	0.0
1696211280.0			0.0	14.7	80.6	0	0	1007.05	18.15	16.0	351.88	0.0	0.0
1696211340.0			0.0	14.66	80.8	0	0	1007.05	18.08	16.0	351.88	0.0	0.0
1696211400.0			0.0	14.63	81.0	0	0	1007.04	18.0	16.0	351.88	0.0	0.0
1696211460.0			0.0	14.6	81.2	0	0	1007.04	17.98	16.0	351.88	0.0	0.0
1696211520.0			0.0	14.58	81.4	0	0	1007.04	17.95	16.0	351.88	0.0	0.0
1696211580.0			0.0	14.55	81.6	0	0	1007.04	17.93	16.0	349.19	0.0	0.0
1696211640.0			0.0	14.53	81.8	0	0	1007.04	17.9	16.0	349.19	0.0	0.0
1696211700.0			0.0	14.5	82.0	0	0	1007.04	17.88	16.0	349.19	0.0	0.0
1696211760.0			0.0	14.5	81.8	0	0	1007.04	17.9	16.0	349.19	0.0	0.0
1696211820.0			0.0	14.5	81.6	0	0	1007.03	17.93	16.0	349.19	0.0	0.0
1696211880.0			0.0	14.5	81.4	0	0	1007.03	17.95	16.0	346.38	0.0	0.0
1696211940.0			0.0	14.5	81.2	0	0	1007.03	17.98	16.0	346.38	0.0	0.0
1696212000.0			0.0	14.5	81.0	0	0	1007.03	18.0	16.0	346.38	0.0	0.0
1696212060.0			0.0	14.53	81.2	0	0	1007.02	18.0	16.0	346.38	0.0	0.0
1696212120.0			0.0	14.55	81.4	0	0	1007.01	18.0	16.0	346.38	0.0	0.0
1696212180.0			0.0	14.58	81.6	0	0	1007.0	18.0	16.0	345.88	0.0	0.0
1696212240.0			0.0	14.6	81.8	0	0	1006.98	18.0	16.0	345.88	0.0	0.0
1696212300.0			0.0	14.63	82.0	0	0	1006.97	18.0	16.0	345.88	0.0	0.0
1696212360.0			0.0	14.64	82.0	0	0	1006.96	18.0	16.0	345.88	0.0	0.0
1696212420.0			0.0	14.65	82.0	0	0	1006.95	18.0	16.0	345.88	0.0	0.0
1696212480.0			0.0	14.66	82.0	0	0	1006.94	18.0	16.0	345.38	0.0	0.0
1696212540.0			0.0	14.68	82.0	0	0	1006.93	18.0	16.0	345.38	0.0	0.0
1696212600.0			0.0	14.69	82.0	0	0	1006.91	18.0	16.0	345.38	0.0	0.0
1696212660.0			0.0	14.69	82.0	0	0	1006.9	17.98	16.0	345.38	0.0	0.0
1696212720.0			0.0	14.69	82.0	0	0	1006.89	17.95	16.0	345.38	0.0	0.0
1696212780.0			0.0	14.69	82.0	0	0	1006.88	17.93	16.0	344.88	0.0	0.0
1696212840.0			0.0	14.69	82.0	0	0	1006.87	17.9	16.0	344.88	0.0	0.0
1696212900.0			0.0	14.69	82.0	0	0	1006.86	17.88	16.0	344.88	0.0	0.0
1696212960.0			0.0	14.63	82.0	0	0	1006.84	17.84	16.0	344.88	0.0	0.0
1696213020.0			0.0	14.56	82.0	0	0	1006.83	17.8	16.0	344.88	0.0	0.0
1696213080.0			0.0	14.5	82.0	0	0	1006.82	17.76	16.0	344.38	0.0	0.0
1696213140.0			0.0	14.44	82.0	0	0	1006.81	17.73	16.0	344.38	0.0	0.0
1696213200.0			0.0	14.38	82.0	0	0	1006.8	17.69	16.0	344.38	0.0	0.0
1696213260.0			0.0	14.36	82.2	0	0	1006.79	17.68	16.0	344.38	0.0	0.0
1696213320.0			0.0	14.35	82.4	0	0	1006.77	17.66	16.0	344.38	0.0	0.0
1696213380.0			0.0	14.34	82.6	0	0	1006.76	17.65	16.0	343.88	0.0	0.0
1696213440.0			0.0	14.33	82.8	0	0	1006.75	17.64	16.0	343.88	0.0	0.0
1696213500.0			0.0	14.31	83.0	0	0	1006.74	17.63	16.0	343.88	0.0	0.0
1696213560.0			0.0	14.33	83.0	0	0	1006.73	17.6	16.0	343.88	0.0	0.0
1696213620.0			0.0	14.34	83.0	0	0	1006.72	17.58	16.0	343.88	0.0	0.0
1696213680.0			0.0	14.35	83.0	0	0	1006.7	17.55	16.0	343.38	0.0	0.0
1696213740.0			0.0	14.36	83.0	0	0	1006.69	17.52	16.0	343.38	0.0	0.0
1696213800.0			0.0	14.38	83.0	0	0	1006.68	17.5	16.0	343.38	0.0	0.0
1696213860.0			0.0	14.36	83.0	0	0	1006.67	17.5	16.0	343.38	0.0	0.0
1696213920.0			0.0	14.35	83.0	0	0	1006.66	17.5	16.0	343.38	0.0	0.0
1696213980.0			0.0	14.34	83.0	0	0	1006.65	17.5	16.0	342.88	0.0	0.0
1696214040.0			0.0	14.33	83.0	0	0	1006.63	17.5	16.0	342.88	0.0	0.0
1696214100.0			0.0	14.31	83.0	0	0	1006.62	17.5	16.0	342.88	0.0	0.0
1696214160.0			0.0	14.35	83.2	0	0	1006.61	17.46	16.0	342.88	0.0	0.0
1696214220.0			0.0	14.39	83.4	0	0	1006.6	17.43	16.0	342.88	0.0	0.0
1696214280.0			0.0	14.43	83.6	0	0	1006.59	17.39	16.0	357.88	0.0	0.0
1696214340.0			0.0	14.46	83.8	0	0	1006.58	17.35	16.0	357.88	0.0	0.0
1696214400.0			0.0	14.5	84.0	0	0	1006.56	17.31	16.0	357.88	0.0	0.0
1696214460.0			0.0	14.5	84.0	0	0	1006.55	17.31	16.0	357.88	0.0	0.0
1696214520.0			0.0	14.5	84.0	0	0	1006.54	17.31	16.0	357.88	0.0	0.0
1696214580.0			0.0	14.5	84.0	0	0	1006.53	17.31	16.0	357.88	0.0	0.0
1696214640.0			0.0	14.5	84.0	0	0	1006.52	17.31	16.0	357.88	0.0	0.0
1696214700.0			0.0	14.5	84.0	0	0	1006.51	17.31	16.0	357.88	0.0	0.0
1696214760.0			0.0	14.44	84.0	0	0	1006.49	17.25	16.0	357.88	0.0	0.0
1696214820.0			0.0	14.38	84.0	0	0	1006.48	17.19	16.0	357.88	0.0	0.0
1696214880.0			0.0	14.31	84.0	0	0	1006.47	17.13	16.0	357.88	0.0	0.0
1696214940.0			0.0	14.25	84.0	0	0	1006.46	17.06	16.0	357.88	0.0	0.0
1696215000.0			0.0	14.19	84.0	0	0	1006.45	17.0	16.0	357.88	0.0	0.0
1696215060.0			0.0	14.18	84.0	0	0	1006.44	16.98	16.0	357.88	0.0	0.0
1696215120.0			0.0	14.16	84.0	0	0	1006.42	16.95	16.0	357.88	0.0	0.0
1696215180.0			0.0	14.15	84.0	0	0	1006.41	16.93	16.0	357.88	0.0	0.0
1696215240.0			0.0	14.14	84.0	0	0	1006.4	16.9	16.0	357.88	0.0	0.0
1696215300.0			0.0	14.13	84.0	0	0	1006.39	16.88	16.0	357.88	0.0	0.0
1696215360.0			0.0	14.1	84.0	0	0	1006.38	16.86	16.0	357.88	0.0	0.0
1696215420.0			0.0	14.08	84.0	0	0	1006.37	16.85	16.0	357.88	0.0	0.0
1696215480.0			0.0	14.05	84.0	0	0	1006.35	16.84	16.0	357.81	0.0	0.0
1696215540.0			0.0	14.03	84.0	0	0	1006.34	16.83	16.0	357.81	0.0	0.0
1696215600.0			0.0	14.0	84.0	0	0	1006.33	16.81	16.0	357.81	0.0	0.0
1696215660.0			0.0	14.03	84.2	0	0	1006.35	16.81	16.0	357.81	0.0	0.0
1696215720.0			0.0	14.05	84.4	0	0	1006.36	16.81	16.0	357.81	0.0	0.0
1696215780.0			0.0	14.08	84.6	0	0	1006.38	16.81	16.0	357.31	0.0	0.0
1696215840.0			0.0	14.1	84.8	0	0	1006.39	16.81	16.0	357.31	0.0	0.0
1696215900.0			0.0	14.13	85.0	0	0	1006.41	16.81	16.0	357.31	0.0	0.0
1696215960.0			0.0	14.13	85.0	0	0	1006.42	16.81	16.0	357.31	0.0	0.0
1696216020.0			0.0	14.13	85.0	0	0	1006.44	16.81	16.0	357.31	0.0	0.0
1696216080.0			0.0	14.13	85.0	0	0	1006.45	16.81	16.0	356.81	0.0	0.0
1696216140.0			0.0	14.13	85.0	0	0	1006.47	16.81	16.0	356.81	0.0	0.0
1696216200.0			0.0	14.13	85.0	0	0	1006.48	16.81	16.0	356.81	0.0	0.0
1696216260.0			0.0	14.13	85.0	0	0	1006.5	16.81	16.0	356.81	0.0	0.0
1696216320.0			0.0	14.13	85.0	0	0	1006.51	16.81	16.0	356.81	0.0	0.0
1696216380.0			0.0	14.13	85.0	0	0	1006.53	16.81	16.0	356.31	0.0	0.0
1696216440.0			0.0	14.13	85.0	0	0	1006.54	16.81	16.0	356.31	0.0	0.0
1696216500.0			0.0	14.13	85.0	0	0	1006.56	16.81	16.0	356.31	0.0	0.0
1696216560.0			0.0	14.13	85.0	0	0	1006.57	16.81	16.0	356.31	0.0	0.0
1696216620.0			0.0	14.13	85.0	0	0	1006.59	16.81	16.0	356.31	0.0	0.0
1696216680.0			0.0	14.13	85.0	0	0	1006.6	16.81	16.0	355.81	0.0	0.0
1696216740.0			0.0	14.13	85.0	0	0	1006.62	16.81	16.0	355.81	0.0	0.0
1696216800.0			0.0	14.13	85.0	0	0	1006.63	16.81	16.0	355.81	0.0	0.0
1696216860.0			0.0	14.14	85.2	0	0	1006.65	16.81	16.0	355.81	0.0	0.0
1696216920.0			0.0	14.15	85.4	0	0	1006.66	16.81	16.0	355.81	0.0	0.0
1696216980.0			0.0	14.16	85.6	0	0	1006.68	16.81	16.0	355.31	0.0	0.0
1696217040.0			0.0	14.18	85.8	0	0	1006.69	16.81	16.0	355.31	0.0	0.0
1696217100.0			0.0	14.19	86.0	0	0	1006.71	16.81	16.0	355.31	0.0	0.0
1696217160.0			0.0	14.19	86.0	0	0	1006.72	16.81	16.0	355.31	0.0	0.0
1696217220.0			0.0	14.19	86.0	0	0	1006.74	16.81	16.0	355.31	0.0	0.0
1696217280.0			0.0	14.19	86.0	0	0	1006.75	16.81	16.0	353.31	0.0	0.0
1696217340.0			0.0	14.19	86.0	0	0	1006.77	16.81	16.0	353.31	0.0	0.0
1696217400.0			0.0	14.19	86.0	0	0	1006.78	16.81	16.0	353.31	0.0	0.0
1696217460.0			0.0	14.19	86.0	0	0	1006.8	16.81	16.0	353.31	0.0	0.0
1696217520.0			0.0	14.19	86.0	0	0	1006.81	16.81	16.0	353.31	0.0	0.0
1696217580.0			0.0	14.19	86.0	0	0	1006.83	16.81	16.0	351.31	0.0	0.0
1696217640.0			0.0	14.19	86.0	0	0	1006.84	16.81	16.0	351.31	0.0	0.0
1696217700.0			0.0	14.19	86.0	0	0	1006.86	16.81	16.0	351.31	0.0	0.0
1696217760.0			0.0	14.21	86.2	0	0	1006.87	16.79	16.0	351.31	0.0	0.0
1696217820.0			0.0	14.24	86.4	0	0	1006.89	16.76	16.0	351.31	0.0	0.0
1696217880.0			0.0	14.26	86.6	0	0	1006.9	16.74	16.0	349.31	0.0	0.0
1696217940.0			0.0	14.29	86.8	0	0	1006.92	16.71	16.0	349.31	0.0	0.0
1696218000.0			0.0	14.31	87.0	0	0	1006.93	16.69	16.0	349.31	0.0	0.0
1696218060.0			0.0	14.23	87.0	0	0	1006.95	16.61	16.0	349.31	0.0	0.0
1696218120.0			0.0	14.14	87.0	0	0	1006.96	16.54	16.0	349.31	0.0	0.0
1696218180.0			0.0	14.05	87.0	0	0	1006.98	16.46	16.0	347.38	0.0	0.0
1696218240.0			0.0	13.96	87.0	0	0	1006.99	16.39	16.0	347.38	0.0	0.0
1696218300.0			0.0	13.88	87.0	0	0	1007.01	16.31	16.0	347.38	0.0	0.0
1696218360.0			0.0	13.88	87.0	0	0	1007.02	16.31	16.0	347.38	0.0	0.0
1696218420.0			0.0	13.88	87.0	0	0	1007.04	16.31	16.0	347.38	0.0	0.0
1696218480.0			0.0	13.88	87.0	0	0	1007.05	16.31	16.0	345.63	0.0	0.0
1696218540.0			0.0	13.88	87.0	0	0	1007.07	16.31	16.0	345.63	0.0	0.0
1696218600.0			0.0	13.88	87.0	0	0	1007.08	16.31	16.0	345.63	0.0	0.0
1696218660.0			0.0	13.88	87.0	0	0	1007.1	16.31	16.0	345.63	0.0	0.0
1696218720.0			0.0	13.88	87.0	0	0	1007.11	16.31	16.0	345.63	0.0	0.0
1696218780.0			0.0	13.88	87.0	0	0	1007.13	16.31	16.0	343.81	0.0	0.0
1696218840.0			0.0	13.88	87.0	0	0	1007.14	16.31	16.0	343.81	0.0	0.0
1696218900.0			0.0	13.88	87.0	0	0	1007.16	16.31	16.0	343.81	0.0	0.0
1696218960.0			0.0	13.9	87.2	0	0	1007.17	16.29	16.0	343.81	0.0	0.0
1696219020.0			0.0	13.93	87.4	0	0	1007.19	16.26	16.0	343.81	0.0	0.0
1696219080.0			0.0	13.95	87.6	0	0	1007.2	16.24	16.0	342.0	0.0	0.0
1696219140.0			0.0	13.98	87.8	0	0	1007.22	16.21	16.0	342.0	0.0	0.0
1696219200.0			0.0	14.0	88.0	0	0	1007.23	16.19	16.0	342.0	0.0	0.0
1696219260.0			0.0	14.0	88.0	0	0	1007.22	16.19	16.0	342.0	0.0	0.0
1696219320.0			0.0	14.0	88.0	0	0	1007.22	16.19	16.0	342.0	0.0	0.0
1696219380.0			0.0	14.0	88.0	0	0	1007.21	16.19	16.0	340.88	0.0	0.0
1696219440.0			0.0	14.0	88.0	0	0	1007.2	16.19	16.0	340.88	0.0	0.0
1696219500.0			0.0	14.0	88.0	0	0	1007.19	16.19	16.0	340.88	0.0	0.0
1696219560.0			0.0	14.0	88.0	0	0	1007.18	16.19	16.0	340.88	0.0	0.0
1696219620.0			0.0	14.0	88.0	0	0	1007.18	16.19	16.0	340.88	0.0	0.0
1696219680.0			0.0	14.0	88.0	0	0	1007.17	16.19	16.0	339.69	0.0	0.0
1696219740.0			0.0	14.0	88.0	0	0	1007.16	16.19	16.0	339.69	0.0	0.0
1696219800.0			0.0	14.0	88.0	0	0	1007.15	16.19	16.0	339.69	0.0	0.0
1696219860.0			0.0	14.0	88.0	0	0	1007.14	16.18	16.0	339.69	0.0	0.0
1696219920.0			0.0	14.0	88.0	0	0	1007.13	16.16	16.0	339.69	0.0	0.0
1696219980.0			0.0	14.0	88.0	0	0	1007.13	16.15	16.0	338.38	0.0	0.0
1696220040.0			0.0	14.0	88.0	0	0	1007.12	16.14	16.0	338.38	0.0	0.0
1696220100.0			0.0	14.0	88.0	0	0	1007.11	16.13	16.0	338.38	0.0	0.0
1696220160.0			0.0	14.0	88.0	0	0	1007.1	16.13	16.0	338.38	0.0	0.0
1696220220.0			0.0	14.0	88.0	0	0	1007.09	16.13	16.0	338.38	0.0	0.0
1696220280.0			0.0	14.0	88.0	0	0	1007.09	16.13	16.0	337.0	0.0	0.0
1696220340.0			0.0	14.0	88.0	0	0	1007.08	16.13	16.0	337.0	0.0	0.0
1696220400.0			0.0	14.0	88.0	0	0	1007.07	16.13	16.0	337.0	0.0	0.0
1696220460.0			0.0	14.0	88.0	0	0	1007.06	16.13	16.0	337.0	0.0	0.0
1696220520.0			0.0	14.0	88.0	0	0	1007.05	16.13	16.0	337.0	0.0	0.0
1696220580.0			0.0	14.0	88.0	0	0	1007.05	16.13	16.0	335.5	0.0	0.0
1696220640.0			0.0	14.0	88.0	0	0	1007.04	16.13	16.0	335.5	0.0	0.0
1696220700.0			0.0	14.0	88.0	0	0	1007.03	16.13	16.0	335.5	0.0	0.0
1696220760.0			0.2	13.98	88.0	0	0	1007.02	16.13	15.92	335.5	0.0	0.0
1696220820.0			0.4	13.95	88.0	0	0	1007.01	16.13	15.84	335.5	0.0	0.0
1696220880.0			0.6	13.93	88.0	0	0	1007.0	16.13	15.77	300.38	0.0	0.0
1696220940.0			0.8	13.9	88.0	0	0	1007.0	16.13	15.69	300.38	0.0	0.0
1696221000.0			1.0	13.88	88.0	0	0	1006.99	16.13	15.61	300.38	0.0	0.0
1696221060.0			1.0	13.84	88.0	0	0	1006.98	16.06	15.6	300.38	0.0	0.0
1696221120.0			1.0	13.8	88.0	0	0	1006.97	16.0	15.58	300.38	0.0	0.0
1696221180.0			1.0	13.76	88.0	0	0	1006.96	15.94	15.57	298.31	0.0	0.0
1696221240.0			1.0	13.73	88.0	0	0	1006.96	15.88	15.56	298.31	0.0	0.0
1696221300.0			1.0	13.69	88.0	0	0	1006.95	15.81	15.55	298.31	0.0	0.0
1696221360.0			1.0	13.68	88.0	0	0	1006.94	15.81	15.53	298.31	0.0	0.0
1696221420.0			1.0	13.66	88.0	0	0	1006.93	15.81	15.52	298.31	0.0	0.0
1696221480.0			1.0	13.65	88.0	0	0	1006.92	15.81	15.51	296.31	0.0	0.0
1696221540.0			1.0	13.64	88.0	0	0	1006.91	15.81	15.49	296.31	0.0	0.0
1696221600.0			1.0	13.63	88.0	0	0	1006.91	15.81	15.48	296.31	0.0	0.0
1696221660.0			1.0	13.63	88.0	0	0	1006.9	15.81	15.47	296.31	0.0	0.0
1696221720.0			1.0	13.63	88.0	0	0	1006.89	15.81	15.45	296.31	0.0	0.0
1696221780.0			1.0	13.63	88.0	0	0	1006.88	15.81	15.44	294.38	0.0	0.0
1696221840.0			1.0	13.63	88.0	0	0	1006.87	15.81	15.43	294.38	0.0	0.0
1696221900.0			1.0	13.63	88.0	0	0	1006.87	15.81	15.42	294.38	0.0	0.0
1696221960.0			1.0	13.63	88.0	0	0	1006.86	15.79	15.4	294.38	0.0	0.0
1696222020.0			1.0	13.63	88.0	0	0	1006.85	15.76	15.39	294.38	0.0	0.0
1696222080.0			1.0	13.63	88.0	0	0	1006.84	15.74	15.38	292.63	0.0	0.0
1696222140.0			1.0	13.63	88.0	0	0	1006.83	15.71	15.36	292.63	0.0	0.0
1696222200.0			1.0	13.63	88.0	0	0	1006.83	15.69	15.35	292.63	0.0	0.0
1696222260.0			1.0	13.6	88.0	0	0	1006.82	15.68	15.34	292.63	0.0	0.0
1696222320.0			1.0	13.58	88.0	0	0	1006.81	15.66	15.32	292.63	0.0	0.0
1696222380.0			1.0	13.55	88.0	0	0	1006.8	15.65	15.31	290.88	0.0	0.0
1696222440.0			1.0	13.53	88.0	0	0	1006.79	15.64	15.3	290.88	0.0	0.0
1696222500.0			1.0	13.5	88.0	0	0	1006.78	15.63	15.29	290.88	0.0	0.0
1696222560.0			1.0	13.54	88.2	0	0	1006.78	15.64	15.27	290.88	0.0	0.0
1696222620.0			1.0	13.58	88.4	0	0	1006.77	15.65	15.26	290.88	0.0	0.0
1696222680.0			1.0	13.61	88.6	0	0	1006.76	15.66	15.25	289.31	0.0	0.0
1696222740.0			1.0	13.65	88.8	0	0	1006.75	15.68	15.23	289.31	0.0	0.0
1696222800.0			1.0	13.69	89.0	0	0	1006.74	15.69	15.22	289.31	0.0	0.0
1696222860.0			1.0	13.65	88.8	0	0	1006.73	15.68	15.22	289.31	0.0	0.0
1696222920.0			1.0	13.61	88.6	0	0	1006.73	15.66	15.23	289.31	0.0	0.0
1696222980.0			1.0	13.58	88.4	0	0	1006.72	15.65	15.23	293.0	0.0	0.0
1696223040.0			1.0	13.54	88.2	0	0	1006.71	15.64	15.24	293.0	0.0	0.0
1696223100.0			1.0	13.5	88.0	0	0	1006.7	15.63	15.24	293.0	0.0	0.0
1696223160.0			1.0	13.5	88.0	0	0	1006.69	15.63	15.24	293.0	0.0	0.0
1696223220.0			1.0	13.5	88.0	0	0	1006.68	15.63	15.25	293.0	0.0	0.0
1696223280.0			1.0	13.5	88.0	0	0	1006.67	15.63	15.25	296.81	0.0	0.0
1696223340.0			1.0	13.5	88.0	0	0	1006.66	15.63	15.26	296.81	0.0	0.0
1696223400.0			1.0	13.5	88.0	0	0	1006.66	15.63	15.26	296.81	0.0	0.0
1696223460.0			1.0	13.5	88.2	0	0	1006.65	15.63	15.26	296.81	0.0	0.0
1696223520.0			1.0	13.5	88.4	0	0	1006.64	15.63	15.27	296.81	0.0	0.0
1696223580.0			1.0	13.5	88.6	0	0	1006.63	15.63	15.27	300.69	0.0	0.0
1696223640.0			1.0	13.5	88.8	0	0	1006.62	15.63	15.28	300.69	0.0	0.0
1696223700.0			1.0	13.5	89.0	0	0	1006.61	15.63	15.28	300.69	0.0	0.0
1696223760.0			1.0	13.54	89.0	0	0	1006.6	15.63	15.28	300.69	0.0	0.0
1696223820.0			1.0	13.58	89.0	0	0	1006.59	15.63	15.29	300.69	0.0	0.0
1696223880.0			1.0	13.61	89.0	0	0	1006.58	15.63	15.29	304.81	0.0	0.0
1696223940.0			1.0	13.65	89.0	0	0	1006.58	15.63	15.3	304.81	0.0	0.0
1696224000.0			1.0	13.69	89.0	0	0	1006.57	15.63	15.3	304.81	0.0	0.0
1696224060.0			0.8	13.71	89.2	0	0	1006.56	15.63	15.44	304.81	0.0	0.0
1696224120.0			0.6	13.74	89.4	0	0	1006.55	15.63	15.58	304.81	0.0	0.0
1696224180.0			0.4	13.76	89.6	0	0	1006.54	15.63	15.72	328.88	0.0	0.0
1696224240.0			0.2	13.79	89.8	0	0	1006.53	15.63	15.86	328.88	0.0	0.0
1696224300.0			0.0	13.81	90.0	0	0	1006.52	15.63	16.0	328.88	0.0	0.0
1696224360.0			0.0	13.81	90.0	0	0	1006.51	15.63	16.0	328.88	0.0	0.0
1696224420.0			0.0	13.81	90.0	0	0	1006.5	15.63	16.0	328.88	0.0	0.0
1696224480.0			0.0	13.81	90.0	0	0	1006.5	15.63	16.0	330.69	0.0	0.0
1696224540.0			0.0	13.81	90.0	0	0	1006.49	15.63	16.0	330.69	0.0	0.0
1696224600.0			0.0	13.81	90.0	0	0	1006.48	15.63	16.0	330.69	0.0	0.0
1696224660.0			0.0	13.81	90.0	0	0	1006.47	15.63	16.0	330.69	0.0	0.0
1696224720.0			0.0	13.81	90.0	0	0	1006.46	15.63	16.0	330.69	0.0	0.0
1696224780.0			0.0	13.81	90.0	0	0	1006.45	15.63	16.0	332.5	0.0	0.0
1696224840.0			0.0	13.81	90.0	0	0	1006.44	15.63	16.0	332.5	0.0	0.0
1696224900.0			0.0	13.81	90.0	0	0	1006.43	15.63	16.0	332.5	0.0	0.0
1696224960.0			0.0	13.79	90.0	0	0	1006.43	15.6	16.0	332.5	0.0	0.0
1696225020.0			0.0	13.76	90.0	0	0	1006.42	15.58	16.0	332.5	0.0	0.0
1696225080.0			0.0	13.74	90.0	0	0	1006.41	15.55	16.0	334.13	0.0	0.0
1696225140.0			0.0	13.71	90.0	0	0	1006.4	15.53	16.0	334.13	0.0	0.0
1696225200.0			0.0	13.69	90.0	0	0	1006.39	15.5	16.0	334.13	0.0	0.0
1696225260.0			0.0	13.69	90.0	0	0	1006.38	15.5	16.0	334.13	0.0	0.0
1696225320.0			0.0	13.69	90.0	0	0	1006.37	15.5	16.0	334.13	0.0	0.0
1696225380.0			0.0	13.69	90.0	0	0	1006.36	15.5	16.0	335.69	0.0	0.0
1696225440.0			0.0	13.69	90.0	0	0	1006.35	15.5	16.0	335.69	0.0	0.0
1696225500.0			0.0	13.69	90.0	0	0	1006.35	15.5	16.0	335.69	0.0	0.0
1696225560.0			0.0	13.63	90.0	0	0	1006.34	15.46	16.0	335.69	0.0	0.0
1696225620.0			0.0	13.56	90.0	0	0	1006.33	15.43	16.0	335.69	0.0	0.0
1696225680.0			0.0	13.5	90.0	0	0	1006.32	15.39	16.0	337.31	0.0	0.0
1696225740.0			0.0	13.44	90.0	0	0	1006.31	15.35	16.0	337.31	0.0	0.0
1696225800.0			0.0	13.38	90.0	0	0	1006.3	15.31	16.0	337.31	0.0	0.0
1696225860.0			0.0	13.38	90.0	0	0	1006.29	15.29	16.0	337.31	0.0	0.0
1696225920.0			0.0	13.38	90.0	0	0	1006.28	15.26	16.0	337.31	0.0	0.0
1696225980.0			0.0	13.38	90.0	0	0	1006.27	15.24	16.0	338.69	0.0	0.0
1696226040.0			0.0	13.38	90.0	0	0	1006.27	15.21	16.0	338.69	0.0	0.0
1696226100.0			0.0	13.38	90.0	0	0	1006.26	15.19	16.0	338.69	0.0	0.0
1696226160.0			0.0	13.38	90.0	0	0	1006.25	15.19	16.0	338.69	0.0	0.0
1696226220.0			0.0	13.38	90.0	0	0	1006.24	15.19	16.0	338.69	0.0	0.0
1696226280.0			0.0	13.38	90.0	0	0	1006.23	15.19	16.0	340.13	0.0	0.0
1696226340.0			0.0	13.38	90.0	0	0	1006.22	15.19	16.0	340.13	0.0	0.0
1696226400.0			0.0	13.38	90.0	0	0	1006.21	15.19	16.0	340.13	0.0	0.0
1696226460.0			0.0	13.36	90.0	0	0	1006.22	15.18	16.0	340.13	0.0	0.0
1696226520.0			0.0	13.35	90.0	0	0	1006.23	15.16	16.0	340.13	0.0	0.0
1696226580.0			0.0	13.34	90.0	0	0	1006.24	15.15	16.0	340.69	0.0	0.0
1696226640.0			0.0	13.33	90.0	0	0	1006.25	15.14	16.0	340.69	0.0	0.0
1696226700.0			0.0	13.31	90.0	0	0	1006.26	15.13	16.0	340.69	0.0	0.0
1696226760.0			0.0	13.31	90.0	0	0	1006.26	15.13	16.0	340.69	0.0	0.0
1696226820.0			0.0	13.31	90.0	0	0	1006.27	15.13	16.0	340.69	0.0	0.0
1696226880.0			0.0	13.31	90.0	0	0	1006.28	15.13	16.0	341.19	0.0	0.0
1696226940.0			0.0	13.31	90.0	0	0	1006.29	15.13	16.0	341.19	0.0	0.0
1696227000.0			0.0	13.31	90.0	0	0	1006.3	15.13	16.0	341.19	0.0	0.0
1696227060.0			0.0	13.31	90.0	0	0	1006.31	15.13	16.0	341.19	0.0	0.0
1696227120.0			0.0	13.31	90.0	0	0	1006.32	15.13	16.0	341.19	0.0	0.0
1696227180.0			0.0	13.31	90.0	0	0	1006.33	15.13	16.0	341.81	0.0	0.0
1696227240.0			0.0	13.31	90.0	0	0	1006.33	15.13	16.0	341.81	0.0	0.0
1696227300.0			0.0	13.31	90.0	0	0	1006.34	15.13	16.0	341.81	0.0	0.0
1696227360.0			0.0	13.33	90.2	0	0	1006.35	15.13	16.0	341.81	0.0	0.0
1696227420.0			0.0	13.34	90.4	0	0	1006.36	15.13	16.0	341.81	0.0	0.0
1696227480.0			0.0	13.35	90.6	0	0	1006.37	15.13	16.0	342.31	0.0	0.0
1696227540.0			0.0	13.36	90.8	0	0	1006.38	15.13	16.0	342.31	0.0	0.0
1696227600.0			0.0	13.38	91.0	0	0	1006.39	15.13	16.0	342.31	0.0	0.0
1696227660.0			0.0	13.38	91.0	0	0	1006.39	15.13	16.0	342.31	0.0	0.0
1696227720.0			0.0	13.38	91.0	0	0	1006.4	15.13	16.0	342.31	0.0	0.0
1696227780.0			0.0	13.38	91.0	0	0	1006.41	15.13	16.0	342.88	0.0	0.0
1696227840.0			0.0	13.38	91.0	0	0	1006.42	15.13	16.0	342.88	0.0	0.0
1696227900.0			0.0	13.38	91.0	0	0	1006.43	15.13	16.0	342.88	0.0	0.0
1696227960.0			0.0	13.36	90.8	0	0	1006.44	15.1	16.0	342.88	0.0	0.0
1696228020.0			0.0	13.35	90.6	0	0	1006.45	15.08	16.0	342.88	0.0	0.0
1696228080.0			0.0	13.34	90.4	0	0	1006.46	15.05	16.0	343.38	0.0	0.0
1696228140.0			0.0	13.33	90.2	0	0	1006.46	15.03	16.0	343.38	0.0	0.0
1696228200.0			0.0	13.31	90.0	0	0	1006.47	15.0	16.0	343.38	0.0	0.0
1696228260.0			0.0	13.33	90.2	0	0	1006.48	15.0	16.0	343.38	0.0	0.0
1696228320.0			0.0	13.34	90.4	0	0	1006.49	15.0	16.0	343.38	0.0	0.0
1696228380.0			0.0	13.35	90.6	0	0	1006.5	15.0	16.0	343.88	0.0	0.0
1696228440.0			0.0	13.36	90.8	0	0	1006.51	15.0	16.0	343.88	0.0	0.0
1696228500.0			0.0	13.38	91.0	0	0	1006.52	15.0	16.0	343.88	0.0	0.0
1696228560.0			0.0	13.36	91.0	0	0	1006.52	15.0	15.98	343.88	0.0	0.0
1696228620.0			0.0	13.35	91.0	0	0	1006.53	15.0	15.96	343.88	0.0	0.0
1696228680.0			0.0	13.34	91.0	0	0	1006.54	15.0	15.95	336.81	0.0	0.0
1696228740.0			0.0	13.33	91.0	0	0	1006.55	15.0	15.93	336.81	0.0	0.0
1696228800.0			0.0	13.31	91.0	0	0	1006.56	15.0	15.91	336.81	0.0	0.0
1696228860.0			0.0	13.31	91.0	0	0	1006.57	15.0	15.91	336.81	0.03	0.0
1696228920.0			0.0	13.31	91.0	0	0	1006.58	15.0	15.92	336.81	0.05	0.0
1696228980.0			0.0	13.31	91.0	0	0	1006.59	15.0	15.92	336.13	0.08	0.0
1696229040.0			0.0	13.31	91.0	0	0	1006.59	15.0	15.93	336.13	0.1	0.0
1696229100.0			0.0	13.31	91.0	0	0	1006.6	15.0	15.93	336.13	0.13	0.0
1696229160.0			0.0	13.33	91.0	0	0	1006.61	15.0	15.93	336.13	0.13	0.0
1696229220.0			0.0	13.34	91.0	0	0	1006.62	15.0	15.94	336.13	0.13	0.0
1696229280.0			0.0	13.35	91.0	0	0	1006.63	15.0	15.94	335.38	0.13	0.0
1696229340.0			0.0	13.36	91.0	0	0	1006.64	15.0	15.95	335.38	0.13	0.0
1696229400.0			0.0	13.38	91.0	0	0	1006.65	15.0	15.95	335.38	0.13	0.0
1696229460.0			0.0	13.38	91.0	0	0	1006.65	15.0	15.95	335.38	0.13	0.0
1696229520.0			0.0	13.38	91.0	0	0	1006.66	15.0	15.96	335.38	0.13	0.0
1696229580.0			0.0	13.38	91.0	0	0	1006.67	15.0	15.96	334.69	0.13	0.0
1696229640.0			0.0	13.38	91.0	0	0	1006.68	15.0	15.97	334.69	0.13	0.0
1696229700.0			0.0	13.38	91.0	0	0	1006.69	15.0	15.97	334.69	0.13	0.0
1696229760.0			0.0	13.38	91.0	0	0	1006.7	15.0	15.98	334.69	0.1	0.0
1696229820.0			0.0	13.38	91.0	0	0	1006.71	15.0	15.98	334.69	0.08	0.0
1696229880.0			0.0	13.38	91.0	0	0	1006.72	15.0	15.98	334.13	0.05	0.0
1696229940.0			0.0	13.38	91.0	0	0	1006.72	15.0	15.99	334.13	0.02	0.0
1696230000.0			0.0	13.38	91.0	0	0	1006.73	15.0	15.99	334.13	0.0	0.0
1696230060.0			0.0	13.38	91.0	0	0	1006.74	15.0	15.99	334.13	0.0	0.0
1696230120.0			0.0	13.38	91.0	0	0	1006.74	15.0	15.99	334.13	0.0	0.0
1696230180.0			0.0	13.38	91.0	0	0	1006.75	15.0	15.99	336.19	0.0	0.0
1696230240.0			0.0	13.38	91.0	0	0	1006.75	15.0	15.99	336.19	0.0	0.0
1696230300.0			0.0	13.38	91.0	0	0	1006.76	15.0	15.99	336.19	0.0	0.0
1696230360.0			0.0	13.38	91.0	0	0	1006.76	15.0	15.99	336.19	0.0	0.0
1696230420.0			0.0	13.38	91.0	0	0	1006.77	15.0	15.99	336.19	0.0	0.0
1696230480.0			0.0	13.38	91.0	0	0	1006.77	15.0	15.99	338.19	0.0	0.0
1696230540.0			0.0	13.38	91.0	0	0	1006.77	15.0	15.99	338.19	0.0	0.0
1696230600.0			0.0	13.38	91.0	0	0	1006.78	15.0	15.99	338.19	0.0	0.0
1696230660.0			0.0	13.33	91.0	0	0	1006.78	14.94	15.99	338.19	0.0	0.0
1696230720.0			0.0	13.28	91.0	0	0	1006.79	14.88	15.99	338.19	0.0	0.0
1696230780.0			0.0	13.23	91.0	0	0	1006.79	14.81	15.99	340.19	0.0	0.0
1696230840.0			0.0	13.18	91.0	0	0	1006.8	14.75	15.99	340.19	0.0	0.0
1696230900.0			0.0	13.13	91.0	0	0	1006.8	14.69	15.99	340.19	0.0	0.0
1696230960.0			0.0	13.14	91.0	0	0	1006.81	14.69	15.99	340.19	0.0	0.0
1696231020.0			0.0	13.15	91.0	0	0	1006.81	14.69	15.99	340.19	0.0	0.0
1696231080.0			0.0	13.16	91.0	0	0	1006.82	14.69	15.99	342.19	0.0	0.0
1696231140.0			0.0	13.18	91.0	0	0	1006.82	14.69	15.99	342.19	0.0	0.0
1696231200.0			0.0	13.19	91.0	0	0	1006.83	14.69	16.0	342.19	0.0	0.0
1696231260.0			0.0	13.18	90.8	0	0	1006.83	14.71	16.0	342.19	0.0	0.0
1696231320.0			0.0	13.16	90.6	0	0	1006.84	14.74	16.0	342.19	0.0	0.0
1696231380.0			0.0	13.15	90.4	0	0	1006.84	14.76	16.0	335.63	0.0	0.0
1696231440.0			0.0	13.14	90.2	0	0	1006.84	14.79	16.0	335.63	0.0	0.0
1696231500.0			0.0	13.13	90.0	0	0	1006.85	14.81	16.0	335.63	0.0	0.0
1696231560.0			0.0	13.14	90.2	0	0	1006.85	14.81	16.0	335.63	0.0	0.0
1696231620.0			0.0	13.15	90.4	0	0	1006.86	14.81	16.0	335.63	0.0	0.0
1696231680.0			0.0	13.16	90.6	0	0	1006.86	14.81	16.0	338.63	0.0	0.0
1696231740.0			0.0	13.18	90.8	0	0	1006.87	14.81	16.0	338.63	0.0	0.0
1696231800.0			0.0	13.19	91.0	0	0	1006.87	14.81	16.0	338.63	0.0	0.0
1696231860.0			0.0	13.19	91.0	0	0	1006.88	14.81	16.0	338.63	0.0	0.0
1696231920.0			0.0	13.19	91.0	0	0	1006.88	14.81	16.0	338.63	0.0	0.0
1696231980.0			0.0	13.19	91.0	0	0	1006.89	14.81	16.0	341.38	0.0	0.0
1696232040.0			0.0	13.19	91.0	0	0	1006.89	14.81	16.0	341.38	0.0	0.0
1696232100.0			0.0	13.19	91.0	0	0	1006.9	14.81	16.0	341.38	0.0	0.0
1696232160.0			0.0	13.19	91.0	0	0	1006.9	14.81	16.0	341.38	0.0	0.0
1696232220.0			0.0	13.19	91.0	0	0	1006.91	14.81	16.0	341.38	0.0	0.0
1696232280.0			0.0	13.19	91.0	0	0	1006.91	14.81	16.0	344.13	0.0	0.0
1696232340.0			0.0	13.19	91.0	0	0	1006.91	14.81	16.0	344.13	0.0	0.0
1696232400.0			0.0	13.19	91.0	0	0	1006.92	14.81	16.0	344.13	0.0	0.0
1696232460.0			0.0	13.19	91.0	0	0	1006.92	14.81	16.0	344.13	0.0	0.0
1696232520.0			0.0	13.19	91.0	0	0	1006.93	14.81	16.0	344.13	0.0	0.0
1696232580.0			0.0	13.19	91.0	0	0	1006.93	14.81	16.0	346.63	0.0	0.0
1696232640.0			0.0	13.19	91.0	0	0	1006.94	14.81	16.0	346.63	0.0	0.0
1696232700.0			0.0	13.19	91.0	0	0	1006.94	14.81	16.0	346.63	0.0	0.0
1696232760.0			0.0	13.21	91.0	0	0	1006.95	14.83	16.0	346.63	0.0	0.0
1696232820.0			0.0	13.24	91.0	0	0	1006.95	14.84	16.0	346.63	0.0	0.0
1696232880.0			0.0	13.26	91.0	0	0	1006.96	14.85	16.0	348.88	0.0	0.0
1696232940.0			0.0	13.29	91.0	0	0	1006.96	14.86	16.0	348.88	0.0	0.0
1696233000.0			0.0	13.31	91.0	0	0	1006.97	14.88	16.0	348.88	0.0	0.0
1696233060.0			0.0	13.31	91.0	0	0	1006.97	14.88	16.0	348.88	0.0	0.0
1696233120.0			0.0	13.31	91.0	0	0	1006.98	14.88	16.0	348.88	0.0	0.0
1696233180.0			0.0	13.31	91.0	0	0	1006.98	14.88	16.0	351.13	0.0	0.0
1696233240.0			0.0	13.31	91.0	0	0	1006.99	14.88	16.0	351.13	0.0	0.0
1696233300.0			0.0	13.31	91.0	0	0	1006.99	14.88	16.0	351.13	0.0	0.0
1696233360.0			0.0	13.31	91.0	0	0	1006.99	14.88	16.0	351.13	0.03	0.0
1696233420.0			0.0	13.31	91.0	0	0	1007.0	14.88	16.0	351.13	0.05	0.0
1696233480.0			0.0	13.31	91.0	0	0	1007.0	14.88	16.0	353.19	0.08	0.0
1696233540.0			0.0	13.31	91.0	0	0	1007.01	14.88	16.0	353.19	0.1	0.0
1696233600.0			0.0	13.31	91.0	0	0	1007.01	14.88	16.0	353.19	0.13	0.0
1696233660.0			0.0	13.33	91.0	0	0	1007.02	14.88	16.0	353.19	0.1	0.0
1696233720.0			0.0	13.34	91.0	0	0	1007.02	14.88	16.0	353.19	0.08	0.0
1696233780.0			0.0	13.35	91.0	0	0	1007.02	14.88	16.0	353.13	0.05	0.0
1696233840.0			0.0	13.36	91.0	0	0	1007.03	14.88	16.0	353.13	0.02	0.0
1696233900.0			0.0	13.38	91.0	0	0	1007.03	14.88	16.0	353.13	0.0	0.0
1696233960.0			0.0	13.4	91.2	0	0	1007.03	14.9	16.0	353.13	0.04	0.0
1696234020.0			0.0	13.43	91.4	0	0	1007.04	14.93	16.0	353.13	0.08	0.0
1696234080.0			0.0	13.45	91.6	0	0	1007.04	14.95	16.0	353.0	0.11	0.0
1696234140.0			0.0	13.48	91.8	0	0	1007.04	14.98	16.0	353.0	0.15	0.0
1696234200.0			0.0	13.5	92.0	0	0	1007.05	15.0	16.0	353.0	0.19	0.0
1696234260.0			0.0	13.5	91.8	0	0	1007.05	15.0	16.0	353.0	0.19	0.0
1696234320.0			0.0	13.5	91.6	0	0	1007.05	15.0	16.0	353.0	0.19	0.0
1696234380.0			0.0	13.5	91.4	0	0	1007.06	15.0	16.0	352.88	0.19	0.0
1696234440.0			0.0	13.5	91.2	0	0	1007.06	15.0	16.0	352.88	0.19	0.0
1696234500.0			0.0	13.5	91.0	0	0	1007.06	15.0	16.0	352.88	0.19	0.0
1696234560.0			0.0	13.5	91.0	0	0	1007.07	15.0	16.0	352.88	0.19	0.0
1696234620.0			0.0	13.5	91.0	0	0	1007.07	15.0	16.0	352.88	0.19	0.0
1696234680.0			0.0	13.5	91.0	0	0	1007.07	15.0	16.0	352.81	0.19	0.0
1696234740.0			0.0	13.5	91.0	0	0	1007.08	15.0	16.0	352.81	0.19	0.0
1696234800.0			0.0	13.5	91.0	0	0	1007.08	15.0	16.0	352.81	0.19	0.0
1696234860.0			0.0	13.5	91.0	0	0	1007.08	15.03	16.0	352.81	0.15	0.0
1696234920.0			0.0	13.5	91.0	0	0	1007.09	15.05	16.0	352.81	0.11	0.0
1696234980.0			0.0	13.5	91.0	0	0	1007.09	15.08	16.0	348.5	0.08	0.0
1696235040.0			0.0	13.5	91.0	0	0	1007.09	15.1	16.0	348.5	0.04	0.0
1696235100.0			0.0	13.5	91.0	0	0	1007.1	15.13	16.0	348.5	0.0	0.0
1696235160.0			0.0	13.5	91.0	0	0	1007.1	15.13	16.0	348.5	0.0	0.0
1696235220.0			0.0	13.5	91.0	0	0	1007.1	15.13	16.0	348.5	0.0	0.0
1696235280.0			0.0	13.5	91.0	0	0	1007.11	15.13	16.0	349.0	0.0	0.0
1696235340.0			0.0	13.5	91.0	0	0	1007.11	15.13	16.0	349.0	0.0	0.0
1696235400.0			0.0	13.5	91.0	0	0	1007.11	15.13	16.0	349.0	0.0	0.0
1696235460.0			0.0	13.5	91.0	0	0	1007.12	15.13	16.0	349.0	0.0	0.0
1696235520.0			0.0	13.5	91.0	0	0	1007.12	15.13	16.0	349.0	0.0	0.0
1696235580.0			0.0	13.5	91.0	0	0	1007.12	15.13	16.0	349.5	0.0	0.0
1696235640.0			0.0	13.5	91.0	0	0	1007.13	15.13	16.0	349.5	0.0	0.0
1696235700.0			0.0	13.5	91.0	0	0	1007.13	15.13	16.0	349.5	0.0	0.0
1696235760.0			0.0	13.53	91.2	0	0	1007.13	15.13	16.0	349.5	0.0	0.0
1696235820.0			0.0	13.55	91.4	0	0	1007.14	15.13	16.0	349.5	0.0	0.0
1696235880.0			0.0	13.58	91.6	0	0	1007.14	15.13	16.0	350.0	0.0	0.0
1696235940.0			0.0	13.6	91.8	0	0	1007.14	15.13	16.0	350.0	0.0	0.0
1696236000.0			0.0	13.63	92.0	0	0	1007.15	15.13	16.0	350.0	0.0	0.0
1696236060.0			0.0	13.64	91.8	0	0	1007.15	15.14	16.0	350.0	0.06	0.0
1696236120.0			0.0	13.65	91.6	0	0	1007.15	15.15	16.0	350.0	0.13	0.0
1696236180.0			0.0	13.66	91.4	0	0	1007.16	15.16	16.0	350.5	0.19	0.0
1696236240.0			0.0	13.68	91.2	0	0	1007.16	15.18	16.0	350.5	0.25	0.0
1696236300.0			0.0	13.69	91.0	0	0	1007.16	15.19	16.0	350.5	0.31	0.0
1696236360.0			0.0	13.69	91.0	0	0	1007.17	15.19	16.0	350.5	0.31	0.0
1696236420.0			0.0	13.69	91.0	0	0	1007.17	15.19	16.0	350.5	0.31	0.0
1696236480.0			0.0	13.69	91.0	0	0	1007.17	15.19	16.0	351.0	0.31	0.0
1696236540.0			0.0	13.69	91.0	0	0	1007.18	15.19	16.0	351.0	0.31	0.0
1696236600.0			0.0	13.69	91.0	0	0	1007.18	15.19	16.0	351.0	0.31	0.0
1696236660.0			0.0	13.69	91.0	0	0	1007.18	15.19	16.0	351.0	0.33	0.0
1696236720.0			0.0	13.69	91.0	0	0	1007.19	15.19	16.0	351.0	0.34	0.0
1696236780.0			0.0	13.69	91.0	0	0	1007.19	15.19	16.0	351.5	0.35	0.0
1696236840.0			0.0	13.69	91.0	0	0	1007.19	15.19	16.0	351.5	0.36	0.0
1696236900.0			0.0	13.69	91.0	0	0	1007.2	15.19	16.0	351.5	0.38	0.0
1696236960.0			0.0	13.68	91.0	0	0	1007.2	15.19	16.0	351.5	0.38	0.0
1696237020.0			0.0	13.66	91.0	0	0	1007.2	15.19	16.0	351.5	0.38	0.0
1696237080.0			0.0	13.65	91.0	0	0	1007.21	15.19	16.0	352.0	0.38	0.0
1696237140.0			0.0	13.64	91.0	0	0	1007.21	15.19	16.0	352.0	0.38	0.0
1696237200.0			0.0	13.63	91.0	0	0	1007.21	15.19	16.0	352.0	0.38	0.0
1696237260.0			0.0	13.6	91.0	0	0	1007.21	15.18	15.99	352.0	0.38	0.0
1696237320.0			0.0	13.58	91.0	0	0	1007.21	15.16	15.98	352.0	0.38	0.0
1696237380.0			0.0	13.55	91.0	0	0	1007.21	15.15	15.97	353.81	0.38	0.0
1696237440.0			0.0	13.53	91.0	0	0	1007.21	15.14	15.96	353.81	0.38	0.0
1696237500.0			0.0	13.5	91.0	0	0	1007.2	15.13	15.95	353.81	0.38	0.0
1696237560.0			0.0	13.5	91.0	0	0	1007.2	15.13	15.94	353.81	0.3	0.0
1696237620.0			0.0	13.5	91.0	0	0	1007.2	15.13	15.93	353.81	0.23	0.0
1696237680.0			0.0	13.5	91.0	0	0	1007.2	15.13	15.92	355.5	0.15	0.0
1696237740.0			0.0	13.5	91.0	0	0	1007.2	15.13	15.91	355.5	0.08	0.0
1696237800.0			0.0	13.5	91.0	0	0	1007.2	15.13	15.9	355.5	0.0	0.0
1696237860.0			0.0	13.5	91.0	0	0	1007.19	15.13	15.89	355.5	0.0	0.0
1696237920.0			0.0	13.5	91.0	0	0	1007.19	15.13	15.88	355.5	0.0	0.0
1696237980.0			0.0	13.5	91.0	0	0	1007.19	15.13	15.86	357.31	0.0	0.0
1696238040.0			0.0	13.5	91.0	0	0	1007.19	15.13	15.85	357.31	0.0	0.0
1696238100.0			0.0	13.5	91.0	0	0	1007.19	15.13	15.84	357.31	0.0	0.0
1696238160.0			0.0	13.5	91.0	0	0	1007.19	15.13	15.83	357.31	0.0	0.0
1696238220.0			0.0	13.5	91.0	0	0	1007.18	15.13	15.82	357.31	0.0	0.0
1696238280.0			0.0	13.5	91.0	0	0	1007.18	15.13	15.81	359.0	0.0	0.0
1696238340.0			0.0	13.5	91.0	0	0	1007.18	15.13	15.8	359.0	0.0	0.0
1696238400.0			0.0	13.5	91.0	0	0	1007.18	15.13	15.79	359.0	0.0	0.0
1696238460.0			0.0	13.5	91.0	0	0	1007.18	15.13	15.78	359.0	0.0	0.0
1696238520.0			0.0	13.5	91.0	0	0	1007.18	15.13	15.77	359.0	0.0	0.0
1696238580.0			0.0	13.5	91.0	0	0	1007.17	15.13	15.76	0.81	0.0	0.0
1696238640.0			0.0	13.5	91.0	0	0	1007.17	15.13	15.75	0.81	0.0	0.0
1696238700.0			0.0	13.5	91.0	0	0	1007.17	15.13	15.74	0.81	0.0	0.0
1696238760.0			0.0	13.5	91.0	0	0	1007.17	15.13	15.75	0.81	0.0	0.0
1696238820.0			0.0	13.5	91.0	0	0	1007.17	15.13	15.77	0.81	0.0	0.0
1696238880.0			0.0	13.5	91.0	0	0	1007.17	15.13	15.78	356.81	0.0	0.0
1696238940.0			0.0	13.5	91.0	0	0	1007.16	15.13	15.8	356.81	0.0	0.0
1696239000.0			0.0	13.5	91.0	0	0	1007.16	15.13	15.81	356.81	0.0	0.0
1696239060.0			0.0	13.5	91.0	0	0	1007.16	15.13	15.81	356.81	0.0	0.0
1696239120.0			0.0	13.5	91.0	0	0	1007.16	15.13	15.81	356.81	0.0	0.0
1696239180.0			0.0	13.5	91.0	0	0	1007.16	15.13	15.81	358.0	0.0	0.0
1696239240.0			0.0	13.5	91.0	0	0	1007.16	15.13	15.8	358.0	0.0	0.0
1696239300.0			0.0	13.5	91.0	0	0	1007.15	15.13	15.8	358.0	0.0	0.0
1696239360.0			0.0	13.5	91.0	0	0	1007.15	15.13	15.8	358.0	0.0	0.0
1696239420.0			0.0	13.5	91.0	0	0	1007.15	15.13	15.8	358.0	0.0	0.0
1696239480.0			0.0	13.5	91.0	0	0	1007.15	15.13	15.8	359.0	0.0	0.0
1696239540.0			0.0	13.5	91.0	0	0	1007.15	15.13	15.8	359.0	0.0	0.0
1696239600.0			0.0	13.5	91.0	0	0	1007.15	15.13	15.79	359.0	0.0	0.0
1696239660.0			0.0	13.48	91.0	0	0	1007.14	15.13	15.79	359.0	0.0	0.0
1696239720.0			0.0	13.45	91.0	0	0	1007.14	15.13	15.79	359.0	0.0	0.0
1696239780.0			0.0	13.43	91.0	0	0	1007.14	15.13	15.79	0.38	0.0	0.0
1696239840.0			0.0	13.4	91.0	0	0	1007.14	15.13	15.79	0.38	0.0	0.0
1696239900.0			0.0	13.38	91.0	0	0	1007.14	15.13	15.78	0.38	0.0	0.0
1696239960.0			0.0	13.4	91.0	0	0	1007.14	15.13	15.78	0.38	0.0	0.0
1696240020.0			0.0	13.43	91.0	0	0	1007.13	15.13	15.78	0.38	0.0	0.0
1696240080.0			0.0	13.45	91.0	0	0	1007.13	15.13	15.78	1.5	0.0	0.0
1696240140.0			0.0	13.48	91.0	0	0	1007.13	15.13	15.78	1.5	0.0	0.0
1696240200.0			0.0	13.5	91.0	0	0	1007.13	15.13	15.78	1.5	0.0	0.0
1696240260.0			0.0	13.5	91.0	0	0	1007.13	15.13	15.77	1.5	0.0	0.0
1696240320.0			0.0	13.5	91.0	0	0	1007.13	15.13	15.77	1.5	0.0	0.0
1696240380.0			0.0	13.5	91.0	0	0	1007.12	15.13	15.77	2.69	0.0	0.0
1696240440.0			0.0	13.5	91.0	0	0	1007.12	15.13	15.77	2.69	0.0	0.0
1696240500.0			0.0	13.5	91.0	0	0	1007.12	15.13	15.77	2.69	0.0	0.0
1696240560.0			0.0	13.48	91.0	0	0	1007.12	15.13	15.76	2.69	0.0	0.0
1696240620.0			0.0	13.45	91.0	0	0	1007.12	15.13	15.76	2.69	0.0	0.0
1696240680.0			0.0	13.43	91.0	0	0	1007.12	15.13	15.76	3.88	0.0	0.0
1696240740.0			0.0	13.4	91.0	0	0	1007.11	15.13	15.76	3.88	0.0	0.0
1696240800.0			0.0	13.38	91.0	0	0	1007.11	15.13	15.76	3.88	0.0	0.0
1696240860.0			0.0	13.4	91.0	0	0	1007.11	15.14	15.75	3.88	0.0	0.0
1696240920.0			0.0	13.43	91.0	0	0	1007.11	15.15	15.74	3.88	0.0	0.0
1696240980.0			0.0	13.45	91.0	0	0	1007.11	15.16	15.74	4.38	0.0	0.0
1696241040.0			0.0	13.48	91.0	0	0	1007.11	15.18	15.73	4.38	0.0	0.0
1696241100.0			0.0	13.5	91.0	0	0	1007.11	15.19	15.72	4.38	0.0	0.0
1696241160.0			0.0	13.44	90.8	0	0	1007.11	15.01	15.72	4.38	0.0	0.0
1696241220.0			0.0	13.38	90.6	0	0	1007.11	14.84	15.71	4.38	0.0	0.0
1696241280.0			0.0	13.31	90.4	0	0	1007.12	14.66	15.7	4.88	0.0	0.0
1696241340.0			0.0	13.25	90.2	0	0	1007.12	14.49	15.7	4.88	0.0	0.0
1696241400.0			0.0	13.19	90.0	0	0	1007.12	14.31	15.69	4.88	0.0	0.0
1696241460.0			0.0	13.18	89.8	0	0	1007.12	14.31	15.68	4.88	0.06	0.0
1696241520.0			0.0	13.16	89.6	0	0	1007.12	14.31	15.68	4.88	0.13	0.0
1696241580.0			0.0	13.15	89.4	0	0	1007.12	14.31	15.67	5.81	0.19	0.0
1696241640.0			0.0	13.14	89.2	0	0	1007.12	14.31	15.66	5.81	0.25	0.0
1696241700.0			0.0	13.13	89.0	0	0	1007.12	14.31	15.66	5.81	0.31	0.0
1696241760.0			0.0	13.2	89.4	0	0	1007.12	14.49	15.65	5.81	0.31	0.0
1696241820.0			0.0	13.28	89.8	0	0	1007.12	14.66	15.64	5.81	0.31	0.0
1696241880.0			0.0	13.35	90.2	0	0	1007.12	14.84	15.64	6.13	0.31	0.0
1696241940.0			0.0	13.43	90.6	0	0	1007.12	15.01	15.63	6.13	0.31	0.0
1696242000.0			0.0	13.5	91.0	0	0	1007.12	15.19	15.62	6.13	0.31	0.0
1696242060.0			0.0	13.48	90.8	0	0	1007.12	15.19	15.55	6.13	0.33	0.0
1696242120.0			0.0	13.45	90.6	0	0	1007.12	15.19	15.48	6.13	0.34	0.0
1696242180.0			0.0	13.43	90.4	0	0	1007.12	15.19	15.41	1.19	0.35	0.0
1696242240.0			0.0	13.4	90.2	0	0	1007.12	15.19	15.34	1.19	0.36	0.0
1696242300.0			0.0	13.38	90.0	0	0	1007.12	15.19	15.27	1.19	0.38	0.0
1696242360.0			0.0	13.36	90.0	0	0	1007.12	15.18	15.29	1.19	0.38	0.0
1696242420.0			0.0	13.35	90.0	0	0	1007.12	15.16	15.3	1.19	0.38	0.0
1696242480.0			0.0	13.34	90.0	0	0	1007.12	15.15	15.31	2.13	0.38	0.0
1696242540.0			0.0	13.33	90.0	0	0	1007.12	15.14	15.33	2.13	0.38	0.0
1696242600.0			0.0	13.31	90.0	0	0	1007.12	15.13	15.34	2.13	0.38	0.0
1696242660.0			0.0	13.33	90.0	0	0	1007.12	15.14	15.35	2.13	0.38	0.0
1696242720.0			0.0	13.34	90.0	0	0	1007.12	15.15	15.36	2.13	0.38	0.0
1696242780.0			0.0	13.35	90.0	0	0	1007.12	15.16	15.38	0.0	0.38	0.0
1696242840.0			0.0	13.36	90.0	0	0	1007.12	15.18	15.39	0.0	0.38	0.0
1696242900.0			0.0	13.38	90.0	0	0	1007.12	15.19	15.4	0.0	0.38	0.0
1696242960.0			0.0	13.38	90.0	0	0	1007.12	15.19	15.41	0.0	0.38	0.0
1696243020.0			0.0	13.38	90.0	0	0	1007.12	15.19	15.43	0.0	0.38	0.0
1696243080.0			0.0	13.38	90.0	0	0	1007.12	15.19	15.44	1.19	0.38	0.0
1696243140.0			0.0	13.38	90.0	0	0	1007.12	15.19	15.45	1.19	0.38	0.0
1696243200.0			0.0	13.38	90.0	0	0	1007.12	15.19	15.47	1.19	0.38	0.0
1696243260.0			0.0	13.38	90.0	0	0	1007.12	15.19	15.48	1.19	0.36	0.0
1696243320.0			0.0	13.38	90.0	0	0	1007.12	15.19	15.49	1.19	0.35	0.0
1696243380.0			0.0	13.38	90.0	0	0	1007.12	15.19	15.5	4.5	0.34	0.0
1696243440.0			0.0	13.38	90.0	0	0	1007.12	15.19	15.52	4.5	0.33	0.0
1696243500.0			0.0	13.38	90.0	0	0	1007.12	15.19	15.53	4.5	0.31	0.0
1696243560.0			0.0	13.38	90.0	0	0	1007.13	15.19	15.54	4.5	0.31	0.0
1696243620.0			0.0	13.38	90.0	0	0	1007.13	15.19	15.55	4.5	0.31	0.0
1696243680.0			0.0	13.38	90.0	0	0	1007.13	15.19	15.57	5.19	0.31	0.0
1696243740.0			0.0	13.38	90.0	0	0	1007.13	15.19	15.58	5.19	0.31	0.0
1696243800.0			0.0	13.38	90.0	0	0	1007.13	15.19	15.59	5.19	0.31	0.0
1696243860.0			0.0	13.38	90.0	0	0	1007.13	15.19	15.59	5.19	0.31	0.0
1696243920.0			0.0	13.38	90.0	0	0	1007.13	15.19	15.59	5.19	0.31	0.0
1696243980.0			0.0	13.38	90.0	0	0	1007.13	15.19	15.59	5.19	0.31	0.0
1696244040.0			0.0	13.38	90.0	0	0	1007.13	15.19	15.59	5.19	0.31	0.0
1696244100.0			0.0	13.38	90.0	0	0	1007.13	15.19	15.59	5.19	0.31	0.0
1696244160.0			0.0	13.38	90.0	0	0	1007.13	15.19	15.59	5.19	0.31	0.0
1696244220.0			0.0	13.38	90.0	0	0	1007.13	15.19	15.59	5.19	0.31	0.0
1696244280.0			0.0	13.38	90.0	0	0	1007.13	15.19	15.59	5.19	0.31	0.0
1696244340.0			0.0	13.38	90.0	0	0	1007.13	15.19	15.59	5.19	0.31	0.0
1696244400.0			0.0	13.38	90.0	0	0	1007.13	15.19	15.59	5.19	0.31	0.0
