-300000 0
-299900 3
-299800 20
-299700 10
-299600 5
-299500 3
-299400 3
-299300 7
-299200 23
-299100 23
-299000 4
-298900 4
-298800 1
-298700 1
-298600 1
-298500 1
-298400 0
-298300 1
-298200 0
-298100 1
-298000 5
-297900 1
-297800 1
-297700 1
-297600 1
-297500 3
-297400 5
-297300 1
-297200 0
-297100 0
-297000 0
-296900 0
-296800 1
-296700 1
-296600 0
-296500 2
-296400 1
-296300 1
-296200 2
-296100 1
-296000 0
-295900 0
-295800 0
-295700 1
-295600 2
-295500 2
-295400 1
-295300 1
-295200 0
-295100 1
-295000 1
-294900 2
-294800 1
-294700 2
-294600 0
-294500 4
-294400 6
-294300 2
-294200 2
-294100 2
-294000 0
-293900 3
-293800 0
-293700 2
-293600 0
-293500 0
-293400 12
-293300 9
-293200 22
-293100 234
-293000 1876
-292900 5126
-292800 4332
-292700 1141
-292600 114
-292500 17
-292400 5
-292300 1
-292200 1
-292100 2
-292000 1
-291900 0
-291800 2
-291700 0
-291600 0
-291500 0
-291400 5
-291300 1
-291200 2
-291100 2
-291000 1
-290900 1
-290800 1
-290700 0
-290600 0
-290500 2
-290400 1
-290300 1
-290200 0
-290100 0
-290000 0
-289900 0
-289800 3
-289700 1
-289600 2
-289500 0
-289400 0
-289300 1
-289200 1
-289100 0
-289000 0
-288900 0
-288800 2
-288700 0
-288600 2
-288500 1
-288400 2
-288300 1
-288200 6
-288100 15
-288000 32
-287900 27
-287800 9
-287700 2
-287600 2
-287500 1
-287400 0
-287300 0
-287200 0
-287100 2
-287000 0
-286900 2
-286800 5
-286700 18
-286600 18
-286500 13
-286400 5
-286300 2
-286200 6
-286100 18
-286000 16
-285900 18
-285800 7
-285700 1
-285600 2
-285500 0
-285400 2
-285300 0
-285200 2
-285100 1
-285000 2
-284900 5
-284800 0
-284700 2
-284600 0
-284500 1
-284400 1
-284300 2
-284200 2
-284100 0
-284000 1
-283900 1
-283800 0
-283700 0
-283600 3
-283500 1
-283400 2
-283300 2
-283200 0
-283100 2
-283000 1
-282900 0
-282800 0
-282700 2
-282600 0
-282500 0
-282400 3
-282300 0
-282200 1
-282100 0
-282000 0
-281900 0
-281800 0
-281700 2
-281600 1
-281500 0
-281400 0
-281300 4
-281200 1
-281100 1
-281000 0
-280900 0
-280800 0
-280700 0
-280600 1
-280500 0
-280400 1
-280300 8
-280200 8
-280100 11
-280000 79
-279900 941
-279800 3990
-279700 5579
-279600 2187
-279500 318
-279400 25
-279300 10
-279200 6
-279100 4
-279000 1
-278900 1
-278800 3
-278700 1
-278600 1
-278500 1
-278400 0
-278300 2
-278200 1
-278100 0
-278000 2
-277900 2
-277800 0
-277700 0
-277600 2
-277500 1
-277400 1
-277300 1
-277200 2
-277100 0
-277000 0
-276900 0
-276800 0
-276700 0
-276600 0
-276500 0
-276400 1
-276300 0
-276200 1
-276100 0
-276000 0
-275900 0
-275800 0
-275700 1
-275600 1
-275500 0
-275400 1
-275300 2
-275200 1
-275100 2
-275000 14
-274900 37
-274800 48
-274700 18
-274600 6
-274500 2
-274400 2
-274300 0
-274200 1
-274100 0
-274000 0
-273900 3
-273800 1
-273700 0
-273600 11
-273500 19
-273400 11
-273300 9
-273200 5
-273100 7
-273000 20
-272900 22
-272800 13
-272700 8
-272600 2
-272500 1
-272400 3
-272300 1
-272200 0
-272100 0
-272000 0
-271900 1
-271800 1
-271700 3
-271600 1
-271500 2
-271400 2
-271300 0
-271200 0
-271100 4
-271000 0
-270900 0
-270800 1
-270700 4
-270600 2
-270500 0
-270400 1
-270300 0
-270200 1
-270100 1
-270000 1
-269900 1
-269800 0
-269700 1
-269600 1
-269500 0
-269400 2
-269300 0
-269200 0
-269100 0
-269000 2
-268900 0
-268800 1
-268700 1
-268600 0
-268500 2
-268400 0
-268300 2
-268200 3
-268100 1
-268000 4
-267900 1
-267800 0
-267700 0
-267600 1
-267500 2
-267400 2
-267300 0
-267200 1
-267100 7
-267000 8
-266900 28
-266800 414
-266700 2757
-266600 5742
-266500 3471
-266400 622
-266300 59
-266200 11
-266100 10
-266000 6
-265900 1
-265800 1
-265700 0
-265600 1
-265500 1
-265400 0
-265300 1
-265200 2
-265100 0
-265000 1
-264900 1
-264800 1
-264700 0
-264600 1
-264500 1
-264400 0
-264300 0
-264200 1
-264100 0
-264000 1
-263900 1
-263800 1
-263700 0
-263600 0
-263500 1
-263400 1
-263300 2
-263200 1
-263100 1
-263000 1
-262900 1
-262800 1
-262700 1
-262600 2
-262500 0
-262400 2
-262300 0
-262200 0
-262100 2
-262000 2
-261900 5
-261800 21
-261700 44
-261600 19
-261500 8
-261400 0
-261300 1
-261200 2
-261100 0
-261000 0
-260900 3
-260800 0
-260700 0
-260600 2
-260500 4
-260400 16
-260300 26
-260200 11
-260100 1
-260000 4
-259900 14
-259800 21
-259700 22
-259600 5
-259500 1
-259400 0
-259300 1
-259200 2
-259100 0
-259000 2
-258900 1
-258800 3
-258700 1
-258600 2
-258500 0
-258400 1
-258300 2
-258200 0
-258100 2
-258000 3
-257900 2
-257800 1
-257700 1
-257600 0
-257500 1
-257400 0
-257300 0
-257200 2
-257100 1
-257000 0
-256900 0
-256800 0
-256700 1
-256600 0
-256500 1
-256400 2
-256300 1
-256200 0
-256100 2
-256000 0
-255900 0
-255800 0
-255700 4
-255600 0
-255500 1
-255400 1
-255300 0
-255200 2
-255100 3
-255000 3
-254900 2
-254800 1
-254700 0
-254600 1
-254500 1
-254400 0
-254300 1
-254200 2
-254100 2
-254000 5
-253900 8
-253800 16
-253700 187
-253600 1744
-253500 5115
-253400 4621
-253300 1227
-253200 95
-253100 12
-253000 5
-252900 5
-252800 0
-252700 3
-252600 0
-252500 0
-252400 2
-252300 1
-252200 2
-252100 2
-252000 5
-251900 3
-251800 1
-251700 2
-251600 1
-251500 0
-251400 1
-251300 1
-251200 2
-251100 0
-251000 0
-250900 0
-250800 0
-250700 0
-250600 1
-250500 1
-250400 2
-250300 0
-250200 1
-250100 1
-250000 1
-249900 1
-249800 0
-249700 1
-249600 0
-249500 0
-249400 0
-249300 1
-249200 0
-249100 2
-249000 2
-248900 3
-248800 3
-248700 18
-248600 31
-248500 26
-248400 7
-248300 2
-248200 1
-248100 1
-248000 2
-247900 0
-247800 1
-247700 1
-247600 1
-247500 0
-247400 4
-247300 14
-247200 8
-247100 20
-247000 10
-246900 2
-246800 9
-246700 23
-246600 16
-246500 17
-246400 4
-246300 3
-246200 0
-246100 4
-246000 1
-245900 3
-245800 1
-245700 1
-245600 0
-245500 1
-245400 2
-245300 0
-245200 0
-245100 0
-245000 2
-244900 2
-244800 2
-244700 1
-244600 0
-244500 1
-244400 0
-244300 1
-244200 1
-244100 1
-244000 0
-243900 0
-243800 0
-243700 2
-243600 0
-243500 2
-243400 1
-243300 0
-243200 1
-243100 0
-243000 0
-242900 1
-242800 0
-242700 1
-242600 0
-242500 0
-242400 0
-242300 1
-242200 1
-242100 1
-242000 2
-241900 2
-241800 1
-241700 0
-241600 1
-241500 0
-241400 1
-241300 1
-241200 1
-241100 1
-241000 1
-240900 6
-240800 4
-240700 11
-240600 70
-240500 775
-240400 3978
-240300 5616
-240200 2352
-240100 320
-240000 24
-239900 5
-239800 3
-239700 3
-239600 2
-239500 1
-239400 1
-239300 0
-239200 1
-239100 2
-239000 0
-238900 2
-238800 3
-238700 0
-238600 2
-238500 0
-238400 0
-238300 0
-238200 0
-238100 0
-238000 0
-237900 0
-237800 0
-237700 0
-237600 2
-237500 2
-237400 4
-237300 2
-237200 0
-237100 2
-237000 2
-236900 1
-236800 1
-236700 0
-236600 1
-236500 2
-236400 1
-236300 0
-236200 2
-236100 0
-236000 0
-235900 1
-235800 2
-235700 5
-235600 9
-235500 18
-235400 32
-235300 20
-235200 5
-235100 1
-235000 4
-234900 4
-234800 1
-234700 2
-234600 1
-234500 2
-234400 1
-234300 1
-234200 6
-234100 11
-234000 13
-233900 6
-233800 5
-233700 5
-233600 4
-233500 25
-233400 23
-233300 8
-233200 3
-233100 1
-233000 3
-232900 0
-232800 2
-232700 3
-232600 1
-232500 3
-232400 1
-232300 2
-232200 0
-232100 1
-232000 0
-231900 1
-231800 0
-231700 5
-231600 5
-231500 0
-231400 2
-231300 2
-231200 2
-231100 1
-231000 1
-230900 1
-230800 0
-230700 1
-230600 0
-230500 1
-230400 0
-230300 2
-230200 1
-230100 2
-230000 1
-229900 2
-229800 1
-229700 1
-229600 4
-229500 0
-229400 2
-229300 3
-229200 0
-229100 0
-229000 1
-228900 0
-228800 1
-228700 2
-228600 4
-228500 0
-228400 1
-228300 0
-228200 1
-228100 1
-228000 2
-227900 4
-227800 5
-227700 6
-227600 11
-227500 26
-227400 326
-227300 2472
-227200 5599
-227100 3852
-227000 743
-226900 56
-226800 7
-226700 7
-226600 4
-226500 1
-226400 1
-226300 1
-226200 1
-226100 1
-226000 0
-225900 0
-225800 1
-225700 1
-225600 0
-225500 1
-225400 0
-225300 2
-225200 0
-225100 2
-225000 0
-224900 0
-224800 3
-224700 2
-224600 0
-224500 0
-224400 1
-224300 2
-224200 0
-224100 1
-224000 1
-223900 1
-223800 0
-223700 0
-223600 0
-223500 2
-223400 0
-223300 0
-223200 1
-223100 1
-223000 0
-222900 2
-222800 1
-222700 8
-222600 3
-222500 6
-222400 24
-222300 34
-222200 20
-222100 8
-222000 3
-221900 3
-221800 2
-221700 1
-221600 1
-221500 0
-221400 0
-221300 0
-221200 0
-221100 3
-221000 16
-220900 19
-220800 20
-220700 3
-220600 0
-220500 11
-220400 18
-220300 23
-220200 7
-220100 2
-220000 1
-219900 1
-219800 2
-219700 2
-219600 0
-219500 1
-219400 1
-219300 1
-219200 0
-219100 3
-219000 1
-218900 2
-218800 1
-218700 0
-218600 1
-218500 2
-218400 0
-218300 0
-218200 0
-218100 0
-218000 1
-217900 0
-217800 0
-217700 0
-217600 1
-217500 1
-217400 2
-217300 1
-217200 2
-217100 2
-217000 1
-216900 1
-216800 0
-216700 2
-216600 0
-216500 1
-216400 0
-216300 0
-216200 0
-216100 0
-216000 0
-215900 1
-215800 1
-215700 1
-215600 1
-215500 3
-215400 4
-215300 0
-215200 0
-215100 1
-215000 0
-214900 0
-214800 0
-214700 4
-214600 6
-214500 8
-214400 20
-214300 189
-214200 1710
-214100 5392
-214000 4633
-213900 1123
-213800 86
-213700 16
-213600 6
-213500 3
-213400 1
-213300 0
-213200 0
-213100 0
-213000 1
-212900 0
-212800 1
-212700 0
-212600 1
-212500 0
-212400 1
-212300 1
-212200 1
-212100 0
-212000 1
-211900 1
-211800 1
-211700 0
-211600 0
-211500 0
-211400 0
-211300 0
-211200 0
-211100 2
-211000 2
-210900 0
-210800 0
-210700 1
-210600 0
-210500 2
-210400 1
-210300 0
-210200 0
-210100 2
-210000 0
-209900 0
-209800 2
-209700 0
-209600 1
-209500 4
-209400 3
-209300 14
-209200 32
-209100 40
-209000 9
-208900 6
-208800 3
-208700 0
-208600 1
-208500 1
-208400 0
-208300 0
-208200 2
-208100 1
-208000 6
-207900 24
-207800 44
-207700 24
-207600 7
-207500 3
-207400 26
-207300 42
-207200 30
-207100 15
-207000 4
-206900 1
-206800 1
-206700 1
-206600 0
-206500 0
-206400 1
-206300 1
-206200 0
-206100 1
-206000 2
-205900 0
-205800 1
-205700 0
-205600 1
-205500 2
-205400 1
-205300 0
-205200 1
-205100 0
-205000 0
-204900 1
-204800 1
-204700 4
-204600 0
-204500 0
-204400 2
-204300 0
-204200 0
-204100 0
-204000 0
-203900 0
-203800 1
-203700 0
-203600 0
-203500 1
-203400 1
-203300 0
-203200 0
-203100 2
-203000 1
-202900 2
-202800 2
-202700 1
-202600 1
-202500 2
-202400 5
-202300 2
-202200 1
-202100 0
-202000 1
-201900 1
-201800 2
-201700 3
-201600 1
-201500 6
-201400 4
-201300 12
-201200 95
-201100 955
-201000 4289
-200900 5391
-200800 1950
-200700 217
-200600 13
-200500 12
-200400 6
-200300 4
-200200 3
-200100 1
-200000 0
-199900 0
-199800 1
-199700 0
-199600 0
-199500 2
-199400 4
-199300 0
-199200 0
-199100 0
-199000 0
-198900 4
-198800 2
-198700 1
-198600 1
-198500 0
-198400 1
-198300 1
-198200 1
-198100 0
-198000 0
-197900 1
-197800 1
-197700 0
-197600 1
-197500 2
-197400 1
-197300 0
-197200 0
-197100 0
-197000 1
-196900 0
-196800 0
-196700 0
-196600 0
-196500 1
-196400 6
-196300 1
-196200 8
-196100 39
-196000 46
-195900 9
-195800 1
-195700 2
-195600 0
-195500 2
-195400 0
-195300 1
-195200 0
-195100 1
-195000 3
-194900 1
-194800 7
-194700 18
-194600 13
-194500 10
-194400 2
-194300 5
-194200 11
-194100 20
-194000 18
-193900 4
-193800 3
-193700 1
-193600 2
-193500 2
-193400 0
-193300 1
-193200 0
-193100 3
-193000 0
-192900 0
-192800 1
-192700 0
-192600 0
-192500 1
-192400 2
-192300 1
-192200 2
-192100 3
-192000 1
-191900 0
-191800 0
-191700 0
-191600 1
-191500 2
-191400 1
-191300 0
-191200 0
-191100 3
-191000 0
-190900 1
-190800 3
-190700 1
-190600 0
-190500 2
-190400 0
-190300 1
-190200 1
-190100 0
-190000 1
-189900 0
-189800 1
-189700 3
-189600 2
-189500 1
-189400 1
-189300 6
-189200 5
-189100 2
-189000 0
-188900 1
-188800 2
-188700 1
-188600 0
-188500 1
-188400 6
-188300 6
-188200 8
-188100 28
-188000 384
-187900 2771
-187800 5833
-187700 3503
-187600 608
-187500 38
-187400 8
-187300 5
-187200 3
-187100 2
-187000 1
-186900 0
-186800 0
-186700 0
-186600 0
-186500 1
-186400 1
-186300 1
-186200 0
-186100 1
-186000 1
-185900 1
-185800 0
-185700 0
-185600 1
-185500 2
-185400 0
-185300 1
-185200 0
-185100 1
-185000 0
-184900 0
-184800 1
-184700 2
-184600 3
-184500 1
-184400 0
-184300 0
-184200 1
-184100 1
-184000 0
-183900 1
-183800 0
-183700 1
-183600 1
-183500 0
-183400 0
-183300 2
-183200 2
-183100 4
-183000 16
-182900 35
-182800 27
-182700 3
-182600 1
-182500 2
-182400 0
-182300 2
-182200 1
-182100 0
-182000 0
-181900 1
-181800 0
-181700 8
-181600 18
-181500 10
-181400 8
-181300 3
-181200 7
-181100 11
-181000 26
-180900 13
-180800 12
-180700 4
-180600 2
-180500 1
-180400 1
-180300 1
-180200 0
-180100 1
-180000 1
-179900 1
-179800 1
-179700 0
-179600 0
-179500 0
-179400 0
-179300 0
-179200 2
-179100 1
-179000 2
-178900 2
-178800 1
-178700 0
-178600 1
-178500 2
-178400 0
-178300 0
-178200 0
-178100 1
-178000 0
-177900 2
-177800 0
-177700 2
-177600 0
-177500 0
-177400 0
-177300 2
-177200 0
-177100 0
-177000 0
-176900 0
-176800 0
-176700 1
-176600 2
-176500 2
-176400 0
-176300 2
-176200 7
-176100 4
-176000 1
-175900 1
-175800 0
-175700 1
-175600 3
-175500 3
-175400 0
-175300 1
-175200 6
-175100 8
-175000 20
-174900 124
-174800 1432
-174700 4961
-174600 4921
-174500 1354
-174400 121
-174300 12
-174200 10
-174100 9
-174000 3
-173900 1
-173800 5
-173700 0
-173600 1
-173500 0
-173400 1
-173300 0
-173200 2
-173100 3
-173000 2
-172900 0
-172800 0
-172700 1
-172600 2
-172500 1
-172400 1
-172300 1
-172200 1
-172100 2
-172000 0
-171900 0
-171800 1
-171700 2
-171600 1
-171500 0
-171400 1
-171300 1
-171200 0
-171100 0
-171000 0
-170900 1
-170800 1
-170700 1
-170600 0
-170500 1
-170400 1
-170300 1
-170200 2
-170100 2
-170000 0
-169900 10
-169800 48
-169700 21
-169600 13
-169500 2
-169400 1
-169300 2
-169200 1
-169100 2
-169000 0
-168900 2
-168800 0
-168700 1
-168600 3
-168500 9
-168400 16
-168300 12
-168200 8
-168100 4
-168000 6
-167900 20
-167800 24
-167700 15
-167600 7
-167500 0
-167400 0
-167300 1
-167200 0
-167100 1
-167000 1
-166900 1
-166800 2
-166700 1
-166600 4
-166500 3
-166400 0
-166300 0
-166200 1
-166100 2
-166000 5
-165900 0
-165800 2
-165700 0
-165600 0
-165500 1
-165400 2
-165300 3
-165200 0
-165100 0
-165000 1
-164900 1
-164800 0
-164700 1
-164600 1
-164500 2
-164400 2
-164300 0
-164200 0
-164100 1
-164000 0
-163900 0
-163800 1
-163700 2
-163600 1
-163500 1
-163400 2
-163300 1
-163200 2
-163100 2
-163000 11
-162900 7
-162800 1
-162700 0
-162600 1
-162500 1
-162400 2
-162300 1
-162200 3
-162100 6
-162000 9
-161900 12
-161800 59
-161700 732
-161600 3786
-161500 5593
-161400 2359
-161300 319
-161200 20
-161100 13
-161000 9
-160900 6
-160800 2
-160700 0
-160600 2
-160500 4
-160400 2
-160300 0
-160200 1
-160100 2
-160000 3
-159900 1
-159800 2
-159700 2
-159600 0
-159500 0
-159400 2
-159300 4
-159200 0
-159100 1
-159000 0
-158900 1
-158800 0
-158700 1
-158600 1
-158500 1
-158400 0
-158300 0
-158200 0
-158100 1
-158000 0
-157900 1
-157800 0
-157700 1
-157600 0
-157500 0
-157400 1
-157300 2
-157200 1
-157100 2
-157000 2
-156900 4
-156800 12
-156700 34
-156600 40
-156500 10
-156400 4
-156300 4
-156200 2
-156100 1
-156000 0
-155900 1
-155800 3
-155700 1
-155600 0
-155500 2
-155400 2
-155300 29
-155200 23
-155100 11
-155000 5
-154900 0
-154800 12
-154700 22
-154600 26
-154500 11
-154400 2
-154300 1
-154200 4
-154100 2
-154000 1
-153900 0
-153800 1
-153700 2
-153600 0
-153500 1
-153400 1
-153300 0
-153200 0
-153100 3
-153000 1
-152900 2
-152800 0
-152700 0
-152600 1
-152500 0
-152400 0
-152300 0
-152200 2
-152100 1
-152000 0
-151900 0
-151800 1
-151700 1
-151600 0
-151500 2
-151400 0
-151300 1
-151200 0
-151100 0
-151000 0
-150900 0
-150800 1
-150700 1
-150600 1
-150500 1
-150400 1
-150300 2
-150200 3
-150100 4
-150000 1
-149900 7
-149800 1
-149700 1
-149600 0
-149500 0
-149400 0
-149300 0
-149200 2
-149100 0
-149000 4
-148900 6
-148800 9
-148700 29
-148600 345
-148500 2385
-148400 5738
-148300 3690
-148200 649
-148100 52
-148000 10
-147900 6
-147800 4
-147700 2
-147600 2
-147500 0
-147400 2
-147300 1
-147200 1
-147100 1
-147000 1
-146900 2
-146800 0
-146700 0
-146600 0
-146500 0
-146400 0
-146300 1
-146200 2
-146100 1
-146000 0
-145900 2
-145800 1
-145700 1
-145600 0
-145500 0
-145400 1
-145300 2
-145200 0
-145100 1
-145000 0
-144900 0
-144800 1
-144700 0
-144600 0
-144500 0
-144400 0
-144300 0
-144200 0
-144100 1
-144000 1
-143900 3
-143800 1
-143700 6
-143600 20
-143500 58
-143400 13
-143300 7
-143200 1
-143100 1
-143000 0
-142900 1
-142800 4
-142700 0
-142600 2
-142500 0
-142400 1
-142300 5
-142200 10
-142100 21
-142000 12
-141900 6
-141800 0
-141700 5
-141600 13
-141500 17
-141400 15
-141300 1
-141200 2
-141100 2
-141000 0
-140900 1
-140800 1
-140700 0
-140600 1
-140500 0
-140400 0
-140300 3
-140200 1
-140100 2
-140000 1
-139900 2
-139800 1
-139700 1
-139600 0
-139500 0
-139400 0
-139300 2
-139200 2
-139100 1
-139000 0
-138900 2
-138800 1
-138700 0
-138600 0
-138500 0
-138400 0
-138300 1
-138200 1
-138100 0
-138000 1
-137900 2
-137800 0
-137700 2
-137600 2
-137500 3
-137400 0
-137300 0
-137200 1
-137100 1
-137000 1
-136900 0
-136800 1
-136700 3
-136600 3
-136500 1
-136400 2
-136300 0
-136200 0
-136100 1
-136000 3
-135900 2
-135800 4
-135700 4
-135600 15
-135500 109
-135400 1272
-135300 4858
-135200 5183
-135100 1516
-135000 114
-134900 10
-134800 11
-134700 7
-134600 3
-134500 1
-134400 1
-134300 3
-134200 1
-134100 1
-134000 0
-133900 0
-133800 2
-133700 2
-133600 1
-133500 1
-133400 2
-133300 0
-133200 0
-133100 0
-133000 1
-132900 0
-132800 1
-132700 0
-132600 0
-132500 1
-132400 2
-132300 0
-132200 0
-132100 0
-132000 0
-131900 2
-131800 1
-131700 2
-131600 0
-131500 0
-131400 1
-131300 0
-131200 0
-131100 1
-131000 1
-130900 1
-130800 3
-130700 1
-130600 5
-130500 9
-130400 40
-130300 38
-130200 8
-130100 4
-130000 0
-129900 5
-129800 2
-129700 0
-129600 1
-129500 2
-129400 0
-129300 3
-129200 3
-129100 7
-129000 28
-128900 12
-128800 4
-128700 3
-128600 5
-128500 16
-128400 22
-128300 21
-128200 4
-128100 1
-128000 1
-127900 0
-127800 1
-127700 1
-127600 0
-127500 0
-127400 2
-127300 1
-127200 1
-127100 0
-127000 0
-126900 0
-126800 3
-126700 1
-126600 4
-126500 2
-126400 2
-126300 1
-126200 2
-126100 0
-126000 0
-125900 1
-125800 0
-125700 0
-125600 1
-125500 1
-125400 1
-125300 1
-125200 0
-125100 0
-125000 1
-124900 0
-124800 3
-124700 1
-124600 0
-124500 1
-124400 0
-124300 2
-124200 0
-124100 2
-124000 1
-123900 1
-123800 3
-123700 3
-123600 4
-123500 3
-123400 0
-123300 0
-123200 1
-123100 0
-123000 1
-122900 1
-122800 0
-122700 4
-122600 7
-122500 11
-122400 51
-122300 582
-122200 3492
-122100 5846
-122000 2513
-121900 343
-121800 19
-121700 7
-121600 3
-121500 1
-121400 1
-121300 1
-121200 1
-121100 1
-121000 0
-120900 1
-120800 1
-120700 1
-120600 0
-120500 1
-120400 1
-120300 0
-120200 1
-120100 0
-120000 0
-119900 0
-119800 2
-119700 0
-119600 2
-119500 1
-119400 0
-119300 0
-119200 0
-119100 1
-119000 0
-118900 0
-118800 1
-118700 2
-118600 1
-118500 1
-118400 0
-118300 1
-118200 1
-118100 0
-118000 3
-117900 0
-117800 0
-117700 1
-117600 5
-117500 2
-117400 5
-117300 28
-117200 42
-117100 9
-117000 5
-116900 1
-116800 2
-116700 2
-116600 1
-116500 0
-116400 0
-116300 2
-116200 0
-116100 3
-116000 6
-115900 20
-115800 20
-115700 12
-115600 5
-115500 3
-115400 7
-115300 26
-115200 23
-115100 5
-115000 0
-114900 1
-114800 3
-114700 3
-114600 0
-114500 2
-114400 1
-114300 3
-114200 2
-114100 2
-114000 1
-113900 2
-113800 0
-113700 0
-113600 0
-113500 1
-113400 1
-113300 3
-113200 0
-113100 2
-113000 1
-112900 1
-112800 0
-112700 2
-112600 0
-112500 0
-112400 1
-112300 1
-112200 0
-112100 1
-112000 1
-111900 2
-111800 0
-111700 1
-111600 0
-111500 0
-111400 2
-111300 0
-111200 0
-111100 1
-111000 0
-110900 2
-110800 2
-110700 1
-110600 2
-110500 0
-110400 3
-110300 3
-110200 1
-110100 1
-110000 0
-109900 1
-109800 2
-109700 2
-109600 7
-109500 4
-109400 4
-109300 20
-109200 254
-109100 2327
-109000 5791
-108900 3987
-108800 757
-108700 71
-108600 10
-108500 5
-108400 7
-108300 2
-108200 1
-108100 2
-108000 2
-107900 0
-107800 0
-107700 1
-107600 2
-107500 1
-107400 4
-107300 1
-107200 0
-107100 0
-107000 0
-106900 0
-106800 0
-106700 0
-106600 1
-106500 2
-106400 2
-106300 0
-106200 2
-106100 1
-106000 1
-105900 0
-105800 1
-105700 1
-105600 0
-105500 4
-105400 1
-105300 0
-105200 0
-105100 0
-105000 1
-104900 1
-104800 1
-104700 0
-104600 1
-104500 1
-104400 4
-104300 5
-104200 19
-104100 46
-104000 25
-103900 8
-103800 4
-103700 1
-103600 1
-103500 1
-103400 0
-103300 0
-103200 1
-103100 1
-103000 1
-102900 3
-102800 15
-102700 12
-102600 24
-102500 7
-102400 1
-102300 8
-102200 21
-102100 25
-102000 10
-101900 3
-101800 1
-101700 0
-101600 0
-101500 1
-101400 0
-101300 2
-101200 2
-101100 3
-101000 3
-100900 2
-100800 2
-100700 1
-100600 0
-100500 1
-100400 1
-100300 1
-100200 0
-100100 1
-100000 1
-99900 1
-99800 1
-99700 0
-99600 0
-99500 1
-99400 1
-99300 0
-99200 1
-99100 0
-99000 1
-98900 0
-98800 0
-98700 1
-98600 0
-98500 1
-98400 0
-98300 1
-98200 2
-98100 0
-98000 1
-97900 0
-97800 3
-97700 1
-97600 0
-97500 2
-97400 1
-97300 4
-97200 1
-97100 2
-97000 0
-96900 2
-96800 2
-96700 2
-96600 3
-96500 1
-96400 6
-96300 9
-96200 12
-96100 85
-96000 999
-95900 4389
-95800 5546
-95700 1838
-95600 153
-95500 15
-95400 9
-95300 9
-95200 3
-95100 3
-95000 1
-94900 1
-94800 0
-94700 2
-94600 1
-94500 0
-94400 1
-94300 2
-94200 1
-94100 1
-94000 1
-93900 0
-93800 0
-93700 1
-93600 0
-93500 0
-93400 0
-93300 1
-93200 0
-93100 0
-93000 0
-92900 2
-92800 0
-92700 1
-92600 2
-92500 0
-92400 1
-92300 0
-92200 0
-92100 1
-92000 0
-91900 3
-91800 1
-91700 0
-91600 0
-91500 0
-91400 0
-91300 6
-91200 4
-91100 6
-91000 31
-90900 39
-90800 11
-90700 4
-90600 4
-90500 1
-90400 2
-90300 0
-90200 0
-90100 0
-90000 0
-89900 0
-89800 3
-89700 9
-89600 20
-89500 25
-89400 11
-89300 5
-89200 2
-89100 16
-89000 26
-88900 25
-88800 10
-88700 1
-88600 0
-88500 0
-88400 1
-88300 1
-88200 0
-88100 1
-88000 1
-87900 1
-87800 2
-87700 0
-87600 0
-87500 0
-87400 0
-87300 1
-87200 2
-87100 0
-87000 1
-86900 2
-86800 0
-86700 1
-86600 1
-86500 1
-86400 1
-86300 1
-86200 0
-86100 1
-86000 0
-85900 0
-85800 0
-85700 3
-85600 2
-85500 0
-85400 0
-85300 0
-85200 2
-85100 1
-85000 0
-84900 0
-84800 0
-84700 0
-84600 1
-84500 0
-84400 0
-84300 1
-84200 4
-84100 1
-84000 2
-83900 2
-83800 0
-83700 1
-83600 0
-83500 0
-83400 4
-83300 5
-83200 9
-83100 7
-83000 23
-82900 322
-82800 2456
-82700 6016
-82600 3692
-82500 619
-82400 40
-82300 10
-82200 11
-82100 2
-82000 4
-81900 4
-81800 1
-81700 1
-81600 0
-81500 0
-81400 1
-81300 2
-81200 4
-81100 1
-81000 2
-80900 2
-80800 1
-80700 1
-80600 0
-80500 0
-80400 1
-80300 3
-80200 0
-80100 0
-80000 1
-79900 0
-79800 1
-79700 0
-79600 0
-79500 1
-79400 0
-79300 2
-79200 0
-79100 0
-79000 1
-78900 0
-78800 1
-78700 0
-78600 2
-78500 4
-78400 1
-78300 1
-78200 1
-78100 1
-78000 6
-77900 23
-77800 42
-77700 13
-77600 2
-77500 5
-77400 0
-77300 1
-77200 2
-77100 0
-77000 1
-76900 4
-76800 0
-76700 4
-76600 7
-76500 18
-76400 21
-76300 12
-76200 3
-76100 3
-76000 18
-75900 22
-75800 17
-75700 9
-75600 0
-75500 1
-75400 0
-75300 1
-75200 0
-75100 1
-75000 1
-74900 2
-74800 2
-74700 1
-74600 1
-74500 2
-74400 2
-74300 1
-74200 5
-74100 1
-74000 0
-73900 0
-73800 1
-73700 2
-73600 0
-73500 1
-73400 0
-73300 1
-73200 0
-73100 2
-73000 2
-72900 2
-72800 0
-72700 3
-72600 2
-72500 0
-72400 0
-72300 0
-72200 0
-72100 2
-72000 0
-71900 1
-71800 2
-71700 1
-71600 1
-71500 0
-71400 2
-71300 3
-71200 0
-71100 5
-71000 4
-70900 0
-70800 0
-70700 2
-70600 2
-70500 1
-70400 1
-70300 2
-70200 4
-70100 4
-70000 11
-69900 28
-69800 276
-69700 2371
-69600 5738
-69500 3812
-69400 739
-69300 55
-69200 13
-69100 13
-69000 3
-68900 2
-68800 0
-68700 0
-68600 1
-68500 1
-68400 2
-68300 1
-68200 0
-68100 3
-68000 2
-67900 3
-67800 1
-67700 0
-67600 0
-67500 1
-67400 0
-67300 1
-67200 0
-67100 0
-67000 1
-66900 0
-66800 0
-66700 0
-66600 2
-66500 1
-66400 1
-66300 0
-66200 1
-66100 1
-66000 0
-65900 1
-65800 1
-65700 0
-65600 0
-65500 0
-65400 2
-65300 2
-65200 2
-65100 2
-65000 1
-64900 3
-64800 20
-64700 37
-64600 27
-64500 5
-64400 2
-64300 1
-64200 0
-64100 2
-64000 1
-63900 0
-63800 0
-63700 1
-63600 1
-63500 4
-63400 17
-63300 18
-63200 11
-63100 2
-63000 5
-62900 10
-62800 18
-62700 18
-62600 10
-62500 2
-62400 0
-62300 2
-62200 0
-62100 0
-62000 0
-61900 1
-61800 4
-61700 0
-61600 2
-61500 0
-61400 3
-61300 0
-61200 2
-61100 2
-61000 5
-60900 2
-60800 1
-60700 3
-60600 1
-60500 1
-60400 0
-60300 1
-60200 0
-60100 0
-60000 2
-59900 1
-59800 0
-59700 0
-59600 0
-59500 0
-59400 1
-59300 1
-59200 1
-59100 0
-59000 0
-58900 0
-58800 2
-58700 1
-58600 1
-58500 0
-58400 1
-58300 1
-58200 3
-58100 3
-58000 3
-57900 4
-57800 1
-57700 4
-57600 0
-57500 1
-57400 0
-57300 0
-57200 0
-57100 3
-57000 7
-56900 8
-56800 19
-56700 149
-56600 1521
-56500 5212
-56400 4895
-56300 1181
-56200 106
-56100 11
-56000 8
-55900 5
-55800 5
-55700 0
-55600 1
-55500 0
-55400 0
-55300 0
-55200 2
-55100 2
-55000 1
-54900 2
-54800 1
-54700 3
-54600 2
-54500 1
-54400 2
-54300 1
-54200 0
-54100 0
-54000 2
-53900 2
-53800 2
-53700 0
-53600 3
-53500 0
-53400 1
-53300 1
-53200 1
-53100 2
-53000 2
-52900 1
-52800 0
-52700 0
-52600 1
-52500 2
-52400 0
-52300 2
-52200 1
-52100 2
-52000 1
-51900 2
-51800 2
-51700 6
-51600 38
-51500 37
-51400 13
-51300 3
-51200 3
-51100 1
-51000 2
-50900 1
-50800 1
-50700 1
-50600 1
-50500 2
-50400 1
-50300 6
-50200 9
-50100 19
-50000 11
-49900 2
-49800 3
-49700 16
-49600 21
-49500 26
-49400 10
-49300 0
-49200 1
-49100 0
-49000 0
-48900 0
-48800 0
-48700 1
-48600 1
-48500 2
-48400 2
-48300 0
-48200 0
-48100 1
-48000 1
-47900 1
-47800 0
-47700 2
-47600 1
-47500 2
-47400 1
-47300 0
-47200 0
-47100 0
-47000 1
-46900 0
-46800 0
-46700 3
-46600 0
-46500 1
-46400 1
-46300 0
-46200 0
-46100 1
-46000 1
-45900 1
-45800 2
-45700 1
-45600 0
-45500 1
-45400 2
-45300 0
-45200 1
-45100 1
-45000 1
-44900 1
-44800 4
-44700 5
-44600 0
-44500 2
-44400 1
-44300 0
-44200 1
-44100 0
-44000 2
-43900 6
-43800 11
-43700 14
-43600 36
-43500 360
-43400 2818
-43300 6076
-43200 3289
-43100 484
-43000 37
-42900 14
-42800 5
-42700 11
-42600 0
-42500 0
-42400 0
-42300 3
-42200 1
-42100 0
-42000 0
-41900 0
-41800 5
-41700 2
-41600 1
-41500 0
-41400 1
-41300 0
-41200 1
-41100 0
-41000 0
-40900 0
-40800 0
-40700 1
-40600 0
-40500 6
-40400 0
-40300 1
-40200 2
-40100 0
-40000 0
-39900 0
-39800 2
-39700 1
-39600 1
-39500 0
-39400 2
-39300 0
-39200 0
-39100 0
-39000 0
-38900 1
-38800 1
-38700 2
-38600 4
-38500 21
-38400 42
-38300 28
-38200 3
-38100 4
-38000 2
-37900 3
-37800 1
-37700 1
-37600 0
-37500 0
-37400 0
-37300 0
-37200 4
-37100 14
-37000 16
-36900 12
-36800 4
-36700 4
-36600 5
-36500 21
-36400 22
-36300 7
-36200 5
-36100 3
-36000 1
-35900 1
-35800 0
-35700 1
-35600 1
-35500 0
-35400 2
-35300 1
-35200 1
-35100 3
-35000 1
-34900 1
-34800 2
-34700 3
-34600 2
-34500 0
-34400 1
-34300 1
-34200 2
-34100 3
-34000 1
-33900 1
-33800 0
-33700 0
-33600 0
-33500 0
-33400 3
-33300 0
-33200 2
-33100 1
-33000 0
-32900 3
-32800 2
-32700 0
-32600 2
-32500 1
-32400 0
-32300 1
-32200 0
-32100 3
-32000 1
-31900 2
-31800 1
-31700 0
-31600 3
-31500 0
-31400 0
-31300 1
-31200 2
-31100 0
-31000 3
-30900 1
-30800 8
-30700 11
-30600 19
-30500 22
-30400 169
-30300 1560
-30200 5253
-30100 4820
-30000 1116
-29900 72
-29800 7
-29700 7
-29600 3
-29500 2
-29400 1
-29300 0
-29200 1
-29100 1
-29000 0
-28900 0
-28800 1
-28700 2
-28600 3
-28500 0
-28400 1
-28300 1
-28200 0
-28100 1
-28000 3
-27900 1
-27800 0
-27700 2
-27600 1
-27500 1
-27400 1
-27300 1
-27200 0
-27100 0
-27000 1
-26900 0
-26800 1
-26700 1
-26600 0
-26500 0
-26400 0
-26300 0
-26200 0
-26100 2
-26000 1
-25900 0
-25800 1
-25700 3
-25600 3
-25500 3
-25400 23
-25300 44
-25200 12
-25100 5
-25000 4
-24900 0
-24800 1
-24700 0
-24600 0
-24500 1
-24400 0
-24300 0
-24200 1
-24100 4
-24000 13
-23900 27
-23800 7
-23700 4
-23600 2
-23500 12
-23400 14
-23300 16
-23200 9
-23100 3
-23000 2
-22900 0
-22800 1
-22700 0
-22600 1
-22500 0
-22400 1
-22300 0
-22200 0
-22100 3
-22000 0
-21900 0
-21800 2
-21700 4
-21600 5
-21500 0
-21400 0
-21300 0
-21200 1
-21100 0
-21000 0
-20900 1
-20800 0
-20700 0
-20600 0
-20500 2
-20400 3
-20300 1
-20200 1
-20100 0
-20000 1
-19900 2
-19800 1
-19700 2
-19600 2
-19500 0
-19400 0
-19300 2
-19200 1
-19100 1
-19000 0
-18900 2
-18800 0
-18700 1
-18600 3
-18500 6
-18400 1
-18300 0
-18200 1
-18100 0
-18000 0
-17900 1
-17800 0
-17700 1
-17600 4
-17500 13
-17400 29
-17300 261
-17200 2038
-17100 5617
-17000 4013
-16900 819
-16800 65
-16700 11
-16600 12
-16500 3
-16400 3
-16300 0
-16200 1
-16100 0
-16000 0
-15900 0
-15800 0
-15700 0
-15600 4
-15500 2
-15400 1
-15300 0
-15200 1
-15100 0
-15000 2
-14900 2
-14800 1
-14700 1
-14600 0
-14500 1
-14400 3
-14300 0
-14200 1
-14100 1
-14000 2
-13900 1
-13800 1
-13700 0
-13600 1
-13500 1
-13400 0
-13300 0
-13200 0
-13100 1
-13000 0
-12900 0
-12800 0
-12700 1
-12600 0
-12500 4
-12400 7
-12300 21
-12200 47
-12100 21
-12000 9
-11900 4
-11800 2
-11700 0
-11600 2
-11500 2
-11400 2
-11300 0
-11200 0
-11100 2
-11000 4
-10900 7
-10800 22
-10700 18
-10600 11
-10500 3
-10400 8
-10300 12
-10200 16
-10100 16
-10000 4
-9900 3
-9800 2
-9700 2
-9600 0
-9500 1
-9400 0
-9300 0
-9200 0
-9100 0
-9000 1
-8900 2
-8800 1
-8700 2
-8600 1
-8500 3
-8400 0
-8300 2
-8200 0
-8100 3
-8000 1
-7900 2
-7800 4
-7700 1
-7600 1
-7500 1
-7400 0
-7300 0
-7200 1
-7100 1
-7000 2
-6900 0
-6800 0
-6700 1
-6600 0
-6500 1
-6400 2
-6300 0
-6200 0
-6100 0
-6000 1
-5900 1
-5800 1
-5700 3
-5600 1
-5500 0
-5400 2
-5300 2
-5200 4
-5100 3
-5000 0
-4900 0
-4800 2
-4700 2
-4600 0
-4500 6
-4400 4
-4300 7
-4200 38
-4100 439
-4000 3304
-3900 6001
-3800 2986
-3700 375
-3600 25
-3500 5
-3400 8
-3300 3
-3200 1
-3100 0
-3000 0
-2900 1
-2800 0
-2700 1
-2600 0
-2500 0
-2400 3
-2300 2
-2200 1
-2100 2
-2000 0
-1900 1
-1800 0
-1700 1
-1600 1
-1500 0
-1400 3
-1300 2
-1200 1
-1100 3
-1000 1
-900 2
-800 2
-700 0
-600 1
-500 0
-400 1
-300 0
-200 0
-100 1
0 0
100 0
200 0
300 0
400 0
500 1
600 2
700 3
800 6
900 20
1000 36
1100 25
1200 2
1300 3
1400 2
1500 1
1600 1
1700 3
1800 0
1900 0
2000 1
2100 3
2200 4
2300 14
2400 9
2500 9
2600 2
2700 2
2800 14
2900 23
3000 21
3100 14
3200 1
3300 0
3400 2
3500 2
3600 2
3700 0
3800 0
3900 4
4000 2
4100 1
4200 0
4300 0
4400 0
4500 2
4600 2
4700 1
4800 0
4900 0
5000 2
5100 0
5200 3
5300 1
5400 0
5500 2
5600 0
5700 2
5800 0
5900 1
6000 3
6100 0
6200 0
6300 0
6400 0
6500 2
6600 2
6700 0
6800 0
6900 0
7000 0
7100 0
7200 0
7300 0
7400 1
7500 1
7600 2
7700 3
7800 1
7900 3
8000 0
8100 0
8200 1
8300 0
8400 2
8500 1
8600 5
8700 8
8800 22
8900 24
9000 232
9100 2548
9200 10666
9300 13170
9400 4181
9500 467
9600 37
9700 15
9800 23
9900 9
10000 3
10100 2
10200 4
10300 1
10400 1
10500 1
10600 0
10700 1
10800 2
10900 0
11000 1
11100 0
11200 0
11300 0
11400 1
11500 1
11600 0
11700 1
11800 2
11900 1
12000 1
12100 0
12200 1
12300 1
12400 0
12500 1
12600 1
12700 1
12800 2
12900 0
13000 1
13100 2
13200 3
13300 0
13400 0
13500 0
13600 1
13700 3
13800 2
13900 3
14000 5
14100 18
14200 39
14300 13
14400 3
14500 2
14600 1
14700 2
14800 0
14900 0
15000 1
15100 1
15200 2
15300 1
15400 10
15500 20
15600 20
15700 12
15800 4
15900 5
16000 18
16100 23
16200 20
16300 12
16400 1
16500 1
16600 1
16700 4
16800 0
16900 3
17000 0
17100 1
17200 3
17300 3
17400 0
17500 0
17600 0
17700 2
17800 0
17900 0
18000 2
18100 1
18200 1
18300 0
18400 0
18500 1
18600 0
18700 1
18800 1
18900 0
19000 3
19100 0
19200 1
19300 0
19400 2
19500 1
19600 0
19700 0
19800 0
19900 1
20000 2
20100 0
20200 0
20300 1
20400 0
20500 0
20600 1
20700 0
20800 2
20900 1
21000 1
21100 0
21200 0
21300 0
21400 2
21500 3
21600 1
21700 1
21800 3
21900 12
22000 10
22100 20
22200 414
22300 2791
22400 5973
22500 3301
22600 506
22700 45
22800 4
22900 7
23000 3
23100 3
23200 0
23300 1
23400 1
23500 1
23600 5
23700 1
23800 1
23900 3
24000 0
24100 1
24200 0
24300 1
24400 1
24500 1
24600 2
24700 1
24800 1
24900 1
25000 1
25100 2
25200 4
25300 2
25400 0
25500 2
25600 0
25700 0
25800 0
25900 0
26000 0
26100 1
26200 0
26300 1
26400 1
26500 0
26600 1
26700 0
26800 1
26900 4
27000 1
27100 7
27200 23
27300 37
27400 8
27500 4
27600 1
27700 2
27800 2
27900 0
28000 0
28100 0
28200 3
28300 1
28400 4
28500 9
28600 20
28700 16
28800 11
28900 2
29000 4
29100 16
29200 25
29300 24
29400 8
29500 1
29600 2
29700 0
29800 1
29900 0
30000 1
30100 0
30200 0
30300 3
30400 1
30500 2
30600 0
30700 0
30800 1
30900 2
31000 1
31100 2
31200 1
31300 1
31400 1
31500 2
31600 0
31700 3
31800 0
31900 0
32000 0
32100 2
32200 2
32300 1
32400 1
32500 0
32600 1
32700 2
32800 0
32900 1
33000 1
33100 0
33200 0
33300 0
33400 0
33500 2
33600 4
33700 3
33800 0
33900 0
34000 4
34100 4
34200 2
34300 0
34400 1
34500 1
34600 2
34700 1
34800 2
34900 6
35000 13
35100 10
35200 44
35300 496
35400 3425
35500 5831
35600 2758
35700 349
35800 22
35900 2
36000 13
36100 5
36200 2
36300 1
36400 1
36500 0
36600 1
36700 0
36800 2
36900 1
37000 8
37100 0
37200 1
37300 2
37400 2
37500 0
37600 1
37700 0
37800 1
37900 1
38000 1
38100 0
38200 2
38300 1
38400 0
38500 1
38600 0
38700 0
38800 0
38900 2
39000 1
39100 1
39200 2
39300 1
39400 2
39500 0
39600 1
39700 1
39800 1
39900 1
40000 0
40100 2
40200 3
40300 27
40400 25
40500 22
40600 3
40700 2
40800 0
40900 0
41000 1
41100 0
41200 0
41300 2
41400 1
41500 2
41600 8
41700 18
41800 17
41900 14
42000 1
42100 2
42200 13
42300 25
42400 22
42500 10
42600 2
42700 2
42800 1
42900 1
43000 0
43100 2
43200 0
43300 3
43400 0
43500 2
43600 2
43700 2
43800 1
43900 1
44000 1
44100 0
44200 1
44300 1
44400 0
44500 0
44600 0
44700 1
44800 0
44900 2
45000 0
45100 0
45200 1
45300 1
45400 0
45500 0
45600 2
45700 1
45800 0
45900 0
46000 0
46100 1
46200 1
46300 2
46400 0
46500 1
46600 1
46700 1
46800 0
46900 0
47000 1
47100 3
47200 4
47300 4
47400 0
47500 1
47600 1
47700 0
47800 0
47900 3
48000 3
48100 2
48200 8
48300 17
48400 131
48500 1508
48600 5203
48700 4739
48800 1167
48900 109
49000 18
49100 19
49200 14
49300 2
49400 1
49500 1
49600 0
49700 1
49800 0
49900 2
50000 2
50100 1
50200 0
50300 0
50400 1
50500 0
50600 2
50700 0
50800 1
50900 0
51000 0
51100 0
51200 1
51300 1
51400 0
51500 1
51600 2
51700 2
51800 2
51900 1
52000 0
52100 1
52200 2
52300 0
52400 0
52500 0
52600 1
52700 1
52800 0
52900 2
53000 0
53100 1
53200 6
53300 6
53400 31
53500 119
53600 116
53700 35
53800 6
53900 2
54000 2
54100 1
54200 0
54300 2
54400 1
54500 1
54600 4
54700 1
54800 12
54900 22
55000 20
55100 8
55200 5
55300 5
55400 16
55500 23
55600 13
55700 3
55800 0
55900 0
56000 0
56100 1
56200 0
56300 0
56400 1
56500 2
56600 4
56700 2
56800 0
56900 1
57000 1
57100 1
57200 3
57300 0
57400 1
57500 1
57600 1
57700 1
57800 0
57900 0
58000 1
58100 2
58200 1
58300 0
58400 1
58500 2
58600 1
58700 1
58800 1
58900 2
59000 2
59100 0
59200 0
59300 1
59400 1
59500 1
59600 0
59700 1
59800 1
59900 0
60000 0
60100 1
60200 3
60300 1
60400 2
60500 0
60600 2
60700 1
60800 0
60900 1
61000 2
61100 1
61200 4
61300 4
61400 13
61500 35
61600 530
61700 3320
61800 5885
61900 2797
62000 347
62100 39
62200 7
62300 5
62400 3
62500 2
62600 0
62700 1
62800 0
62900 3
63000 0
63100 1
63200 2
63300 2
63400 0
63500 0
63600 0
63700 0
63800 1
63900 1
64000 0
64100 2
64200 0
64300 2
64400 1
64500 0
64600 1
64700 0
64800 1
64900 1
65000 0
65100 0
65200 0
65300 0
65400 0
65500 0
65600 0
65700 1
65800 1
65900 1
66000 1
66100 1
66200 1
66300 1
66400 2
66500 4
66600 24
66700 41
66800 23
66900 3
67000 1
67100 2
67200 1
67300 1
67400 0
67500 0
67600 3
67700 0
67800 4
67900 7
68000 15
68100 19
68200 11
68300 4
68400 1
68500 16
68600 21
68700 16
68800 6
68900 0
69000 1
69100 1
69200 1
69300 0
69400 0
69500 0
69600 1
69700 4
69800 3
69900 0
70000 2
70100 0
70200 5
70300 1
70400 1
70500 3
70600 0
70700 0
70800 1
70900 1
71000 1
71100 0
71200 1
71300 0
71400 1
71500 1
71600 1
71700 2
71800 1
71900 2
72000 0
72100 0
72200 1
72300 1
72400 1
72500 0
72600 0
72700 0
72800 0
72900 1
73000 0
73100 1
73200 0
73300 2
73400 3
73500 1
73600 3
73700 0
73800 3
73900 1
74000 0
74100 2
74200 2
74300 2
74400 7
74500 9
74600 32
74700 349
74800 2765
74900 6031
75000 3482
75100 589
75200 48
75300 10
75400 11
75500 3
75600 2
75700 1
75800 1
75900 0
76000 1
76100 0
76200 1
76300 0
76400 5
76500 1
76600 2
76700 0
76800 0
76900 2
77000 1
77100 0
77200 1
77300 0
77400 1
77500 1
77600 2
77700 0
77800 2
77900 0
78000 0
78100 3
78200 0
78300 0
78400 1
78500 0
78600 0
78700 0
78800 0
78900 0
79000 2
79100 0
79200 1
79300 0
79400 3
79500 5
79600 4
79700 32
79800 43
79900 20
80000 3
80100 2
80200 0
80300 0
80400 0
80500 0
80600 0
80700 1
80800 1
80900 5
81000 6
81100 15
81200 15
81300 10
81400 4
81500 2
81600 15
81700 22
81800 15
81900 10
82000 1
82100 1
82200 0
82300 2
82400 0
82500 1
82600 2
82700 1
82800 2
82900 2
83000 2
83100 0
83200 1
83300 1
83400 0
83500 0
83600 0
83700 0
83800 0
83900 1
84000 1
84100 1
84200 1
84300 1
84400 0
84500 0
84600 0
84700 1
84800 0
84900 3
85000 0
85100 1
85200 0
85300 0
85400 0
85500 0
85600 0
85700 0
85800 1
85900 0
86000 0
86100 2
86200 0
86300 1
86400 1
86500 9
86600 2
86700 1
86800 0
86900 2
87000 0
87100 0
87200 0
87300 1
87400 1
87500 3
87600 5
87700 18
87800 187
87900 1777
88000 5565
88100 4492
88200 985
88300 59
88400 8
88500 6
88600 5
88700 3
88800 2
88900 1
89000 1
89100 0
89200 0
89300 0
89400 2
89500 2
89600 2
89700 3
89800 0
89900 2
90000 1
90100 1
90200 0
90300 0
90400 1
90500 0
90600 0
90700 2
90800 1
90900 2
91000 1
91100 1
91200 0
91300 1
91400 1
91500 1
91600 1
91700 0
91800 0
91900 0
92000 0
92100 1
92200 1
92300 1
92400 3
92500 3
92600 6
92700 3
92800 10
92900 29
93000 30
93100 5
93200 5
93300 1
93400 1
93500 3
93600 0
93700 0
93800 0
93900 0
94000 2
94100 2
94200 12
94300 20
94400 17
94500 10
94600 4
94700 8
94800 15
94900 21
95000 11
95100 5
95200 1
95300 2
95400 1
95500 0
95600 1
95700 1
95800 0
95900 2
96000 1
96100 1
96200 1
96300 1
96400 1
96500 0
96600 2
96700 1
96800 2
96900 0
97000 1
97100 0
97200 1
97300 0
97400 1
97500 0
97600 1
97700 0
97800 2
97900 2
98000 2
98100 1
98200 2
98300 2
98400 2
98500 1
98600 0
98700 1
98800 0
98900 0
99000 1
99100 0
99200 1
99300 0
99400 0
99500 0
99600 2
99700 4
99800 1
99900 0
100000 0
100100 1
100200 0
100300 0
100400 3
100500 4
100600 3
100700 4
100800 9
100900 48
101000 649
101100 3605
101200 5746
101300 2529
101400 326
101500 16
101600 12
101700 6
101800 7
101900 4
102000 1
102100 3
102200 1
102300 0
102400 0
102500 2
102600 2
102700 3
102800 2
102900 1
103000 1
103100 0
103200 0
103300 0
103400 0
103500 0
103600 2
103700 0
103800 1
103900 0
104000 0
104100 0
104200 2
104300 1
104400 2
104500 2
104600 1
104700 0
104800 1
104900 1
105000 1
105100 0
105200 1
105300 0
105400 0
105500 0
105600 2
105700 2
105800 3
105900 5
106000 24
106100 43
106200 19
106300 3
106400 2
106500 2
106600 0
106700 0
106800 1
106900 1
107000 1
107100 3
107200 1
107300 6
107400 10
107500 21
107600 5
107700 2
107800 6
107900 12
108000 24
108100 17
108200 7
108300 0
108400 0
108500 1
108600 1
108700 0
108800 1
108900 0
109000 0
109100 1
109200 3
109300 1
109400 1
109500 0
109600 1
109700 1
109800 2
109900 5
110000 0
110100 0
110200 0
110300 1
110400 0
110500 1
110600 2
110700 0
110800 1
110900 2
111000 0
111100 0
111200 1
111300 0
111400 0
111500 0
111600 1
111700 1
111800 0
111900 0
112000 3
112100 0
112200 0
112300 2
112400 1
112500 1
112600 0
112700 0
112800 3
112900 2
113000 0
113100 1
113200 0
113300 0
113400 1
113500 0
113600 5
113700 3
113800 7
113900 8
114000 23
114100 251
114200 2338
114300 5656
114400 3893
114500 696
114600 53
114700 9
114800 9
114900 2
115000 1
115100 2
115200 0
115300 0
115400 1
115500 0
115600 0
115700 3
115800 3
115900 0
116000 0
116100 0
116200 1
116300 0
116400 1
116500 1
116600 1
116700 1
116800 1
116900 1
117000 0
117100 0
117200 1
117300 0
117400 0
117500 2
117600 0
117700 0
117800 1
117900 0
118000 0
118100 0
118200 0
118300 1
118400 0
118500 0
118600 1
118700 1
118800 1
118900 3
119000 3
119100 26
119200 41
119300 21
119400 7
119500 2
119600 2
119700 2
119800 1
119900 2
120000 1
120100 4
120200 1
120300 0
120400 2
120500 17
120600 20
120700 6
120800 6
120900 4
121000 6
121100 23
121200 20
121300 9
121400 2
121500 1
121600 1
121700 3
121800 0
121900 0
122000 0
122100 1
122200 0
122300 4
122400 2
122500 0
122600 0
122700 0
122800 2
122900 4
123000 1
123100 1
123200 2
123300 1
123400 0
123500 0
123600 1
123700 1
123800 0
123900 1
124000 0
124100 1
124200 1
124300 2
124400 1
124500 1
124600 1
124700 0
124800 2
124900 0
125000 1
125100 0
125200 1
125300 1
125400 0
125500 0
125600 2
125700 2
125800 2
125900 0
126000 4
126100 2
126200 0
126300 0
126400 0
126500 1
126600 3
126700 1
126800 1
126900 2
127000 14
127100 14
127200 120
127300 1340
127400 5051
127500 4992
127600 1367
127700 115
127800 11
127900 6
128000 3
128100 3
128200 0
128300 0
128400 1
128500 0
128600 1
128700 0
128800 1
128900 1
129000 2
129100 3
129200 1
129300 0
129400 1
129500 1
129600 0
129700 0
129800 1
129900 1
130000 2
130100 2
130200 1
130300 1
130400 2
130500 0
130600 2
130700 1
130800 0
130900 0
131000 2
131100 0
131200 1
131300 1
131400 0
131500 0
131600 1
131700 4
131800 1
131900 3
132000 3
132100 3
132200 17
132300 44
132400 37
132500 13
132600 3
132700 1
132800 0
132900 0
133000 1
133100 0
133200 0
133300 0
133400 3
133500 4
133600 10
133700 22
133800 16
133900 6
134000 2
134100 3
134200 18
134300 28
134400 15
134500 1
134600 0
134700 2
134800 3
134900 0
135000 1
135100 1
135200 0
135300 1
135400 1
135500 0
135600 1
135700 0
135800 0
135900 2
136000 2
136100 1
136200 1
136300 1
136400 1
136500 0
136600 2
136700 1
136800 0
136900 3
137000 0
137100 0
137200 1
137300 2
137400 0
137500 0
137600 1
137700 2
137800 0
137900 0
138000 1
138100 0
138200 2
138300 2
138400 0
138500 0
138600 0
138700 1
138800 1
138900 1
139000 1
139100 4
139200 4
139300 0
139400 0
139500 0
139600 1
139700 0
139800 3
139900 0
140000 8
140100 7
140200 10
140300 46
140400 642
140500 3599
140600 5796
140700 2559
140800 335
140900 21
141000 3
141100 5
141200 5
141300 0
141400 1
141500 3
141600 0
141700 1
141800 2
141900 0
142000 3
142100 1
142200 4
142300 0
142400 2
142500 2
142600 1
142700 0
142800 0
142900 0
143000 1
143100 0
143200 2
143300 0
143400 1
143500 0
143600 0
143700 0
143800 2
143900 0
144000 1
144100 3
144200 0
144300 2
144400 0
144500 1
144600 0
144700 0
144800 1
144900 1
145000 0
145100 1
145200 1
145300 5
145400 32
145500 31
145600 11
145700 7
145800 0
145900 2
146000 1
146100 1
146200 0
146300 2
146400 0
146500 2
146600 0
146700 6
146800 14
146900 16
147000 10
147100 10
147200 5
147300 9
147400 21
147500 26
147600 8
147700 2
147800 0
147900 1
148000 2
148100 2
148200 0
148300 0
148400 2
148500 1
148600 1
148700 2
148800 1
148900 0
149000 0
149100 4
149200 2
149300 1
149400 0
149500 2
149600 2
149700 2
149800 0
149900 1
150000 0
150100 0
150200 1
150300 0
150400 0
150500 2
150600 3
150700 0
150800 0
150900 0
151000 0
151100 0
151200 0
151300 0
151400 2
151500 0
151600 0
151700 0
151800 0
151900 2
152000 0
152100 1
152200 2
152300 5
152400 2
152500 2
152600 0
152700 1
152800 1
152900 1
153000 1
153100 2
153200 4
153300 7
153400 14
153500 274
153600 2158
153700 5750
153800 4195
153900 829
154000 68
154100 6
154200 6
154300 7
154400 1
154500 0
154600 0
154700 2
154800 1
154900 2
155000 1
155100 2
155200 2
155300 3
155400 2
155500 0
155600 1
155700 0
155800 0
155900 0
156000 0
156100 0
156200 1
156300 1
156400 1
156500 1
156600 0
156700 1
156800 2
156900 2
157000 0
157100 1
157200 2
157300 0
157400 3
157500 1
157600 0
157700 0
157800 0
157900 1
158000 0
158100 3
158200 3
158300 3
158400 2
158500 27
158600 41
158700 26
158800 5
158900 1
159000 1
159100 0
159200 0
159300 1
159400 1
159500 3
159600 1
159700 0
159800 7
159900 15
160000 17
160100 22
160200 4
160300 1
160400 8
160500 24
160600 21
160700 16
160800 5
160900 2
161000 2
161100 1
161200 1
161300 2
161400 2
161500 0
161600 2
161700 0
161800 2
161900 0
162000 0
162100 4
162200 1
162300 2
162400 1
162500 0
162600 1
162700 0
162800 0
162900 0
163000 0
163100 0
163200 0
163300 0
163400 2
163500 1
163600 1
163700 0
163800 0
163900 0
164000 0
164100 0
164200 0
164300 0
164400 0
164500 0
164600 1
164700 0
164800 1
164900 0
165000 0
165100 1
165200 1
165300 4
165400 0
165500 3
165600 0
165700 1
165800 1
165900 2
166000 2
166100 2
166200 2
166300 5
166400 10
166500 7
166600 108
166700 1159
166800 4679
166900 5324
167000 1773
167100 161
167200 14
167300 11
167400 12
167500 3
167600 0
167700 1
167800 5
167900 0
168000 0
168100 0
168200 0
168300 2
168400 0
168500 2
168600 0
168700 2
168800 0
168900 1
169000 1
169100 1
169200 0
169300 1
169400 0
169500 0
169600 1
169700 0
169800 0
169900 1
170000 0
170100 0
170200 1
170300 1
170400 0
170500 3
170600 2
170700 0
170800 0
170900 0
171000 1
171100 2
171200 2
171300 1
171400 3
171500 3
171600 12
171700 36
171800 48
171900 9
172000 2
172100 4
172200 2
172300 0
172400 0
172500 0
172600 0
172700 1
172800 1
172900 2
173000 18
173100 29
173200 14
173300 5
173400 3
173500 5
173600 16
173700 27
173800 18
173900 6
174000 1
174100 1
174200 1
174300 3
174400 0
174500 3
174600 1
174700 2
174800 2
174900 0
175000 3
175100 1
175200 1
175300 0
175400 3
175500 3
175600 2
175700 0
175800 0
175900 1
176000 0
176100 2
176200 2
176300 0
176400 0
176500 2
176600 3
176700 0
176800 0
176900 1
177000 0
177100 1
177200 0
177300 2
177400 0
177500 1
177600 1
177700 3
177800 4
177900 1
178000 0
178100 1
178200 0
178300 1
178400 0
178500 2
178600 1
178700 2
178800 0
178900 1
179000 0
179100 2
179200 2
179300 1
179400 5
179500 7
179600 12
179700 47
179800 521
179900 3293
180000 5926
180100 2924
180200 449
180300 22
180400 7
180500 5
180600 9
180700 3
180800 0
180900 0
181000 0
181100 1
181200 1
181300 0
181400 1
181500 11
181600 0
181700 0
181800 1
181900 0
182000 2
182100 1
182200 0
182300 3
182400 0
182500 0
182600 0
182700 1
182800 2
182900 0
183000 0
183100 2
183200 2
183300 1
183400 2
183500 0
183600 3
183700 1
183800 0
183900 1
184000 2
184100 0
184200 0
184300 0
184400 0
184500 0
184600 7
184700 4
184800 18
184900 47
185000 16
185100 9
185200 2
185300 4
185400 0
185500 1
185600 0
185700 0
185800 0
185900 2
186000 2
186100 6
186200 13
186300 16
186400 12
186500 6
186600 6
186700 6
186800 19
186900 24
187000 8
187100 3
187200 1
187300 0
187400 1
187500 0
187600 0
187700 0
187800 1
187900 0
188000 4
188100 3
188200 1
188300 2
188400 0
188500 1
188600 2
188700 0
188800 0
188900 0
189000 0
189100 2
189200 1
189300 0
189400 0
189500 1
189600 0
189700 0
189800 1
189900 1
190000 1
190100 0
190200 1
190300 1
190400 0
190500 0
190600 1
190700 3
190800 1
190900 0
191000 1
191100 0
191200 0
191300 0
191400 1
191500 1
191600 0
191700 8
191800 3
191900 1
192000 0
192100 0
192200 1
192300 2
192400 1
192500 3
192600 10
192700 8
192800 20
192900 214
193000 1779
193100 5304
193200 4441
193300 1118
193400 80
193500 10
193600 9
193700 8
193800 4
193900 2
194000 0
194100 1
194200 0
194300 0
194400 1
194500 1
194600 2
194700 4
194800 1
194900 0
195000 0
195100 0
195200 0
195300 0
195400 0
195500 1
195600 2
195700 2
195800 2
195900 0
196000 2
196100 0
196200 0
196300 2
196400 2
196500 0
196600 0
196700 1
196800 1
196900 0
197000 0
197100 2
197200 1
197300 0
197400 0
197500 1
197600 6
197700 4
197800 4
197900 15
198000 37
198100 18
198200 6
198300 4
198400 4
198500 3
198600 1
198700 0
198800 0
198900 0
199000 1
199100 1
199200 3
199300 17
199400 20
199500 17
199600 7
199700 4
199800 8
199900 23
200000 31
200100 17
200200 8
200300 2
200400 0
200500 2
200600 2
200700 0
200800 0
200900 2
201000 4
201100 2
201200 1
201300 2
201400 2
201500 0
201600 0
201700 2
201800 1
201900 1
202000 1
202100 0
202200 0
202300 0
202400 0
202500 1
202600 4
202700 0
202800 1
202900 1
203000 0
203100 0
203200 0
203300 1
203400 0
203500 0
203600 0
203700 0
203800 1
203900 2
204000 0
204100 0
204200 0
204300 1
204400 0
204500 0
204600 0
204700 3
204800 3
204900 3
205000 2
205100 1
205200 1
205300 2
205400 3
205500 0
205600 2
205700 9
205800 6
205900 12
206000 94
206100 1032
206200 4364
206300 5564
206400 1912
206500 211
206600 20
206700 5
206800 7
206900 2
207000 0
207100 1
207200 1
207300 0
207400 0
207500 1
207600 4
207700 1
207800 3
207900 0
208000 3
208100 0
208200 0
208300 0
208400 1
208500 2
208600 0
208700 0
208800 1
208900 0
209000 1
209100 0
209200 0
209300 0
209400 0
209500 0
209600 0
209700 0
209800 0
209900 0
210000 0
210100 0
210200 0
210300 1
210400 0
210500 0
210600 0
210700 1
210800 1
210900 3
211000 7
211100 43
211200 26
211300 7
211400 2
211500 4
211600 1
211700 1
211800 1
211900 0
212000 2
212100 2
212200 2
212300 2
212400 9
212500 10
212600 17
212700 5
212800 2
212900 7
213000 19
213100 20
213200 12
213300 9
213400 2
213500 2
213600 3
213700 0
213800 0
213900 0
214000 0
214100 2
214200 4
214300 1
214400 0
214500 1
214600 1
214700 0
214800 2
214900 2
215000 1
215100 0
215200 1
215300 1
215400 3
215500 1
215600 1
215700 0
215800 1
215900 0
216000 1
216100 1
216200 1
216300 2
216400 1
216500 1
216600 0
216700 1
216800 1
216900 1
217000 1
217100 0
217200 1
217300 0
217400 1
217500 2
217600 1
217700 0
217800 2
217900 3
218000 3
218100 1
218200 0
218300 0
218400 1
218500 0
218600 2
218700 0
218800 5
218900 8
219000 7
219100 30
219200 500
219300 3059
219400 5836
219500 3083
219600 554
219700 33
219800 8
219900 11
220000 5
220100 2
220200 2
220300 0
220400 1
220500 0
220600 0
220700 0
220800 2
220900 1
221000 0
221100 0
221200 0
221300 0
221400 2
221500 1
221600 1
221700 1
221800 1
221900 1
222000 0
222100 2
222200 0
222300 1
222400 1
222500 1
222600 2
222700 0
222800 3
222900 3
223000 1
223100 1
223200 0
223300 0
223400 0
223500 1
223600 0
223700 1
223800 2
223900 2
224000 5
224100 3
224200 17
224300 29
224400 25
224500 3
224600 0
224700 1
224800 2
224900 0
225000 1
225100 0
225200 0
225300 0
225400 1
225500 4
225600 21
225700 23
225800 30
225900 9
226000 4
226100 16
226200 39
226300 40
226400 23
226500 4
226600 1
226700 0
226800 1
226900 0
227000 0
227100 0
227200 1
227300 0
227400 2
227500 0
227600 1
227700 1
227800 0
227900 0
228000 1
228100 1
228200 1
228300 0
228400 2
228500 1
228600 0
228700 1
228800 0
228900 1
229000 1
229100 1
229200 3
229300 2
229400 0
229500 0
229600 2
229700 0
229800 2
229900 0
230000 0
230100 2
230200 1
230300 2
230400 0
230500 2
230600 1
230700 0
230800 1
230900 1
231000 1
231100 2
231200 1
231300 0
231400 0
231500 1
231600 1
231700 1
231800 1
231900 4
232000 4
232100 12
232200 28
232300 303
232400 2293
232500 5544
232600 3963
232700 878
232800 69
232900 7
233000 9
233100 8
233200 3
233300 0
233400 0
233500 0
233600 1
233700 0
233800 2
233900 1
234000 1
234100 0
234200 0
234300 4
234400 1
234500 0
234600 2
234700 1
234800 0
234900 1
235000 0
235100 0
235200 0
235300 1
235400 0
235500 0
235600 1
235700 1
235800 1
235900 1
236000 1
236100 0
236200 0
236300 0
236400 1
236500 0
236600 1
236700 1
236800 0
236900 1
237000 3
237100 3
237200 2
237300 20
237400 40
237500 19
237600 7
237700 0
237800 2
237900 0
238000 0
238100 0
238200 1
238300 2
238400 2
238500 2
238600 3
238700 12
238800 14
238900 14
239000 3
239100 2
239200 8
239300 14
239400 16
239500 11
239600 6
239700 0
239800 1
239900 3
240000 0
240100 1
240200 0
240300 4
240400 0
240500 2
240600 1
240700 1
240800 0
240900 1
241000 2
241100 3
241200 3
241300 0
241400 0
241500 0
241600 1
241700 0
241800 0
241900 0
242000 1
242100 0
242200 0
242300 1
242400 2
242500 0
242600 0
242700 0
242800 0
242900 1
243000 0
243100 1
243200 0
243300 0
243400 0
243500 0
243600 0
243700 1
243800 1
243900 3
244000 1
244100 3
244200 2
244300 4
244400 1
244500 1
244600 0
244700 0
244800 0
244900 0
245000 6
245100 7
245200 5
245300 15
245400 103
245500 1119
245600 4365
245700 5356
245800 1886
245900 215
246000 19
246100 12
246200 5
246300 2
246400 1
246500 0
246600 0
246700 2
246800 1
246900 1
247000 1
247100 2
247200 1
247300 0
247400 0
247500 0
247600 1
247700 1
247800 1
247900 0
248000 0
248100 0
248200 0
248300 0
248400 1
248500 0
248600 1
248700 0
248800 0
248900 2
249000 3
249100 0
249200 1
249300 1
249400 2
249500 0
249600 0
249700 2
249800 0
249900 1
250000 1
250100 1
250200 1
250300 2
250400 11
250500 43
250600 43
250700 11
250800 2
250900 3
251000 1
251100 0
251200 0
251300 0
251400 1
251500 0
251600 2
251700 5
251800 10
251900 21
252000 18
252100 9
252200 6
252300 2
252400 18
252500 31
252600 25
252700 5
252800 2
252900 1
253000 1
253100 0
253200 0
253300 0
253400 4
253500 2
253600 0
253700 0
253800 1
253900 1
254000 2
254100 3
254200 3
254300 2
254400 0
254500 2
254600 0
254700 1
254800 1
254900 0
255000 1
255100 4
255200 1
255300 3
255400 1
255500 1
255600 0
255700 0
255800 0
255900 1
256000 1
256100 2
256200 2
256300 0
256400 0
256500 1
256600 0
256700 4
256800 1
256900 2
257000 2
257100 3
257200 2
257300 5
257400 1
257500 1
257600 1
257700 2
257800 1
257900 1
258000 0
258100 1
258200 6
258300 12
258400 11
258500 49
258600 523
258700 3146
258800 5649
258900 3125
259000 499
259100 32
259200 7
259300 10
259400 1
259500 1
259600 0
259700 0
259800 1
259900 0
260000 0
260100 1
260200 3
260300 3
260400 1
260500 1
260600 1
260700 1
260800 3
260900 1
261000 1
261100 0
261200 0
261300 0
261400 1
261500 0
261600 0
261700 0
261800 0
261900 0
262000 3
262100 1
262200 2
262300 1
262400 0
262500 0
262600 0
262700 1
262800 0
262900 0
263000 1
263100 1
263200 1
263300 2
263400 1
263500 4
263600 30
263700 36
263800 19
263900 4
264000 4
264100 4
264200 0
264300 0
264400 1
264500 0
264600 0
264700 1
264800 3
264900 8
265000 20
265100 18
265200 11
265300 7
265400 1
265500 10
265600 14
265700 27
265800 7
265900 1
266000 0
266100 1
266200 0
266300 0
266400 1
266500 0
266600 2
266700 6
266800 3
266900 2
267000 1
267100 0
267200 1
267300 2
267400 2
267500 2
267600 1
267700 0
267800 1
267900 0
268000 1
268100 0
268200 0
268300 0
268400 1
268500 0
268600 1
268700 0
268800 0
268900 1
269000 0
269100 0
269200 0
269300 1
269400 0
269500 0
269600 0
269700 2
269800 0
269900 2
270000 1
270100 1
270200 0
270300 0
270400 5
270500 2
270600 3
270700 1
270800 0
270900 0
271000 1
271100 1
271200 1
271300 3
271400 7
271500 11
271600 13
271700 295
271800 1949
271900 5381
272000 4354
272100 1024
272200 95
272300 6
272400 11
272500 0
272600 2
272700 1
272800 0
272900 0
273000 1
273100 1
273200 0
273300 3
273400 3
273500 2
273600 2
273700 0
273800 1
273900 0
274000 2
274100 1
274200 0
274300 2
274400 1
274500 1
274600 2
274700 0
274800 3
274900 1
275000 0
275100 0
275200 1
275300 1
275400 1
275500 1
275600 0
275700 0
275800 0
275900 0
276000 1
276100 1
276200 0
276300 1
276400 2
276500 2
276600 4
276700 22
276800 35
276900 18
277000 10
277100 2
277200 0
277300 1
277400 0
277500 1
277600 0
277700 0
277800 0
277900 3
278000 5
278100 16
278200 17
278300 15
278400 8
278500 3
278600 11
278700 15
278800 26
278900 4
279000 3
279100 1
279200 0
279300 0
279400 0
279500 0
279600 0
279700 3
279800 4
279900 4
280000 0
280100 1
280200 2
280300 2
280400 1
280500 2
280600 1
280700 0
280800 0
280900 2
281000 2
281100 2
281200 1
281300 0
281400 2
281500 0
281600 0
281700 1
281800 0
281900 0
282000 1
282100 0
282200 0
282300 1
282400 1
282500 1
282600 1
282700 1
282800 0
282900 1
283000 1
283100 2
283200 0
283300 0
283400 1
283500 2
283600 3
283700 3
283800 1
283900 0
284000 0
284100 1
284200 0
284300 2
284400 0
284500 5
284600 9
284700 11
284800 101
284900 1159
285000 4348
285100 5170
285200 1933
285300 230
285400 16
285500 17
285600 5
285700 3
285800 0
285900 0
286000 0
286100 2
286200 1
286300 0
286400 3
286500 2
286600 2
286700 2
286800 0
286900 3
287000 0
287100 0
287200 0
287300 1
287400 1
287500 0
287600 0
287700 0
287800 2
287900 1
288000 1
288100 0
288200 1
288300 1
288400 2
288500 1
288600 0
288700 0
288800 0
288900 2
289000 1
289100 2
289200 0
289300 3
289400 0
289500 2
289600 0
289700 3
289800 8
289900 41
290000 38
290100 13
290200 5
290300 2
290400 2
290500 0
290600 0
290700 2
290800 2
290900 2
291000 1
291100 4
291200 12
291300 17
291400 19
291500 7
291600 1
291700 4
291800 23
291900 15
292000 11
292100 9
292200 2
292300 1
292400 3
292500 1
292600 0
292700 0
292800 0
292900 1
293000 2
293100 0
293200 3
293300 0
293400 0
293500 2
293600 3
293700 2
293800 5
293900 2
294000 1
294100 1
294200 2
294300 2
294400 0
294500 0
294600 0
294700 1
294800 0
294900 0
295000 0
295100 1
295200 0
295300 1
295400 0
295500 3
295600 1
295700 0
295800 0
295900 0
296000 0
296100 0
296200 1
296300 2
296400 0
296500 1
296600 1
296700 2
296800 2
296900 1
297000 2
297100 0
297200 0
297300 0
297400 2
297500 2
297600 5
297700 5
297800 13
297900 35
298000 438
298100 2772
298200 5645
298300 3347
298400 596
298500 38
298600 13
298700 9
298800 6
298900 3
299000 1
299100 0
299200 0
299300 0
299400 0
299500 0
299600 0
299700 2
299800 2
299900 2
