-300000 5
-299900 12
-299800 32
-299700 57
-299600 60
-299500 22
-299400 12
-299300 63
-299200 90
-299100 58
-299000 26
-298900 8
-298800 2
-298700 6
-298600 0
-298500 3
-298400 0
-298300 1
-298200 3
-298100 1
-298000 8
-297900 7
-297800 1
-297700 3
-297600 3
-297500 1
-297400 1
-297300 4
-297200 1
-297100 1
-297000 3
-296900 1
-296800 2
-296700 0
-296600 0
-296500 0
-296400 1
-296300 3
-296200 7
-296100 1
-296000 1
-295900 2
-295800 2
-295700 2
-295600 2
-295500 4
-295400 2
-295300 0
-295200 0
-295100 1
-295000 1
-294900 3
-294800 2
-294700 4
-294600 7
-294500 5
-294400 7
-294300 6
-294200 2
-294100 2
-294000 2
-293900 2
-293800 1
-293700 6
-293600 4
-293500 8
-293400 20
-293300 27
-293200 69
-293100 498
-293000 4172
-292900 11018
-292800 9092
-292700 2382
-292600 221
-292500 28
-292400 22
-292300 20
-292200 4
-292100 1
-292000 1
-291900 1
-291800 0
-291700 3
-291600 1
-291500 6
-291400 10
-291300 18
-291200 14
-291100 4
-291000 1
-290900 0
-290800 0
-290700 1
-290600 3
-290500 2
-290400 2
-290300 4
-290200 0
-290100 1
-290000 1
-289900 0
-289800 2
-289700 4
-289600 2
-289500 0
-289400 3
-289300 0
-289200 0
-289100 0
-289000 1
-288900 1
-288800 1
-288700 2
-288600 0
-288500 0
-288400 8
-288300 6
-288200 12
-288100 123
-288000 282
-287900 189
-287800 55
-287700 8
-287600 3
-287500 4
-287400 2
-287300 0
-287200 1
-287100 4
-287000 2
-286900 1
-286800 4
-286700 25
-286600 57
-286500 54
-286400 34
-286300 14
-286200 34
-286100 74
-286000 88
-285900 35
-285800 7
-285700 1
-285600 5
-285500 1
-285400 2
-285300 1
-285200 1
-285100 4
-285000 4
-284900 8
-284800 7
-284700 2
-284600 1
-284500 1
-284400 7
-284300 4
-284200 2
-284100 1
-284000 1
-283900 3
-283800 2
-283700 0
-283600 0
-283500 1
-283400 0
-283300 3
-283200 6
-283100 4
-283000 5
-282900 2
-282800 0
-282700 2
-282600 0
-282500 1
-282400 1
-282300 0
-282200 0
-282100 1
-282000 3
-281900 1
-281800 4
-281700 5
-281600 3
-281500 3
-281400 8
-281300 7
-281200 8
-281100 4
-281000 0
-280900 2
-280800 0
-280700 1
-280600 2
-280500 1
-280400 7
-280300 10
-280200 27
-280100 37
-280000 219
-279900 1897
-279800 8372
-279700 11344
-279600 4748
-279500 629
-279400 52
-279300 22
-279200 18
-279100 8
-279000 4
-278900 2
-278800 1
-278700 3
-278600 1
-278500 2
-278400 0
-278300 6
-278200 8
-278100 15
-278000 14
-277900 1
-277800 6
-277700 0
-277600 1
-277500 2
-277400 3
-277300 2
-277200 1
-277100 0
-277000 0
-276900 0
-276800 0
-276700 1
-276600 4
-276500 3
-276400 3
-276300 4
-276200 1
-276100 0
-276000 1
-275900 3
-275800 1
-275700 0
-275600 0
-275500 1
-275400 0
-275300 3
-275200 3
-275100 16
-275000 55
-274900 230
-274800 264
-274700 93
-274600 18
-274500 8
-274400 5
-274300 1
-274200 1
-274100 1
-274000 4
-273900 3
-273800 2
-273700 2
-273600 17
-273500 47
-273400 59
-273300 25
-273200 17
-273100 30
-273000 53
-272900 87
-272800 65
-272700 17
-272600 5
-272500 2
-272400 3
-272300 2
-272200 1
-272100 1
-272000 3
-271900 6
-271800 6
-271700 5
-271600 5
-271500 4
-271400 4
-271300 0
-271200 4
-271100 4
-271000 5
-270900 2
-270800 0
-270700 2
-270600 1
-270500 2
-270400 0
-270300 1
-270200 5
-270100 3
-270000 4
-269900 6
-269800 4
-269700 0
-269600 2
-269500 2
-269400 1
-269300 1
-269200 0
-269100 1
-269000 0
-268900 1
-268800 0
-268700 1
-268600 5
-268500 5
-268400 4
-268300 2
-268200 8
-268100 9
-268000 6
-267900 4
-267800 3
-267700 0
-267600 1
-267500 2
-267400 3
-267300 4
-267200 17
-267100 16
-267000 40
-266900 99
-266800 1018
-266700 5990
-266600 11956
-266500 7169
-266400 1301
-266300 130
-266200 17
-266100 19
-266000 7
-265900 7
-265800 2
-265700 2
-265600 1
-265500 3
-265400 1
-265300 2
-265200 8
-265100 11
-265000 14
-264900 7
-264800 3
-264700 7
-264600 0
-264500 0
-264400 0
-264300 1
-264200 1
-264100 1
-264000 0
-263900 2
-263800 0
-263700 2
-263600 3
-263500 3
-263400 1
-263300 0
-263200 1
-263100 0
-263000 1
-262900 1
-262800 2
-262700 2
-262600 0
-262500 0
-262400 1
-262300 0
-262200 1
-262100 5
-262000 8
-261900 40
-261800 170
-261700 284
-261600 169
-261500 29
-261400 6
-261300 7
-261200 2
-261100 0
-261000 1
-260900 2
-260800 4
-260700 3
-260600 2
-260500 11
-260400 27
-260300 58
-260200 66
-260100 28
-260000 14
-259900 56
-259800 86
-259700 52
-259600 27
-259500 4
-259400 1
-259300 4
-259200 2
-259100 1
-259000 3
-258900 0
-258800 5
-258700 2
-258600 10
-258500 13
-258400 3
-258300 2
-258200 1
-258100 5
-258000 0
-257900 2
-257800 0
-257700 0
-257600 1
-257500 1
-257400 0
-257300 3
-257200 1
-257100 1
-257000 1
-256900 9
-256800 6
-256700 5
-256600 0
-256500 2
-256400 0
-256300 1
-256200 3
-256100 3
-256000 1
-255900 1
-255800 2
-255700 2
-255600 0
-255500 3
-255400 3
-255300 6
-255200 3
-255100 6
-255000 7
-254900 7
-254800 1
-254700 2
-254600 1
-254500 4
-254400 2
-254300 2
-254200 3
-254100 10
-254000 9
-253900 37
-253800 57
-253700 452
-253600 3729
-253500 10917
-253400 9797
-253300 2508
-253200 222
-253100 25
-253000 12
-252900 9
-252800 0
-252700 1
-252600 2
-252500 2
-252400 2
-252300 0
-252200 2
-252100 4
-252000 17
-251900 12
-251800 9
-251700 3
-251600 2
-251500 3
-251400 0
-251300 1
-251200 4
-251100 0
-251000 2
-250900 1
-250800 1
-250700 0
-250600 1
-250500 2
-250400 0
-250300 3
-250200 1
-250100 1
-250000 0
-249900 1
-249800 1
-249700 0
-249600 3
-249500 1
-249400 0
-249300 1
-249200 0
-249100 1
-249000 3
-248900 5
-248800 18
-248700 112
-248600 298
-248500 214
-248400 34
-248300 11
-248200 4
-248100 5
-248000 2
-247900 0
-247800 2
-247700 3
-247600 4
-247500 1
-247400 6
-247300 22
-247200 46
-247100 64
-247000 43
-246900 12
-246800 35
-246700 81
-246600 78
-246500 38
-246400 7
-246300 4
-246200 2
-246100 2
-246000 0
-245900 0
-245800 2
-245700 3
-245600 3
-245500 4
-245400 19
-245300 6
-245200 2
-245100 3
-245000 2
-244900 5
-244800 6
-244700 1
-244600 0
-244500 1
-244400 1
-244300 0
-244200 0
-244100 0
-244000 0
-243900 1
-243800 4
-243700 5
-243600 4
-243500 3
-243400 1
-243300 1
-243200 1
-243100 1
-243000 1
-242900 1
-242800 1
-242700 1
-242600 3
-242500 1
-242400 0
-242300 4
-242200 6
-242100 2
-242000 4
-241900 8
-241800 7
-241700 8
-241600 0
-241500 2
-241400 5
-241300 1
-241200 2
-241100 1
-241000 7
-240900 16
-240800 35
-240700 33
-240600 165
-240500 1783
-240400 8202
-240300 11543
-240200 4803
-240100 604
-240000 38
-239900 18
-239800 14
-239700 8
-239600 2
-239500 3
-239400 4
-239300 1
-239200 3
-239100 2
-239000 4
-238900 7
-238800 4
-238700 13
-238600 12
-238500 2
-238400 2
-238300 1
-238200 3
-238100 4
-238000 2
-237900 0
-237800 0
-237700 1
-237600 2
-237500 0
-237400 1
-237300 0
-237200 1
-237100 3
-237000 0
-236900 2
-236800 0
-236700 0
-236600 2
-236500 1
-236400 1
-236300 3
-236200 0
-236100 1
-236000 1
-235900 3
-235800 3
-235700 11
-235600 56
-235500 221
-235400 268
-235300 101
-235200 19
-235100 5
-235000 6
-234900 1
-234800 2
-234700 4
-234600 4
-234500 6
-234400 2
-234300 4
-234200 15
-234100 36
-234000 62
-233900 54
-233800 10
-233700 27
-233600 59
-233500 90
-233400 71
-233300 25
-233200 0
-233100 6
-233000 2
-232900 4
-232800 1
-232700 2
-232600 2
-232500 3
-232400 6
-232300 11
-232200 10
-232100 1
-232000 2
-231900 3
-231800 5
-231700 2
-231600 2
-231500 0
-231400 2
-231300 2
-231200 1
-231100 1
-231000 0
-230900 2
-230800 0
-230700 1
-230600 3
-230500 7
-230400 2
-230300 3
-230200 0
-230100 1
-230000 0
-229900 1
-229800 0
-229700 2
-229600 5
-229500 4
-229400 0
-229300 0
-229200 4
-229100 3
-229000 2
-228900 3
-228800 7
-228700 6
-228600 3
-228500 1
-228400 2
-228300 2
-228200 1
-228100 0
-228000 2
-227900 6
-227800 9
-227700 31
-227600 30
-227500 73
-227400 684
-227300 5296
-227200 11936
-227100 7738
-227000 1495
-226900 116
-226800 17
-226700 17
-226600 11
-226500 6
-226400 3
-226300 0
-226200 0
-226100 1
-226000 1
-225900 2
-225800 3
-225700 11
-225600 11
-225500 14
-225400 8
-225300 2
-225200 2
-225100 3
-225000 2
-224900 1
-224800 1
-224700 2
-224600 1
-224500 1
-224400 0
-224300 2
-224200 4
-224100 1
-224000 2
-223900 1
-223800 1
-223700 1
-223600 1
-223500 0
-223400 1
-223300 0
-223200 1
-223100 0
-223000 0
-222900 3
-222800 3
-222700 6
-222600 8
-222500 23
-222400 172
-222300 297
-222200 145
-222100 24
-222000 4
-221900 6
-221800 3
-221700 2
-221600 4
-221500 4
-221400 3
-221300 1
-221200 2
-221100 8
-221000 29
-220900 47
-220800 43
-220700 22
-220600 15
-220500 39
-220400 87
-220300 72
-220200 25
-220100 11
-220000 5
-219900 3
-219800 4
-219700 2
-219600 1
-219500 3
-219400 3
-219300 5
-219200 6
-219100 9
-219000 2
-218900 0
-218800 2
-218700 4
-218600 6
-218500 0
-218400 2
-218300 1
-218200 2
-218100 0
-218000 3
-217900 2
-217800 4
-217700 1
-217600 1
-217500 4
-217400 3
-217300 5
-217200 1
-217100 0
-217000 1
-216900 2
-216800 0
-216700 1
-216600 0
-216500 2
-216400 0
-216300 3
-216200 1
-216100 1
-216000 7
-215900 3
-215800 7
-215700 4
-215600 7
-215500 7
-215400 1
-215300 1
-215200 3
-215100 1
-215000 1
-214900 1
-214800 2
-214700 10
-214600 24
-214500 34
-214400 65
-214300 414
-214200 3705
-214100 10928
-214000 9394
-213900 2438
-213800 203
-213700 27
-213600 9
-213500 10
-213400 4
-213300 4
-213200 1
-213100 0
-213000 2
-212900 2
-212800 1
-212700 10
-212600 10
-212500 12
-212400 15
-212300 7
-212200 2
-212100 0
-212000 1
-211900 2
-211800 1
-211700 4
-211600 0
-211500 0
-211400 0
-211300 1
-211200 1
-211100 1
-211000 1
-210900 4
-210800 1
-210700 2
-210600 0
-210500 1
-210400 1
-210300 0
-210200 2
-210100 2
-210000 1
-209900 1
-209800 2
-209700 1
-209600 8
-209500 2
-209400 20
-209300 83
-209200 297
-209100 235
-209000 58
-208900 14
-208800 4
-208700 4
-208600 1
-208500 1
-208400 1
-208300 3
-208200 1
-208100 3
-208000 9
-207900 33
-207800 55
-207700 62
-207600 40
-207500 16
-207400 47
-207300 124
-207200 108
-207100 45
-207000 7
-206900 0
-206800 4
-206700 5
-206600 1
-206500 1
-206400 1
-206300 2
-206200 7
-206100 11
-206000 9
-205900 5
-205800 3
-205700 0
-205600 0
-205500 5
-205400 7
-205300 2
-205200 0
-205100 3
-205000 2
-204900 1
-204800 4
-204700 1
-204600 1
-204500 2
-204400 1
-204300 9
-204200 1
-204100 1
-204000 4
-203900 2
-203800 0
-203700 1
-203600 3
-203500 1
-203400 4
-203300 1
-203200 1
-203100 0
-203000 4
-202900 2
-202800 4
-202700 6
-202600 5
-202500 7
-202400 4
-202300 5
-202200 0
-202100 1
-202000 0
-201900 1
-201800 0
-201700 7
-201600 4
-201500 27
-201400 31
-201300 48
-201200 218
-201100 2274
-201000 9047
-200900 11099
-200800 3814
-200700 433
-200600 41
-200500 14
-200400 19
-200300 3
-200200 2
-200100 1
-200000 0
-199900 2
-199800 2
-199700 2
-199600 4
-199500 11
-199400 8
-199300 13
-199200 6
-199100 2
-199000 3
-198900 3
-198800 2
-198700 3
-198600 1
-198500 2
-198400 0
-198300 1
-198200 3
-198100 4
-198000 2
-197900 1
-197800 3
-197700 0
-197600 0
-197500 1
-197400 0
-197300 3
-197200 0
-197100 0
-197000 2
-196900 3
-196800 0
-196700 2
-196600 1
-196500 2
-196400 3
-196300 10
-196200 68
-196100 242
-196000 285
-195900 99
-195800 14
-195700 9
-195600 3
-195500 1
-195400 1
-195300 1
-195200 3
-195100 6
-195000 1
-194900 3
-194800 19
-194700 29
-194600 60
-194500 46
-194400 12
-194300 16
-194200 67
-194100 78
-194000 59
-193900 27
-193800 6
-193700 2
-193600 5
-193500 2
-193400 1
-193300 2
-193200 1
-193100 7
-193000 7
-192900 9
-192800 5
-192700 2
-192600 2
-192500 1
-192400 2
-192300 4
-192200 4
-192100 0
-192000 1
-191900 0
-191800 0
-191700 2
-191600 2
-191500 2
-191400 1
-191300 1
-191200 5
-191100 3
-191000 3
-190900 2
-190800 2
-190700 0
-190600 1
-190500 3
-190400 2
-190300 0
-190200 3
-190100 1
-190000 0
-189900 2
-189800 4
-189700 7
-189600 5
-189500 8
-189400 7
-189300 8
-189200 5
-189100 1
-189000 0
-188900 0
-188800 1
-188700 0
-188600 5
-188500 5
-188400 13
-188300 18
-188200 34
-188100 78
-188000 876
-187900 5948
-187800 12005
-187700 7154
-187600 1176
-187500 92
-187400 31
-187300 21
-187200 7
-187100 3
-187000 3
-186900 1
-186800 3
-186700 3
-186600 2
-186500 1
-186400 5
-186300 14
-186200 9
-186100 12
-186000 3
-185900 2
-185800 1
-185700 0
-185600 1
-185500 3
-185400 3
-185300 3
-185200 0
-185100 0
-185000 0
-184900 1
-184800 0
-184700 1
-184600 1
-184500 0
-184400 1
-184300 1
-184200 0
-184100 3
-184000 0
-183900 3
-183800 1
-183700 1
-183600 1
-183500 3
-183400 0
-183300 5
-183200 6
-183100 32
-183000 152
-182900 327
-182800 150
-182700 32
-182600 6
-182500 7
-182400 5
-182300 2
-182200 2
-182100 2
-182000 5
-181900 2
-181800 3
-181700 3
-181600 25
-181500 68
-181400 46
-181300 27
-181200 8
-181100 37
-181000 82
-180900 74
-180800 36
-180700 5
-180600 3
-180500 4
-180400 3
-180300 0
-180200 2
-180100 1
-180000 2
-179900 3
-179800 6
-179700 8
-179600 1
-179500 3
-179400 2
-179300 8
-179200 4
-179100 2
-179000 0
-178900 0
-178800 1
-178700 1
-178600 2
-178500 2
-178400 1
-178300 0
-178200 2
-178100 6
-178000 3
-177900 4
-177800 8
-177700 2
-177600 3
-177500 0
-177400 1
-177300 4
-177200 0
-177100 2
-177000 3
-176900 2
-176800 1
-176700 1
-176600 6
-176500 4
-176400 4
-176300 3
-176200 5
-176100 7
-176000 6
-175900 1
-175800 1
-175700 4
-175600 1
-175500 3
-175400 3
-175300 3
-175200 17
-175100 27
-175000 69
-174900 319
-174800 2991
-174700 10560
-174600 10318
-174500 2871
-174400 237
-174300 31
-174200 12
-174100 18
-174000 7
-173900 4
-173800 1
-173700 2
-173600 0
-173500 1
-173400 4
-173300 2
-173200 10
-173100 13
-173000 15
-172900 11
-172800 3
-172700 1
-172600 4
-172500 1
-172400 0
-172300 1
-172200 4
-172100 2
-172000 3
-171900 2
-171800 1
-171700 2
-171600 0
-171500 2
-171400 3
-171300 1
-171200 1
-171100 0
-171000 1
-170900 3
-170800 1
-170700 1
-170600 0
-170500 0
-170400 1
-170300 0
-170200 3
-170100 4
-170000 11
-169900 100
-169800 295
-169700 213
-169600 58
-169500 6
-169400 4
-169300 7
-169200 1
-169100 2
-169000 4
-168900 2
-168800 2
-168700 3
-168600 5
-168500 28
-168400 42
-168300 61
-168200 37
-168100 16
-168000 28
-167900 67
-167800 76
-167700 44
-167600 18
-167500 0
-167400 3
-167300 5
-167200 2
-167100 1
-167000 3
-166900 1
-166800 7
-166700 5
-166600 6
-166500 4
-166400 0
-166300 5
-166200 7
-166100 6
-166000 1
-165900 1
-165800 0
-165700 0
-165600 0
-165500 3
-165400 0
-165300 4
-165200 3
-165100 0
-165000 2
-164900 4
-164800 4
-164700 2
-164600 0
-164500 1
-164400 0
-164300 1
-164200 0
-164100 1
-164000 3
-163900 3
-163800 0
-163700 0
-163600 1
-163500 2
-163400 5
-163300 6
-163200 6
-163100 8
-163000 13
-162900 8
-162800 2
-162700 2
-162600 2
-162500 1
-162400 1
-162300 4
-162200 3
-162100 6
-162000 24
-161900 44
-161800 158
-161700 1671
-161600 7999
-161500 11976
-161400 4828
-161300 676
-161200 46
-161100 20
-161000 17
-160900 6
-160800 5
-160700 1
-160600 0
-160500 2
-160400 0
-160300 1
-160200 3
-160100 11
-160000 9
-159900 10
-159800 8
-159700 5
-159600 3
-159500 2
-159400 1
-159300 0
-159200 2
-159100 1
-159000 4
-158900 1
-158800 1
-158700 1
-158600 2
-158500 3
-158400 3
-158300 1
-158200 1
-158100 2
-158000 3
-157900 1
-157800 3
-157700 1
-157600 0
-157500 0
-157400 0
-157300 2
-157200 3
-157100 4
-157000 5
-156900 6
-156800 41
-156700 248
-156600 277
-156500 103
-156400 9
-156300 6
-156200 6
-156100 2
-156000 2
-155900 3
-155800 4
-155700 7
-155600 1
-155500 2
-155400 18
-155300 46
-155200 53
-155100 59
-155000 12
-154900 18
-154800 69
-154700 103
-154600 64
-154500 16
-154400 1
-154300 4
-154200 4
-154100 3
-154000 3
-153900 2
-153800 1
-153700 2
-153600 9
-153500 9
-153400 5
-153300 1
-153200 1
-153100 4
-153000 6
-152900 4
-152800 2
-152700 1
-152600 0
-152500 1
-152400 1
-152300 1
-152200 0
-152100 0
-152000 2
-151900 0
-151800 7
-151700 7
-151600 2
-151500 1
-151400 0
-151300 2
-151200 0
-151100 1
-151000 0
-150900 0
-150800 1
-150700 1
-150600 0
-150500 2
-150400 8
-150300 4
-150200 5
-150100 5
-150000 6
-149900 9
-149800 3
-149700 3
-149600 3
-149500 1
-149400 0
-149300 2
-149200 3
-149100 3
-149000 12
-148900 13
-148800 32
-148700 77
-148600 695
-148500 5481
-148400 12150
-148300 7585
-148200 1375
-148100 100
-148000 16
-147900 26
-147800 12
-147700 8
-147600 4
-147500 1
-147400 1
-147300 0
-147200 4
-147100 0
-147000 3
-146900 12
-146800 12
-146700 10
-146600 5
-146500 5
-146400 3
-146300 1
-146200 1
-146100 1
-146000 3
-145900 1
-145800 0
-145700 0
-145600 2
-145500 2
-145400 1
-145300 2
-145200 4
-145100 1
-145000 1
-144900 0
-144800 1
-144700 0
-144600 1
-144500 0
-144400 1
-144300 1
-144200 0
-144100 3
-144000 3
-143900 4
-143800 10
-143700 30
-143600 156
-143500 330
-143400 199
-143300 40
-143200 5
-143100 3
-143000 3
-142900 0
-142800 1
-142700 2
-142600 6
-142500 3
-142400 2
-142300 7
-142200 24
-142100 59
-142000 49
-141900 19
-141800 12
-141700 46
-141600 95
-141500 65
-141400 27
-141300 10
-141200 1
-141100 1
-141000 5
-140900 0
-140800 0
-140700 3
-140600 1
-140500 5
-140400 7
-140300 6
-140200 3
-140100 0
-140000 2
-139900 3
-139800 4
-139700 1
-139600 3
-139500 0
-139400 0
-139300 0
-139200 3
-139100 0
-139000 1
-138900 0
-138800 3
-138700 4
-138600 6
-138500 2
-138400 2
-138300 0
-138200 4
-138100 3
-138000 1
-137900 1
-137800 4
-137700 2
-137600 0
-137500 2
-137400 1
-137300 1
-137200 9
-137100 2
-137000 6
-136900 8
-136800 9
-136700 5
-136600 3
-136500 3
-136400 0
-136300 1
-136200 1
-136100 2
-136000 4
-135900 8
-135800 26
-135700 31
-135600 60
-135500 295
-135400 2724
-135300 10423
-135200 10644
-135100 2999
-135000 303
-134900 33
-134800 19
-134700 17
-134600 5
-134500 2
-134400 3
-134300 3
-134200 1
-134100 1
-134000 2
-133900 6
-133800 6
-133700 13
-133600 9
-133500 9
-133400 3
-133300 3
-133200 5
-133100 0
-133000 2
-132900 2
-132800 2
-132700 1
-132600 1
-132500 0
-132400 2
-132300 2
-132200 1
-132100 1
-132000 0
-131900 2
-131800 1
-131700 1
-131600 1
-131500 2
-131400 1
-131300 1
-131200 2
-131100 1
-131000 0
-130900 2
-130800 5
-130700 6
-130600 8
-130500 90
-130400 248
-130300 239
-130200 74
-130100 8
-130000 5
-129900 1
-129800 3
-129700 0
-129600 1
-129500 3
-129400 5
-129300 0
-129200 4
-129100 15
-129000 53
-128900 62
-128800 52
-128700 10
-128600 27
-128500 61
-128400 84
-128300 49
-128200 14
-128100 4
-128000 3
-127900 2
-127800 2
-127700 1
-127600 1
-127500 2
-127400 5
-127300 8
-127200 8
-127100 6
-127000 2
-126900 1
-126800 4
-126700 4
-126600 2
-126500 1
-126400 1
-126300 1
-126200 1
-126100 0
-126000 0
-125900 0
-125800 0
-125700 0
-125600 3
-125500 3
-125400 3
-125300 0
-125200 3
-125100 1
-125000 0
-124900 4
-124800 4
-124700 3
-124600 0
-124500 1
-124400 0
-124300 0
-124200 2
-124100 5
-124000 5
-123900 6
-123800 4
-123700 10
-123600 3
-123500 3
-123400 2
-123300 2
-123200 2
-123100 3
-123000 1
-122900 3
-122800 8
-122700 10
-122600 27
-122500 34
-122400 127
-122300 1305
-122200 7572
-122100 12192
-122000 5258
-121900 657
-121800 63
-121700 14
-121600 18
-121500 12
-121400 3
-121300 4
-121200 3
-121100 1
-121000 1
-120900 0
-120800 4
-120700 11
-120600 16
-120500 15
-120400 9
-120300 9
-120200 1
-120100 0
-120000 2
-119900 0
-119800 0
-119700 0
-119600 3
-119500 1
-119400 1
-119300 0
-119200 1
-119100 1
-119000 3
-118900 1
-118800 0
-118700 3
-118600 2
-118500 0
-118400 2
-118300 4
-118200 1
-118100 3
-118000 0
-117900 0
-117800 1
-117700 3
-117600 7
-117500 8
-117400 41
-117300 239
-117200 298
-117100 124
-117000 15
-116900 4
-116800 6
-116700 1
-116600 0
-116500 1
-116400 3
-116300 5
-116200 1
-116100 1
-116000 13
-115900 45
-115800 60
-115700 54
-115600 13
-115500 17
-115400 51
-115300 77
-115200 60
-115100 18
-115000 9
-114900 3
-114800 6
-114700 3
-114600 1
-114500 2
-114400 2
-114300 4
-114200 5
-114100 5
-114000 5
-113900 1
-113800 1
-113700 4
-113600 1
-113500 3
-113400 2
-113300 3
-113200 1
-113100 0
-113000 0
-112900 0
-112800 1
-112700 0
-112600 0
-112500 5
-112400 5
-112300 8
-112200 4
-112100 5
-112000 4
-111900 1
-111800 1
-111700 2
-111600 0
-111500 0
-111400 1
-111300 1
-111200 3
-111100 3
-111000 3
-110900 6
-110800 9
-110700 9
-110600 5
-110500 3
-110400 3
-110300 3
-110200 1
-110100 2
-110000 0
-109900 1
-109800 2
-109700 3
-109600 8
-109500 22
-109400 36
-109300 71
-109200 611
-109100 4935
-109000 12025
-108900 8025
-108800 1493
-108700 117
-108600 29
-108500 24
-108400 8
-108300 7
-108200 4
-108100 0
-108000 2
-107900 0
-107800 0
-107700 2
-107600 4
-107500 9
-107400 11
-107300 13
-107200 9
-107100 2
-107000 2
-106900 0
-106800 0
-106700 1
-106600 0
-106500 1
-106400 1
-106300 1
-106200 0
-106100 2
-106000 3
-105900 1
-105800 2
-105700 0
-105600 1
-105500 1
-105400 1
-105300 0
-105200 1
-105100 0
-105000 0
-104900 1
-104800 0
-104700 1
-104600 2
-104500 8
-104400 3
-104300 22
-104200 150
-104100 300
-104000 170
-103900 28
-103800 8
-103700 4
-103600 4
-103500 2
-103400 0
-103300 1
-103200 3
-103100 5
-103000 2
-102900 6
-102800 33
-102700 64
-102600 61
-102500 22
-102400 8
-102300 45
-102200 82
-102100 89
-102000 31
-101900 9
-101800 2
-101700 6
-101600 2
-101500 2
-101400 2
-101300 3
-101200 3
-101100 7
-101000 5
-100900 5
-100800 5
-100700 1
-100600 0
-100500 2
-100400 4
-100300 2
-100200 2
-100100 1
-100000 1
-99900 0
-99800 0
-99700 0
-99600 2
-99500 0
-99400 5
-99300 2
-99200 4
-99100 3
-99000 2
-98900 0
-98800 0
-98700 0
-98600 2
-98500 2
-98400 3
-98300 2
-98200 2
-98100 2
-98000 0
-97900 7
-97800 8
-97700 3
-97600 5
-97500 5
-97400 7
-97300 8
-97200 1
-97100 3
-97000 1
-96900 1
-96800 2
-96700 1
-96600 3
-96500 6
-96400 21
-96300 23
-96200 44
-96100 191
-96000 2098
-95900 9443
-95800 11428
-95700 3803
-95600 372
-95500 29
-95400 19
-95300 18
-95200 8
-95100 0
-95000 4
-94900 2
-94800 2
-94700 1
-94600 4
-94500 5
-94400 6
-94300 11
-94200 16
-94100 8
-94000 3
-93900 2
-93800 0
-93700 2
-93600 2
-93500 2
-93400 2
-93300 1
-93200 2
-93100 3
-93000 3
-92900 3
-92800 0
-92700 0
-92600 1
-92500 2
-92400 0
-92300 1
-92200 0
-92100 1
-92000 0
-91900 2
-91800 0
-91700 0
-91600 2
-91500 1
-91400 1
-91300 7
-91200 11
-91100 60
-91000 255
-90900 258
-90800 63
-90700 11
-90600 3
-90500 1
-90400 1
-90300 2
-90200 1
-90100 4
-90000 5
-89900 1
-89800 2
-89700 16
-89600 42
-89500 76
-89400 39
-89300 12
-89200 25
-89100 68
-89000 90
-88900 53
-88800 19
-88700 1
-88600 6
-88500 2
-88400 1
-88300 0
-88200 2
-88100 4
-88000 3
-87900 3
-87800 7
-87700 6
-87600 1
-87500 1
-87400 3
-87300 3
-87200 4
-87100 3
-87000 4
-86900 3
-86800 1
-86700 2
-86600 2
-86500 2
-86400 1
-86300 3
-86200 2
-86100 2
-86000 3
-85900 1
-85800 3
-85700 1
-85600 1
-85500 1
-85400 0
-85300 2
-85200 0
-85100 0
-85000 2
-84900 4
-84800 3
-84700 3
-84600 5
-84500 12
-84400 7
-84300 7
-84200 7
-84100 1
-84000 5
-83900 0
-83800 2
-83700 2
-83600 2
-83500 1
-83400 6
-83300 8
-83200 20
-83100 32
-83000 66
-82900 680
-82800 5250
-82700 12303
-82600 7399
-82500 1289
-82400 92
-82300 15
-82200 21
-82100 10
-82000 8
-81900 1
-81800 1
-81700 2
-81600 1
-81500 2
-81400 1
-81300 5
-81200 3
-81100 11
-81000 16
-80900 10
-80800 4
-80700 3
-80600 3
-80500 1
-80400 4
-80300 0
-80200 2
-80100 2
-80000 1
-79900 2
-79800 2
-79700 0
-79600 1
-79500 1
-79400 1
-79300 2
-79200 1
-79100 1
-79000 2
-78900 0
-78800 2
-78700 0
-78600 1
-78500 3
-78400 3
-78300 2
-78200 5
-78100 9
-78000 30
-77900 172
-77800 287
-77700 146
-77600 21
-77500 5
-77400 6
-77300 2
-77200 3
-77100 1
-77000 3
-76900 0
-76800 3
-76700 3
-76600 10
-76500 24
-76400 57
-76300 62
-76200 18
-76100 16
-76000 57
-75900 75
-75800 73
-75700 28
-75600 5
-75500 2
-75400 4
-75300 2
-75200 0
-75100 4
-75000 2
-74900 5
-74800 6
-74700 7
-74600 7
-74500 3
-74400 1
-74300 0
-74200 6
-74100 7
-74000 2
-73900 1
-73800 1
-73700 1
-73600 0
-73500 2
-73400 1
-73300 0
-73200 2
-73100 1
-73000 3
-72900 4
-72800 2
-72700 1
-72600 1
-72500 1
-72400 1
-72300 1
-72200 1
-72100 0
-72000 2
-71900 0
-71800 1
-71700 1
-71600 2
-71500 3
-71400 8
-71300 9
-71200 5
-71100 9
-71000 1
-70900 4
-70800 0
-70700 1
-70600 1
-70500 2
-70400 1
-70300 6
-70200 7
-70100 19
-70000 33
-69900 71
-69800 601
-69700 5142
-69600 12316
-69500 7858
-69400 1367
-69300 100
-69200 17
-69100 21
-69000 15
-68900 2
-68800 1
-68700 3
-68600 6
-68500 2
-68400 2
-68300 3
-68200 2
-68100 12
-68000 14
-67900 15
-67800 9
-67700 6
-67600 1
-67500 1
-67400 0
-67300 0
-67200 2
-67100 1
-67000 0
-66900 1
-66800 0
-66700 0
-66600 0
-66500 2
-66400 0
-66300 0
-66200 0
-66100 3
-66000 2
-65900 0
-65800 3
-65700 0
-65600 1
-65500 2
-65400 4
-65300 1
-65200 0
-65100 2
-65000 3
-64900 26
-64800 136
-64700 306
-64600 185
-64500 36
-64400 6
-64300 7
-64200 0
-64100 4
-64000 1
-63900 4
-63800 7
-63700 4
-63600 3
-63500 10
-63400 31
-63300 61
-63200 70
-63100 24
-63000 6
-62900 51
-62800 84
-62700 66
-62600 27
-62500 8
-62400 3
-62300 2
-62200 5
-62100 3
-62000 1
-61900 3
-61800 6
-61700 7
-61600 9
-61500 1
-61400 5
-61300 2
-61200 0
-61100 1
-61000 4
-60900 4
-60800 1
-60700 1
-60600 0
-60500 0
-60400 1
-60300 0
-60200 2
-60100 1
-60000 0
-59900 5
-59800 3
-59700 4
-59600 0
-59500 2
-59400 1
-59300 1
-59200 0
-59100 0
-59000 2
-58900 1
-58800 1
-58700 3
-58600 1
-58500 1
-58400 5
-58300 6
-58200 7
-58100 8
-58000 8
-57900 4
-57800 1
-57700 0
-57600 1
-57500 2
-57400 0
-57300 1
-57200 4
-57100 16
-57000 20
-56900 29
-56800 46
-56700 341
-56600 3341
-56500 11145
-56400 10082
-56300 2476
-56200 231
-56100 18
-56000 16
-55900 21
-55800 3
-55700 3
-55600 0
-55500 4
-55400 1
-55300 2
-55200 4
-55100 4
-55000 7
-54900 12
-54800 10
-54700 10
-54600 8
-54500 1
-54400 2
-54300 0
-54200 3
-54100 0
-54000 2
-53900 1
-53800 1
-53700 2
-53600 2
-53500 0
-53400 2
-53300 6
-53200 1
-53100 0
-53000 0
-52900 1
-52800 1
-52700 0
-52600 0
-52500 1
-52400 2
-52300 2
-52200 0
-52100 2
-52000 1
-51900 6
-51800 15
-51700 67
-51600 262
-51500 263
-51400 65
-51300 8
-51200 7
-51100 3
-51000 5
-50900 0
-50800 3
-50700 2
-50600 3
-50500 0
-50400 3
-50300 8
-50200 40
-50100 77
-50000 50
-49900 13
-49800 20
-49700 69
-49600 80
-49500 45
-49400 8
-49300 2
-49200 1
-49100 4
-49000 0
-48900 1
-48800 1
-48700 1
-48600 2
-48500 5
-48400 4
-48300 7
-48200 1
-48100 1
-48000 3
-47900 2
-47800 4
-47700 3
-47600 1
-47500 0
-47400 1
-47300 0
-47200 0
-47100 2
-47000 1
-46900 0
-46800 3
-46700 5
-46600 4
-46500 3
-46400 1
-46300 2
-46200 0
-46100 0
-46000 1
-45900 1
-45800 1
-45700 3
-45600 0
-45500 1
-45400 2
-45300 5
-45200 2
-45100 6
-45000 4
-44900 7
-44800 9
-44700 3
-44600 0
-44500 0
-44400 1
-44300 1
-44200 4
-44100 1
-44000 4
-43900 12
-43800 24
-43700 43
-43600 81
-43500 872
-43400 6205
-43300 12501
-43200 6563
-43100 993
-43000 62
-42900 27
-42800 19
-42700 14
-42600 4
-42500 3
-42400 3
-42300 0
-42200 1
-42100 2
-42000 1
-41900 9
-41800 4
-41700 15
-41600 17
-41500 5
-41400 4
-41300 1
-41200 2
-41100 1
-41000 3
-40900 0
-40800 2
-40700 0
-40600 0
-40500 0
-40400 4
-40300 0
-40200 1
-40100 0
-40000 1
-39900 2
-39800 0
-39700 2
-39600 0
-39500 1
-39400 1
-39300 1
-39200 0
-39100 0
-39000 1
-38900 4
-38800 6
-38700 6
-38600 21
-38500 154
-38400 313
-38300 175
-38200 30
-38100 2
-38000 2
-37900 0
-37800 0
-37700 0
-37600 0
-37500 7
-37400 6
-37300 5
-37200 8
-37100 34
-37000 56
-36900 61
-36800 18
-36700 11
-36600 50
-36500 84
-36400 67
-36300 40
-36200 2
-36100 0
-36000 4
-35900 9
-35800 0
-35700 0
-35600 2
-35500 3
-35400 6
-35300 7
-35200 5
-35100 8
-35000 4
-34900 2
-34800 6
-34700 3
-34600 2
-34500 3
-34400 4
-34300 1
-34200 2
-34100 1
-34000 0
-33900 2
-33800 2
-33700 1
-33600 1
-33500 7
-33400 0
-33300 2
-33200 1
-33100 0
-33000 1
-32900 0
-32800 1
-32700 0
-32600 3
-32500 0
-32400 0
-32300 1
-32200 2
-32100 6
-32000 7
-31900 5
-31800 5
-31700 7
-31600 4
-31500 2
-31400 1
-31300 3
-31200 0
-31100 2
-31000 6
-30900 4
-30800 9
-30700 21
-30600 38
-30500 59
-30400 315
-30300 3371
-30200 11121
-30100 9997
-30000 2417
-29900 165
-29800 22
-29700 20
-29600 17
-29500 2
-29400 2
-29300 0
-29200 0
-29100 1
-29000 1
-28900 4
-28800 3
-28700 17
-28600 11
-28500 11
-28400 8
-28300 1
-28200 2
-28100 1
-28000 1
-27900 0
-27800 1
-27700 1
-27600 0
-27500 2
-27400 2
-27300 3
-27200 1
-27100 0
-27000 2
-26900 3
-26800 1
-26700 1
-26600 4
-26500 0
-26400 0
-26300 0
-26200 1
-26100 0
-26000 2
-25900 1
-25800 2
-25700 7
-25600 3
-25500 26
-25400 163
-25300 279
-25200 147
-25100 28
-25000 9
-24900 2
-24800 4
-24700 0
-24600 2
-24500 3
-24400 5
-24300 1
-24200 1
-24100 9
-24000 25
-23900 62
-23800 68
-23700 23
-23600 12
-23500 53
-23400 78
-23300 81
-23200 22
-23100 7
-23000 1
-22900 7
-22800 3
-22700 0
-22600 2
-22500 1
-22400 7
-22300 8
-22200 11
-22100 10
-22000 3
-21900 0
-21800 2
-21700 3
-21600 7
-21500 4
-21400 0
-21300 0
-21200 2
-21100 0
-21000 1
-20900 3
-20800 1
-20700 1
-20600 0
-20500 5
-20400 3
-20300 1
-20200 1
-20100 3
-20000 0
-19900 1
-19800 0
-19700 1
-19600 4
-19500 1
-19400 4
-19300 2
-19200 1
-19100 2
-19000 6
-18900 4
-18800 2
-18700 7
-18600 1
-18500 9
-18400 4
-18300 2
-18200 2
-18100 0
-18000 1
-17900 0
-17800 4
-17700 4
-17600 15
-17500 27
-17400 78
-17300 612
-17200 4587
-17100 11521
-17000 8356
-16900 1793
-16800 148
-16700 30
-16600 20
-16500 7
-16400 5
-16300 2
-16200 3
-16100 1
-16000 1
-15900 1
-15800 2
-15700 5
-15600 15
-15500 9
-15400 16
-15300 4
-15200 0
-15100 1
-15000 2
-14900 2
-14800 2
-14700 0
-14600 0
-14500 1
-14400 1
-14300 0
-14200 2
-14100 2
-14000 2
-13900 1
-13800 0
-13700 0
-13600 3
-13500 0
-13400 0
-13300 1
-13200 1
-13100 1
-13000 1
-12900 1
-12800 1
-12700 1
-12600 9
-12500 4
-12400 20
-12300 137
-12200 298
-12100 178
-12000 38
-11900 10
-11800 2
-11700 3
-11600 2
-11500 3
-11400 1
-11300 5
-11200 3
-11100 2
-11000 5
-10900 20
-10800 56
-10700 55
-10600 35
-10500 12
-10400 48
-10300 72
-10200 72
-10100 55
-10000 15
-9900 5
-9800 5
-9700 3
-9600 1
-9500 0
-9400 3
-9300 3
-9200 4
-9100 8
-9000 9
-8900 2
-8800 3
-8700 4
-8600 3
-8500 8
-8400 0
-8300 1
-8200 4
-8100 3
-8000 1
-7900 4
-7800 0
-7700 1
-7600 3
-7500 1
-7400 2
-7300 7
-7200 6
-7100 4
-7000 4
-6900 1
-6800 0
-6700 1
-6600 2
-6500 3
-6400 4
-6300 0
-6200 0
-6100 1
-6000 2
-5900 1
-5800 7
-5700 6
-5600 5
-5500 8
-5400 5
-5300 6
-5200 2
-5100 2
-5000 1
-4900 0
-4800 2
-4700 2
-4600 4
-4500 10
-4400 28
-4300 30
-4200 87
-4100 1057
-4000 6844
-3900 12389
-3800 6026
-3700 798
-3600 49
-3500 16
-3400 20
-3300 9
-3200 2
-3100 3
-3000 1
-2900 3
-2800 1
-2700 1
-2600 2
-2500 8
-2400 14
-2300 8
-2200 6
-2100 5
-2000 2
-1900 2
-1800 0
-1700 0
-1600 0
-1500 1
-1400 0
-1300 2
-1200 1
-1100 0
-1000 4
-900 1
-800 0
-700 1
-600 2
-500 1
-400 1
-300 1
-200 0
-100 2
0 1
100 1
200 2
300 3
400 1
500 2
600 4
700 9
800 31
900 168
1000 288
1100 140
1200 20
1300 5
1400 7
1500 2
1600 0
1700 1
1800 1
1900 2
2000 3
2100 2
2200 8
2300 36
2400 57
2500 60
2600 14
2700 9
2800 46
2900 80
3000 65
3100 38
3200 3
3300 3
3400 8
3500 0
3600 2
3700 1
3800 3
3900 2
4000 7
4100 9
4200 12
4300 5
4400 2
4500 0
4600 2
4700 6
4800 5
4900 0
5000 1
5100 1
5200 2
5300 1
5400 1
5500 2
5600 0
5700 1
5800 5
5900 6
6000 3
6100 2
6200 1
6300 1
6400 0
6500 2
6600 2
6700 2
6800 1
6900 1
7000 3
7100 1
7200 3
7300 2
7400 6
7500 4
7600 7
7700 6
7800 5
7900 5
8000 3
8100 1
8200 1
8300 1
8400 4
8500 2
8600 19
8700 27
8800 39
8900 74
9000 382
9100 3983
9200 15886
9300 18868
9400 6103
9500 594
9600 56
9700 22
9800 20
9900 19
10000 6
10100 5
10200 0
10300 1
10400 2
10500 2
10600 4
10700 8
10800 10
10900 14
11000 12
11100 4
11200 2
11300 2
11400 0
11500 1
11600 1
11700 1
11800 1
11900 0
12000 2
12100 3
12200 1
12300 0
12400 3
12500 2
12600 2
12700 4
12800 0
12900 2
13000 0
13100 1
13200 0
13300 1
13400 2
13500 1
13600 0
13700 5
13800 4
13900 7
14000 47
14100 242
14200 312
14300 98
14400 16
14500 4
14600 2
14700 3
14800 0
14900 1
15000 2
15100 3
15200 4
15300 3
15400 15
15500 31
15600 61
15700 51
15800 22
15900 18
16000 42
16100 98
16200 50
16300 26
16400 4
16500 4
16600 3
16700 1
16800 4
16900 3
17000 1
17100 1
17200 6
17300 7
17400 7
17500 2
17600 0
17700 2
17800 3
17900 4
18000 1
18100 1
18200 1
18300 1
18400 1
18500 2
18600 1
18700 2
18800 3
18900 3
19000 4
19100 4
19200 3
19300 2
19400 0
19500 1
19600 0
19700 0
19800 2
19900 1
20000 4
20100 1
20200 2
20300 2
20400 3
20500 5
20600 6
20700 4
20800 7
20900 3
21000 2
21100 0
21200 2
21300 0
21400 1
21500 3
21600 1
21700 2
21800 17
21900 21
22000 47
22100 84
22200 841
22300 5830
22400 12062
22500 6784
22600 1095
22700 90
22800 31
22900 13
23000 9
23100 3
23200 0
23300 0
23400 2
23500 1
23600 1
23700 3
23800 10
23900 8
24000 14
24100 13
24200 7
24300 2
24400 3
24500 0
24600 2
24700 0
24800 1
24900 2
25000 2
25100 2
25200 1
25300 4
25400 1
25500 1
25600 2
25700 0
25800 1
25900 0
26000 0
26100 3
26200 1
26300 0
26400 2
26500 0
26600 3
26700 2
26800 3
26900 4
27000 11
27100 64
27200 262
27300 264
27400 102
27500 11
27600 5
27700 5
27800 3
27900 1
28000 1
28100 4
28200 2
28300 4
28400 1
28500 15
28600 36
28700 68
28800 47
28900 11
29000 26
29100 68
29200 78
29300 58
29400 18
29500 2
29600 1
29700 7
29800 2
29900 0
30000 4
30100 2
30200 5
30300 10
30400 13
30500 4
30600 2
30700 0
30800 0
30900 3
31000 5
31100 1
31200 2
31300 1
31400 2
31500 0
31600 1
31700 1
31800 1
31900 1
32000 2
32100 4
32200 5
32300 2
32400 4
32500 3
32600 2
32700 3
32800 3
32900 1
33000 4
33100 2
33200 3
33300 2
33400 1
33500 2
33600 3
33700 5
33800 9
33900 10
34000 3
34100 3
34200 2
34300 0
34400 1
34500 2
34600 3
34700 1
34800 3
34900 7
35000 26
35100 40
35200 106
35300 1213
35400 7348
35500 12389
35600 5668
35700 718
35800 50
35900 17
36000 22
36100 9
36200 4
36300 3
36400 0
36500 1
36600 1
36700 2
36800 4
36900 10
37000 6
37100 13
37200 13
37300 2
37400 3
37500 0
37600 0
37700 1
37800 2
37900 1
38000 0
38100 1
38200 0
38300 2
38400 1
38500 0
38600 1
38700 1
38800 0
38900 1
39000 3
39100 1
39200 4
39300 1
39400 2
39500 1
39600 0
39700 2
39800 5
39900 4
40000 6
40100 6
40200 28
40300 214
40400 319
40500 122
40600 25
40700 3
40800 5
40900 3
41000 0
41100 4
41200 4
41300 5
41400 2
41500 5
41600 5
41700 38
41800 64
41900 56
42000 19
42100 13
42200 61
42300 84
42400 63
42500 24
42600 4
42700 1
42800 2
42900 2
43000 1
43100 2
43200 2
43300 5
43400 5
43500 10
43600 4
43700 3
43800 1
43900 1
44000 2
44100 2
44200 4
44300 2
44400 0
44500 1
44600 1
44700 0
44800 2
44900 2
45000 2
45100 0
45200 6
45300 2
45400 4
45500 4
45600 2
45700 0
45800 0
45900 0
46000 1
46100 2
46200 2
46300 2
46400 1
46500 2
46600 2
46700 4
46800 4
46900 5
47000 6
47100 11
47200 11
47300 5
47400 4
47500 1
47600 0
47700 0
47800 1
47900 5
48000 14
48100 16
48200 27
48300 51
48400 331
48500 3256
48600 11162
48700 9912
48800 2477
48900 189
49000 27
49100 37
49200 17
49300 15
49400 3
49500 3
49600 2
49700 0
49800 3
49900 4
50000 3
50100 7
50200 13
50300 16
50400 7
50500 4
50600 0
50700 2
50800 1
50900 1
51000 2
51100 0
51200 0
51300 1
51400 0
51500 1
51600 0
51700 0
51800 1
51900 2
52000 0
52100 0
52200 1
52300 1
52400 1
52500 0
52600 1
52700 2
52800 0
52900 3
53000 2
53100 4
53200 6
53300 20
53400 136
53500 491
53600 381
53700 95
53800 12
53900 5
54000 1
54100 0
54200 2
54300 4
54400 3
54500 4
54600 1
54700 3
54800 24
54900 51
55000 75
55100 35
55200 10
55300 30
55400 64
55500 92
55600 48
55700 10
55800 0
55900 1
56000 4
56100 1
56200 0
56300 2
56400 1
56500 7
56600 12
56700 10
56800 7
56900 2
57000 1
57100 0
57200 4
57300 3
57400 1
57500 0
57600 2
57700 0
57800 5
57900 0
58000 0
58100 4
58200 0
58300 0
58400 4
58500 4
58600 3
58700 2
58800 1
58900 1
59000 0
59100 2
59200 0
59300 0
59400 2
59500 1
59600 1
59700 1
59800 4
59900 6
60000 6
60100 8
60200 5
60300 13
60400 2
60500 3
60600 0
60700 1
60800 2
60900 3
61000 3
61100 5
61200 13
61300 40
61400 33
61500 109
61600 1157
61700 7076
61800 12255
61900 5796
62000 742
62100 60
62200 18
62300 17
62400 10
62500 2
62600 2
62700 0
62800 2
62900 1
63000 2
63100 1
63200 5
63300 10
63400 19
63500 7
63600 6
63700 3
63800 0
63900 1
64000 0
64100 0
64200 3
64300 0
64400 1
64500 0
64600 1
64700 2
64800 0
64900 3
65000 2
65100 1
65200 3
65300 1
65400 0
65500 0
65600 0
65700 3
65800 2
65900 1
66000 0
66100 1
66200 2
66300 7
66400 9
66500 40
66600 229
66700 328
66800 124
66900 18
67000 8
67100 4
67200 2
67300 1
67400 1
67500 0
67600 3
67700 3
67800 1
67900 13
68000 33
68100 62
68200 52
68300 23
68400 18
68500 55
68600 89
68700 70
68800 22
68900 4
69000 4
69100 2
69200 3
69300 4
69400 1
69500 0
69600 4
69700 2
69800 5
69900 5
70000 0
70100 1
70200 4
70300 5
70400 2
70500 0
70600 0
70700 0
70800 1
70900 1
71000 0
71100 4
71200 1
71300 0
71400 1
71500 4
71600 8
71700 2
71800 4
71900 1
72000 2
72100 0
72200 1
72300 2
72400 1
72500 0
72600 0
72700 2
72800 1
72900 3
73000 6
73100 3
73200 9
73300 7
73400 5
73500 5
73600 1
73700 1
73800 1
73900 3
74000 1
74100 2
74200 3
74300 17
74400 28
74500 45
74600 104
74700 776
74800 5814
74900 12409
75000 7147
75100 1089
75200 69
75300 22
75400 16
75500 10
75600 6
75700 3
75800 1
75900 3
76000 3
76100 2
76200 2
76300 7
76400 12
76500 16
76600 11
76700 5
76800 3
76900 1
77000 2
77100 1
77200 2
77300 2
77400 0
77500 2
77600 0
77700 1
77800 1
77900 3
78000 3
78100 0
78200 2
78300 3
78400 4
78500 0
78600 0
78700 4
78800 0
78900 1
79000 1
79100 0
79200 2
79300 3
79400 3
79500 7
79600 29
79700 194
79800 319
79900 145
80000 17
80100 4
80200 5
80300 0
80400 2
80500 0
80600 5
80700 3
80800 4
80900 2
81000 9
81100 33
81200 50
81300 67
81400 21
81500 10
81600 55
81700 87
81800 60
81900 27
82000 4
82100 0
82200 5
82300 4
82400 2
82500 1
82600 3
82700 2
82800 11
82900 6
83000 6
83100 3
83200 3
83300 1
83400 2
83500 4
83600 0
83700 1
83800 0
83900 2
84000 0
84100 1
84200 2
84300 0
84400 1
84500 4
84600 3
84700 5
84800 4
84900 2
85000 2
85100 0
85200 2
85300 0
85400 0
85500 1
85600 2
85700 3
85800 1
85900 0
86000 4
86100 4
86200 4
86300 4
86400 7
86500 9
86600 8
86700 4
86800 1
86900 1
87000 3
87100 1
87200 2
87300 5
87400 9
87500 22
87600 28
87700 51
87800 434
87900 3880
88000 11638
88100 9360
88200 2005
88300 145
88400 20
88500 33
88600 14
88700 5
88800 1
88900 2
89000 1
89100 1
89200 0
89300 1
89400 4
89500 11
89600 11
89700 12
89800 10
89900 6
90000 3
90100 2
90200 0
90300 1
90400 5
90500 0
90600 1
90700 0
90800 0
90900 0
91000 3
91100 2
91200 7
91300 2
91400 0
91500 2
91600 1
91700 1
91800 1
91900 0
92000 0
92100 2
92200 2
92300 1
92400 2
92500 5
92600 5
92700 13
92800 113
92900 304
93000 227
93100 45
93200 10
93300 5
93400 5
93500 1
93600 1
93700 3
93800 3
93900 3
94000 1
94100 2
94200 26
94300 39
94400 71
94500 34
94600 9
94700 41
94800 73
94900 64
95000 45
95100 15
95200 5
95300 3
95400 3
95500 3
95600 0
95700 1
95800 1
95900 4
96000 6
96100 6
96200 6
96300 2
96400 2
96500 3
96600 5
96700 4
96800 1
96900 1
97000 0
97100 2
97200 1
97300 4
97400 0
97500 1
97600 3
97700 6
97800 4
97900 5
98000 1
98100 1
98200 0
98300 2
98400 2
98500 5
98600 0
98700 0
98800 0
98900 2
99000 0
99100 2
99200 2
99300 11
99400 5
99500 9
99600 7
99700 7
99800 5
99900 1
100000 0
100100 3
100200 1
100300 2
100400 3
100500 2
100600 17
100700 31
100800 39
100900 132
101000 1357
101100 7923
101200 12314
101300 5143
101400 585
101500 43
101600 18
101700 18
101800 4
101900 3
102000 2
102100 0
102200 2
102300 0
102400 2
102500 3
102600 8
102700 13
102800 12
102900 8
103000 5
103100 3
103200 1
103300 0
103400 4
103500 1
103600 2
103700 0
103800 0
103900 3
104000 0
104100 0
104200 1
104300 3
104400 3
104500 0
104600 1
104700 2
104800 4
104900 1
105000 0
105100 0
105200 0
105300 2
105400 1
105500 3
105600 2
105700 5
105800 11
105900 50
106000 208
106100 313
106200 86
106300 17
106400 4
106500 1
106600 1
106700 1
106800 3
106900 4
107000 3
107100 2
107200 3
107300 14
107400 36
107500 63
107600 47
107700 15
107800 22
107900 57
108000 95
108100 66
108200 20
108300 3
108400 3
108500 3
108600 3
108700 0
108800 2
108900 2
109000 2
109100 7
109200 1
109300 5
109400 1
109500 1
109600 1
109700 4
109800 5
109900 2
110000 1
110100 0
110200 1
110300 0
110400 3
110500 1
110600 4
110700 0
110800 3
110900 4
111000 2
111100 4
111200 1
111300 1
111400 2
111500 2
111600 1
111700 2
111800 1
111900 0
112000 0
112100 1
112200 2
112300 3
112400 7
112500 7
112600 4
112700 8
112800 5
112900 4
113000 4
113100 3
113200 4
113300 3
113400 2
113500 3
113600 2
113700 15
113800 20
113900 37
114000 76
114100 638
114200 4928
114300 11996
114400 7946
114500 1440
114600 93
114700 17
114800 22
114900 12
115000 5
115100 2
115200 3
115300 0
115400 1
115500 0
115600 3
115700 6
115800 8
115900 14
116000 18
116100 4
116200 1
116300 1
116400 3
116500 2
116600 0
116700 1
116800 3
116900 0
117000 1
117100 0
117200 2
117300 2
117400 0
117500 2
117600 1
117700 3
117800 0
117900 1
118000 1
118100 1
118200 1
118300 0
118400 2
118500 0
118600 1
118700 3
118800 4
118900 3
119000 26
119100 148
119200 293
119300 165
119400 35
119500 8
119600 5
119700 1
119800 2
119900 1
120000 4
120100 4
120200 1
120300 8
120400 6
120500 28
120600 57
120700 51
120800 21
120900 13
121000 40
121100 85
121200 65
121300 23
121400 4
121500 2
121600 0
121700 5
121800 0
121900 1
122000 0
122100 3
122200 3
122300 9
122400 5
122500 3
122600 3
122700 1
122800 4
122900 5
123000 1
123100 2
123200 0
123300 1
123400 0
123500 3
123600 3
123700 1
123800 1
123900 1
124000 5
124100 1
124200 3
124300 0
124400 1
124500 0
124600 1
124700 2
124800 1
124900 1
125000 0
125100 1
125200 1
125300 2
125400 3
125500 4
125600 9
125700 7
125800 5
125900 10
126000 5
126100 5
126200 1
126300 2
126400 3
126500 2
126600 1
126700 2
126800 5
126900 14
127000 28
127100 53
127200 240
127300 2884
127400 10660
127500 10545
127600 2677
127700 218
127800 22
127900 13
128000 11
128100 8
128200 2
128300 3
128400 2
128500 0
128600 4
128700 2
128800 7
128900 12
129000 14
129100 6
129200 8
129300 1
129400 1
129500 3
129600 3
129700 1
129800 0
129900 2
130000 0
130100 0
130200 1
130300 1
130400 2
130500 5
130600 1
130700 1
130800 2
130900 0
131000 0
131100 0
131200 2
131300 0
131400 2
131500 1
131600 0
131700 3
131800 1
131900 7
132000 7
132100 17
132200 79
132300 285
132400 267
132500 67
132600 12
132700 9
132800 2
132900 3
133000 2
133100 2
133200 2
133300 8
133400 3
133500 7
133600 14
133700 36
133800 53
133900 45
134000 12
134100 34
134200 67
134300 84
134400 46
134500 6
134600 4
134700 4
134800 6
134900 0
135000 1
135100 2
135200 3
135300 5
135400 8
135500 7
135600 4
135700 5
135800 0
135900 3
136000 4
136100 6
136200 3
136300 4
136400 0
136500 1
136600 0
136700 0
136800 1
136900 3
137000 1
137100 3
137200 5
137300 5
137400 4
137500 1
137600 1
137700 0
137800 2
137900 1
138000 1
138100 1
138200 2
138300 0
138400 1
138500 5
138600 3
138700 2
138800 6
138900 7
139000 7
139100 8
139200 7
139300 3
139400 2
139500 0
139600 2
139700 1
139800 3
139900 3
140000 20
140100 25
140200 33
140300 141
140400 1402
140500 7544
140600 12220
140700 5324
140800 679
140900 56
141000 24
141100 16
141200 10
141300 4
141400 1
141500 0
141600 0
141700 2
141800 3
141900 6
142000 5
142100 9
142200 13
142300 13
142400 3
142500 1
142600 1
142700 0
142800 2
142900 0
143000 1
143100 2
143200 0
143300 1
143400 1
143500 1
143600 1
143700 1
143800 0
143900 0
144000 2
144100 0
144200 0
144300 0
144400 0
144500 1
144600 2
144700 2
144800 0
144900 1
145000 2
145100 1
145200 8
145300 33
145400 204
145500 301
145600 118
145700 18
145800 3
145900 2
146000 3
146100 1
146200 4
146300 4
146400 5
146500 3
146600 6
146700 7
146800 41
146900 62
147000 42
147100 15
147200 20
147300 49
147400 74
147500 65
147600 21
147700 6
147800 3
147900 1
148000 2
148100 3
148200 2
148300 1
148400 2
148500 2
148600 6
148700 8
148800 3
148900 0
149000 3
149100 3
149200 5
149300 3
149400 1
149500 1
149600 2
149700 0
149800 1
149900 0
150000 1
150100 1
150200 2
150300 3
150400 4
150500 2
150600 3
150700 1
150800 1
150900 0
151000 3
151100 1
151200 4
151300 1
151400 5
151500 0
151600 3
151700 2
151800 3
151900 5
152000 5
152100 7
152200 7
152300 10
152400 0
152500 2
152600 1
152700 1
152800 2
152900 1
153000 0
153100 8
153200 28
153300 31
153400 66
153500 556
153600 4518
153700 11792
153800 8327
153900 1637
154000 144
154100 33
154200 17
154300 15
154400 6
154500 1
154600 1
154700 1
154800 1
154900 1
155000 3
155100 6
155200 13
155300 12
155400 11
155500 4
155600 2
155700 2
155800 1
155900 1
156000 0
156100 0
156200 1
156300 0
156400 2
156500 1
156600 3
156700 1
156800 0
156900 6
157000 2
157100 1
157200 2
157300 4
157400 0
157500 0
157600 1
157700 4
157800 0
157900 2
158000 0
158100 3
158200 6
158300 5
158400 19
158500 135
158600 299
158700 198
158800 37
158900 12
159000 5
159100 1
159200 1
159300 0
159400 1
159500 3
159600 5
159700 3
159800 3
159900 27
160000 47
160100 59
160200 24
160300 11
160400 46
160500 70
160600 83
160700 32
160800 7
160900 6
161000 4
161100 4
161200 2
161300 1
161400 3
161500 2
161600 5
161700 1
161800 10
161900 2
162000 1
162100 4
162200 5
162300 7
162400 5
162500 3
162600 1
162700 2
162800 0
162900 0
163000 1
163100 0
163200 3
163300 1
163400 5
163500 7
163600 5
163700 4
163800 3
163900 2
164000 0
164100 0
164200 0
164300 2
164400 1
164500 1
164600 1
164700 0
164800 1
164900 5
165000 9
165100 4
165200 9
165300 6
165400 7
165500 4
165600 2
165700 3
165800 0
165900 1
166000 0
166100 6
166200 9
166300 12
166400 30
166500 48
166600 215
166700 2434
166800 9754
166900 11148
167000 3457
167100 332
167200 39
167300 16
167400 20
167500 3
167600 3
167700 2
167800 0
167900 1
168000 4
168100 1
168200 2
168300 8
168400 10
168500 17
168600 11
168700 4
168800 2
168900 1
169000 2
169100 0
169200 1
169300 3
169400 0
169500 3
169600 1
169700 0
169800 3
169900 3
170000 2
170100 2
170200 1
170300 0
170400 2
170500 1
170600 2
170700 1
170800 1
170900 4
171000 2
171100 1
171200 0
171300 2
171400 7
171500 7
171600 68
171700 274
171800 243
171900 62
172000 9
172100 6
172200 2
172300 0
172400 1
172500 3
172600 3
172700 3
172800 3
172900 9
173000 13
173100 42
173200 58
173300 37
173400 13
173500 29
173600 64
173700 71
173800 49
173900 14
174000 2
174100 2
174200 4
174300 0
174400 1
174500 0
174600 0
174700 4
174800 3
174900 11
175000 4
175100 5
175200 0
175300 3
175400 3
175500 5
175600 1
175700 1
175800 1
175900 2
176000 1
176100 1
176200 1
176300 2
176400 1
176500 0
176600 7
176700 5
176800 1
176900 1
177000 3
177100 1
177200 0
177300 0
177400 1
177500 2
177600 1
177700 1
177800 3
177900 2
178000 3
178100 2
178200 2
178300 7
178400 6
178500 8
178600 3
178700 2
178800 1
178900 1
179000 2
179100 2
179200 1
179300 4
179400 9
179500 8
179600 36
179700 103
179800 1241
179900 6992
180000 12128
180100 5991
180200 802
180300 64
180400 29
180500 19
180600 8
180700 10
180800 1
180900 1
181000 0
181100 1
181200 1
181300 6
181400 14
181500 14
181600 17
181700 12
181800 12
181900 2
182000 1
182100 2
182200 1
182300 0
182400 3
182500 2
182600 4
182700 0
182800 1
182900 2
183000 0
183100 2
183200 2
183300 2
183400 0
183500 2
183600 1
183700 2
183800 1
183900 2
184000 4
184100 2
184200 2
184300 1
184400 2
184500 4
184600 4
184700 47
184800 196
184900 314
185000 138
185100 29
185200 11
185300 6
185400 3
185500 0
185600 1
185700 2
185800 1
185900 2
186000 3
186100 15
186200 31
186300 48
186400 60
186500 19
186600 21
186700 53
186800 83
186900 68
187000 28
187100 5
187200 4
187300 5
187400 2
187500 0
187600 2
187700 1
187800 1
187900 3
188000 6
188100 11
188200 5
188300 3
188400 1
188500 1
188600 4
188700 0
188800 0
188900 2
189000 0
189100 0
189200 0
189300 1
189400 1
189500 1
189600 0
189700 4
189800 3
189900 6
190000 1
190100 0
190200 1
190300 0
190400 1
190500 1
190600 2
190700 4
190800 2
190900 1
191000 1
191100 3
191200 9
191300 4
191400 8
191500 3
191600 8
191700 7
191800 1
191900 1
192000 1
192100 1
192200 5
192300 0
192400 3
192500 7
192600 20
192700 29
192800 57
192900 456
193000 3860
193100 11316
193200 9446
193300 2296
193400 203
193500 27
193600 17
193700 9
193800 4
193900 1
194000 2
194100 1
194200 2
194300 3
194400 1
194500 3
194600 10
194700 7
194800 8
194900 7
195000 4
195100 1
195200 4
195300 1
195400 2
195500 2
195600 0
195700 3
195800 0
195900 2
196000 1
196100 1
196200 2
196300 3
196400 0
196500 1
196600 2
196700 0
196800 6
196900 2
197000 0
197100 1
197200 1
197300 2
197400 0
197500 3
197600 4
197700 2
197800 13
197900 110
198000 273
198100 244
198200 48
198300 8
198400 3
198500 4
198600 2
198700 3
198800 3
198900 6
199000 5
199100 3
199200 8
199300 12
199400 40
199500 66
199600 32
199700 14
199800 34
199900 79
200000 84
200100 38
200200 8
200300 4
200400 4
200500 3
200600 2
200700 1
200800 2
200900 2
201000 3
201100 6
201200 11
201300 3
201400 0
201500 1
201600 2
201700 6
201800 1
201900 1
202000 0
202100 1
202200 0
202300 1
202400 0
202500 2
202600 0
202700 2
202800 5
202900 5
203000 3
203100 2
203200 4
203300 0
203400 0
203500 0
203600 0
203700 2
203800 3
203900 0
204000 2
204100 1
204200 3
204300 1
204400 5
204500 5
204600 6
204700 6
204800 5
204900 5
205000 3
205100 1
205200 0
205300 1
205400 1
205500 4
205600 3
205700 24
205800 33
205900 29
206000 232
206100 2288
206200 9195
206300 11296
206400 3959
206500 413
206600 41
206700 18
206800 17
206900 7
207000 3
207100 1
207200 2
207300 1
207400 0
207500 3
207600 3
207700 14
207800 5
207900 13
208000 8
208100 3
208200 2
208300 0
208400 0
208500 2
208600 0
208700 0
208800 1
208900 1
209000 1
209100 2
209200 2
209300 0
209400 2
209500 2
209600 2
209700 2
209800 0
209900 2
210000 0
210100 4
210200 0
210300 0
210400 4
210500 0
210600 5
210700 2
210800 10
210900 6
211000 81
211100 267
211200 274
211300 69
211400 16
211500 5
211600 2
211700 1
211800 0
211900 2
212000 3
212100 2
212200 3
212300 0
212400 18
212500 35
212600 74
212700 57
212800 18
212900 20
213000 71
213100 82
213200 64
213300 11
213400 5
213500 4
213600 2
213700 3
213800 1
213900 2
214000 2
214100 2
214200 7
214300 9
214400 5
214500 3
214600 2
214700 3
214800 5
214900 4
215000 0
215100 1
215200 0
215300 2
215400 3
215500 2
215600 0
215700 1
215800 0
215900 4
216000 4
216100 2
216200 3
216300 1
216400 1
216500 1
216600 1
216700 1
216800 0
216900 2
217000 3
217100 1
217200 0
217300 2
217400 3
217500 1
217600 5
217700 6
217800 7
217900 6
218000 4
218100 0
218200 0
218300 3
218400 0
218500 1
218600 1
218700 5
218800 7
218900 16
219000 35
219100 102
219200 1065
219300 6422
219400 12123
219500 6527
219600 1022
219700 80
219800 16
219900 23
220000 9
220100 4
220200 1
220300 3
220400 3
220500 0
220600 3
220700 2
220800 11
220900 10
221000 12
221100 11
221200 5
221300 3
221400 1
221500 0
221600 0
221700 0
221800 2
221900 1
222000 0
222100 3
222200 2
222300 1
222400 3
222500 2
222600 2
222700 0
222800 0
222900 3
223000 2
223100 1
223200 1
223300 2
223400 2
223500 1
223600 1
223700 1
223800 2
223900 4
224000 7
224100 45
224200 198
224300 305
224400 127
224500 20
224600 10
224700 4
224800 9
224900 1
225000 1
225100 5
225200 6
225300 0
225400 1
225500 14
225600 53
225700 79
225800 78
225900 25
226000 13
226100 63
226200 110
226300 102
226400 35
226500 3
226600 4
226700 3
226800 3
226900 2
227000 2
227100 4
227200 1
227300 3
227400 7
227500 3
227600 3
227700 0
227800 0
227900 5
228000 4
228100 0
228200 3
228300 1
228400 1
228500 0
228600 2
228700 0
228800 2
228900 0
229000 3
229100 1
229200 5
229300 0
229400 1
229500 0
229600 1
229700 1
229800 1
229900 1
230000 3
230100 0
230200 1
230300 1
230400 1
230500 2
230600 5
230700 4
230800 3
230900 7
231000 5
231100 3
231200 2
231300 2
231400 3
231500 0
231600 4
231700 4
231800 4
231900 9
232000 28
232100 40
232200 76
232300 677
232400 4781
232500 11677
232600 8262
232700 1653
232800 138
232900 19
233000 25
233100 10
233200 3
233300 3
233400 1
233500 1
233600 4
233700 1
233800 1
233900 8
234000 9
234100 12
234200 7
234300 8
234400 2
234500 3
234600 1
234700 2
234800 0
234900 3
235000 1
235100 1
235200 1
235300 0
235400 0
235500 1
235600 1
235700 7
235800 1
235900 1
236000 1
236100 1
236200 0
236300 0
236400 0
236500 1
236600 1
236700 1
236800 0
236900 1
237000 5
237100 5
237200 27
237300 127
237400 304
237500 192
237600 36
237700 12
237800 5
237900 2
238000 2
238100 1
238200 3
238300 5
238400 3
238500 1
238600 12
238700 34
238800 49
238900 72
239000 32
239100 19
239200 37
239300 70
239400 66
239500 27
239600 11
239700 4
239800 5
239900 2
240000 0
240100 0
240200 2
240300 2
240400 5
240500 8
240600 10
240700 2
240800 1
240900 0
241000 2
241100 5
241200 0
241300 3
241400 2
241500 1
241600 0
241700 0
241800 0
241900 0
242000 2
242100 1
242200 1
242300 2
242400 1
242500 3
242600 0
242700 0
242800 0
242900 1
243000 4
243100 0
243200 2
243300 1
243400 0
243500 2
243600 1
243700 5
243800 7
243900 4
244000 5
244100 6
244200 3
244300 3
244400 1
244500 1
244600 2
244700 3
244800 2
244900 1
245000 3
245100 12
245200 27
245300 53
245400 248
245500 2368
245600 9290
245700 11005
245800 3925
245900 463
246000 40
246100 20
246200 14
246300 6
246400 4
246500 0
246600 1
246700 1
246800 0
246900 1
247000 4
247100 13
247200 13
247300 12
247400 12
247500 4
247600 5
247700 1
247800 1
247900 1
248000 2
248100 2
248200 0
248300 1
248400 3
248500 1
248600 3
248700 1
248800 4
248900 2
249000 3
249100 4
249200 0
249300 2
249400 1
249500 0
249600 1
249700 1
249800 0
249900 1
250000 1
250100 3
250200 4
250300 7
250400 71
250500 265
250600 245
250700 93
250800 14
250900 7
251000 5
251100 0
251200 2
251300 4
251400 6
251500 1
251600 1
251700 3
251800 13
251900 40
252000 59
252100 42
252200 18
252300 26
252400 61
252500 99
252600 53
252700 15
252800 1
252900 3
253000 3
253100 1
253200 1
253300 0
253400 1
253500 3
253600 6
253700 10
253800 4
253900 1
254000 2
254100 3
254200 4
254300 3
254400 1
254500 0
254600 1
254700 0
254800 1
254900 1
255000 1
255100 2
255200 1
255300 0
255400 2
255500 2
255600 1
255700 2
255800 2
255900 1
256000 0
256100 1
256200 2
256300 2
256400 0
256500 0
256600 2
256700 2
256800 2
256900 5
257000 5
257100 5
257200 6
257300 10
257400 3
257500 1
257600 0
257700 1
257800 3
257900 2
258000 0
258100 1
258200 14
258300 24
258400 46
258500 115
258600 1169
258700 6658
258800 11807
258900 6327
259000 1035
259100 80
259200 15
259300 24
259400 14
259500 4
259600 3
259700 2
259800 3
259900 2
260000 2
260100 1
260200 10
260300 10
260400 11
260500 13
260600 7
260700 4
260800 2
260900 0
261000 0
261100 1
261200 2
261300 1
261400 2
261500 0
261600 0
261700 1
261800 2
261900 2
262000 5
262100 2
262200 0
262300 2
262400 0
262500 1
262600 3
262700 1
262800 1
262900 1
263000 1
263100 2
263200 1
263300 7
263400 11
263500 42
263600 190
263700 296
263800 140
263900 30
264000 7
264100 4
264200 1
264300 1
264400 1
264500 3
264600 5
264700 2
264800 1
264900 10
265000 35
265100 65
265200 54
265300 15
265400 15
265500 57
265600 84
265700 63
265800 28
265900 3
266000 1
266100 3
266200 4
266300 3
266400 1
266500 2
266600 2
266700 4
266800 11
266900 12
267000 2
267100 0
267200 2
267300 4
267400 5
267500 2
267600 0
267700 1
267800 3
267900 0
268000 2
268100 2
268200 2
268300 1
268400 2
268500 2
268600 3
268700 3
268800 2
268900 0
269000 3
269100 2
269200 0
269300 0
269400 1
269500 0
269600 0
269700 2
269800 2
269900 2
270000 7
270100 9
270200 7
270300 3
270400 6
270500 3
270600 1
270700 3
270800 0
270900 3
271000 2
271100 2
271200 2
271300 6
271400 22
271500 43
271600 75
271700 617
271800 4368
271900 11244
272000 8688
272100 1991
272200 164
272300 22
272400 14
272500 12
272600 8
272700 7
272800 0
272900 2
273000 1
273100 1
273200 3
273300 6
273400 8
273500 22
273600 13
273700 4
273800 6
273900 1
274000 4
274100 0
274200 3
274300 2
274400 1
274500 6
274600 0
274700 1
274800 1
274900 2
275000 1
275100 2
275200 1
275300 2
275400 0
275500 3
275600 1
275700 0
275800 1
275900 1
276000 2
276100 0
276200 0
276300 3
276400 3
276500 8
276600 15
276700 131
276800 288
276900 200
277000 49
277100 6
277200 6
277300 4
277400 2
277500 2
277600 4
277700 11
277800 5
277900 2
278000 12
278100 34
278200 53
278300 58
278400 29
278500 13
278600 45
278700 77
278800 77
278900 39
279000 13
279100 2
279200 1
279300 2
279400 0
279500 0
279600 1
279700 0
279800 3
279900 7
280000 6
280100 5
280200 2
280300 1
280400 1
280500 4
280600 3
280700 0
280800 1
280900 3
281000 0
281100 1
281200 0
281300 0
281400 0
281500 1
281600 5
281700 7
281800 4
281900 6
282000 0
282100 2
282200 1
282300 2
282400 0
282500 0
282600 1
282700 2
282800 1
282900 1
283000 2
283100 4
283200 11
283300 3
283400 5
283500 12
283600 4
283700 5
283800 3
283900 2
284000 0
284100 1
284200 1
284300 3
284400 10
284500 17
284600 30
284700 50
284800 254
284900 2418
285000 9157
285100 10986
285200 3919
285300 448
285400 48
285500 22
285600 16
285700 10
285800 2
285900 1
286000 2
286100 1
286200 1
286300 2
286400 8
286500 10
286600 8
286700 7
286800 8
286900 8
287000 3
287100 2
287200 3
287300 0
287400 2
287500 2
287600 1
287700 2
287800 0
287900 1
288000 1
288100 3
288200 0
288300 5
288400 2
288500 2
288600 1
288700 2
288800 1
288900 1
289000 1
289100 0
289200 0
289300 2
289400 1
289500 5
289600 6
289700 15
289800 70
289900 232
290000 251
290100 90
290200 12
290300 4
290400 2
290500 1
290600 1
290700 4
290800 1
290900 0
291000 4
291100 4
291200 19
291300 35
291400 70
291500 42
291600 19
291700 34
291800 63
291900 80
292000 54
292100 14
292200 5
292300 2
292400 4
292500 3
292600 3
292700 1
292800 3
292900 2
293000 4
293100 7
293200 7
293300 1
293400 1
293500 0
293600 1
293700 4
293800 2
293900 3
294000 3
294100 1
294200 0
294300 0
294400 2
294500 1
294600 0
294700 1
294800 5
294900 3
295000 3
295100 2
295200 0
295300 1
295400 2
295500 1
295600 0
295700 0
295800 5
295900 2
296000 0
296100 3
296200 4
296300 1
296400 10
296500 5
296600 5
296700 8
296800 4
296900 3
297000 2
297100 2
297200 0
297300 0
297400 4
297500 2
297600 15
297700 27
297800 34
297900 109
298000 1023
298100 6079
298200 11758
298300 6817
298400 1190
298500 96
298600 20
298700 18
298800 12
298900 0
299000 2
299100 1
299200 0
299300 3
299400 0
299500 4
299600 6
299700 11
299800 12
299900 13
