-191000 1
-190900 0
-190800 1
-190700 0
-190600 0
-190500 1
-190400 0
-190300 1
-190200 0
-190100 0
-190000 1
-189900 3
-189800 0
-189700 2
-189600 3
-189500 1
-189400 2
-189300 4
-189200 0
-189100 2
-189000 0
-188900 0
-188800 2
-188700 1
-188600 2
-188500 2
-188400 14
-188300 26
-188200 49
-188100 137
-188000 797
-187900 3750
-187800 6466
-187700 3869
-187600 826
-187500 124
-187400 29
-187300 20
-187200 13
-187100 8
-187000 1
-186900 1
-186800 0
-186700 1
-186600 0
-186500 1
-186400 1
-186300 4
-186200 1
-186100 2
-186000 1
-185900 0
-185800 1
-185700 0
-185600 1
-185500 1
-185400 1
-185300 0
-185200 1
-185100 0
-185000 0
-184900 0
-184800 1
-184700 3
-184600 0
-184500 0
-184400 0
-184300 0
-184200 1
-184100 1
-184000 0
-183900 0
-183800 1
-183700 1
-183600 0
-183500 0
-183400 1
-183300 1
-183200 2
-183100 10
-183000 44
-182900 90
-182800 77
-182700 17
-182600 7
-182500 4
-182400 5
-182300 1
-182200 0
-182100 0
-182000 2
-181900 0
-181800 2
-181700 4
-181600 18
-181500 35
-181400 33
-181300 9
-181200 12
-181100 25
-181000 42
-180900 40
-180800 16
-180700 7
-180600 0
-180500 4
-180400 1
-180300 0
-180200 0
-180100 1
-180000 0
-179900 3
-179800 4
-179700 3
-179600 2
-179500 1
-179400 0
-179300 3
-179200 2
-179100 1
-179000 2
-178900 0
-178800 2
-178700 0
-178600 0
-178500 0
-178400 3
-178300 0
-178200 0
-178100 1
-178000 1
-177900 1
-177800 0
-177700 0
-177600 1
-177500 0
-177400 0
-177300 0
-177200 0
-177100 1
-177000 1
-176900 0
-176800 0
-176700 0
-176600 0
-176500 2
-176400 2
-176300 3
-176200 3
-176100 5
-176000 0
-175900 1
-175800 3
-175700 1
-175600 2
-175500 1
-175400 1
-175300 7
-175200 16
-175100 26
-175000 63
-174900 347
-174800 2122
-174700 5890
-174600 5397
-174500 1697
-174400 265
-174300 42
-174200 18
-174100 14
-174000 6
-173900 2
-173800 1
-173700 0
-173600 0
-173500 1
-173400 3
-173300 1
-173200 3
-173100 4
-173000 3
-172900 1
-172800 0
-172700 0
-172600 0
-172500 2
-172400 0
-172300 0
-172200 2
-172100 0
-172000 1
-171900 0
-171800 0
-171700 0
-171600 1
-171500 2
-171400 0
-171300 0
-171200 0
-171100 1
-171000 1
-170900 0
-170800 0
-170700 0
-170600 0
-170500 0
-170400 1
-170300 1
-170200 0
-170100 3
-170000 6
-169900 31
-169800 85
-169700 70
-169600 37
-169500 7
-169400 5
-169300 1
-169200 2
-169100 1
-169000 1
-168900 3
-168800 4
-168700 0
-168600 4
-168500 11
-168400 20
-168300 21
-168200 15
-168100 8
-168000 20
-167900 23
-167800 32
-167700 13
-167600 9
-167500 4
-167400 1
-167300 1
-167200 1
-167100 2
-167000 0
-166900 0
-166800 2
-166700 2
-166600 2
-166500 4
-166400 3
-166300 0
-166200 4
-166100 2
-166000 1
-165900 0
-165800 0
-165700 0
-165600 0
-165500 0
-165400 0
-165300 1
-165200 0
-165100 1
-165000 1
-164900 0
-164800 2
-164700 1
-164600 1
-164500 0
-164400 1
-164300 1
-164200 0
-164100 1
-164000 0
-163900 0
-163800 1
-163700 3
-163600 2
-163500 4
-163400 10
-163300 11
-163200 12
-163100 24
-163000 27
-162900 20
-162800 5
-162700 0
-162600 1
-162500 0
-162400 0
-162300 6
-162200 5
-162100 21
-162000 29
-161900 39
-161800 179
-161700 1267
-161600 4642
-161500 6233
-161400 2826
-161300 498
-161200 71
-161100 27
-161000 23
-160900 6
-160800 5
-160700 1
-160600 3
-160500 1
-160400 1
-160300 0
-160200 1
-160100 0
-160000 7
-159900 5
-159800 2
-159700 3
-159600 1
-159500 0
-159400 0
-159300 0
-159200 1
-159100 1
-159000 0
-158900 1
-158800 0
-158700 1
-158600 0
-158500 0
-158400 0
-158300 2
-158200 1
-158100 0
-158000 1
-157900 1
-157800 0
-157700 0
-157600 2
-157500 0
-157400 0
-157300 0
-157200 0
-157100 1
-157000 3
-156900 5
-156800 17
-156700 69
-156600 86
-156500 37
-156400 12
-156300 6
-156200 3
-156100 0
-156000 1
-155900 0
-155800 2
-155700 2
-155600 1
-155500 1
-155400 8
-155300 23
-155200 21
-155100 20
-155000 11
-154900 7
-154800 20
-154700 41
-154600 21
-154500 10
-154400 2
-154300 1
-154200 2
-154100 2
-154000 1
-153900 1
-153800 0
-153700 3
-153600 3
-153500 3
-153400 3
-153300 0
-153200 1
-153100 2
-153000 2
-152900 1
-152800 3
-152700 0
-152600 1
-152500 1
-152400 0
-152300 0
-152200 0
-152100 0
-152000 0
-151900 1
-151800 0
-151700 1
-151600 0
-151500 1
-151400 3
-151300 0
-151200 1
-151100 0
-151000 0
-150900 0
-150800 1
-150700 0
-150600 1
-150500 0
-150400 2
-150300 1
-150200 0
-150100 2
-150000 2
-149900 4
-149800 6
-149700 3
-149600 0
-149500 0
-149400 0
-149300 0
-149200 1
-149100 3
-149000 13
-148900 24
-148800 37
-148700 106
-148600 705
-148500 3386
-148400 6364
-148300 4090
-148200 982
-148100 140
-148000 19
-147900 18
-147800 14
-147700 5
-147600 3
-147500 0
-147400 0
-147300 2
-147200 0
-147100 2
-147000 0
-146900 5
-146800 5
-146700 5
-146600 3
-146500 2
-146400 0
-146300 0
-146200 0
-146100 1
-146000 0
-145900 0
-145800 0
-145700 0
-145600 0
-145500 0
-145400 0
-145300 1
-145200 1
-145100 1
-145000 1
-144900 0
-144800 0
-144700 0
-144600 0
-144500 0
-144400 0
-144300 0
-144200 2
-144100 0
-144000 1
-143900 1
-143800 3
-143700 10
-143600 51
-143500 88
-143400 82
-143300 24
-143200 14
-143100 6
-143000 2
-142900 0
-142800 0
-142700 3
-142600 2
-142500 2
-142400 0
-142300 6
-142200 11
-142100 25
-142000 27
-141900 14
-141800 11
-141700 27
-141600 28
-141500 42
-141400 16
-141300 6
-141200 0
-141100 0
-141000 2
-140900 0
-140800 1
-140700 1
-140600 0
-140500 0
-140400 5
-140300 0
-140200 1
-140100 0
-140000 0
-139900 3
-139800 0
-139700 0
-139600 1
-139500 0
-139400 0
-139300 0
-139200 0
-139100 0
-139000 0
-138900 0
-138800 1
-138700 2
-138600 0
-138500 1
-138400 1
-138300 0
-138200 0
-138100 1
-138000 0
-137900 0
-137800 2
-137700 0
-137600 0
-137500 1
-137400 1
-137300 2
-137200 0
-137100 1
-137000 4
-136900 2
-136800 4
-136700 2
-136600 1
-136500 0
-136400 1
-136300 0
-136200 2
-136100 0
-136000 2
-135900 13
-135800 12
-135700 28
-135600 59
-135500 295
-135400 1967
-135300 5738
-135200 5539
-135100 1830
-135000 263
-134900 46
-134800 17
-134700 15
-134600 10
-134500 2
-134400 2
-134300 1
-134200 2
-134100 2
-134000 2
-133900 1
-133800 4
-133700 5
-133600 1
-133500 1
-133400 3
-133300 1
-133200 1
-133100 0
-133000 2
-132900 2
-132800 0
-132700 1
-132600 0
-132500 0
-132400 1
-132300 0
-132200 2
-132100 1
-132000 1
-131900 1
-131800 1
-131700 0
-131600 1
-131500 0
-131400 0
-131300 0
-131200 2
-131100 0
-131000 1
-130900 0
-130800 1
-130700 4
-130600 2
-130500 26
-130400 80
-130300 74
-130200 25
-130100 12
-130000 4
-129900 2
-129800 1
-129700 0
-129600 0
-129500 0
-129400 1
-129300 0
-129200 2
-129100 19
-129000 17
-128900 33
-128800 17
-128700 8
-128600 21
-128500 29
-128400 25
-128300 24
-128200 7
-128100 0
-128000 1
-127900 0
-127800 0
-127700 1
-127600 0
-127500 1
-127400 3
-127300 1
-127200 4
-127100 0
-127000 0
-126900 2
-126800 0
-126700 1
-126600 1
-126500 1
-126400 2
-126300 0
-126200 1
-126100 1
-126000 0
-125900 0
-125800 0
-125700 1
-125600 1
-125500 3
-125400 6
-125300 1
-125200 1
-125100 0
-125000 0
-124900 2
-124800 0
-124700 1
-124600 1
-124500 0
-124400 0
-124300 2
-124200 3
-124100 1
-124000 4
-123900 5
-123800 2
-123700 1
-123600 6
-123500 1
-123400 2
-123300 0
-123200 1
-123100 1
-123000 2
-122900 1
-122800 0
-122700 15
-122600 22
-122500 47
-122400 175
-122300 1095
-122200 4543
-122100 6539
-122000 2986
-121900 572
-121800 76
-121700 28
-121600 26
-121500 10
-121400 6
-121300 0
-121200 0
-121100 1
-121000 2
-120900 0
-120800 0
-120700 1
-120600 2
-120500 4
-120400 3
-120300 6
-120200 1
-120100 1
-120000 1
-119900 0
-119800 1
-119700 0
-119600 0
-119500 1
-119400 0
-119300 0
-119200 0
-119100 0
-119000 0
-118900 0
-118800 1
-118700 0
-118600 0
-118500 0
-118400 0
-118300 0
-118200 2
-118100 1
-118000 1
-117900 0
-117800 0
-117700 4
-117600 3
-117500 4
-117400 8
-117300 78
-117200 103
-117100 55
-117000 15
-116900 9
-116800 5
-116700 2
-116600 0
-116500 0
-116400 1
-116300 0
-116200 0
-116100 2
-116000 6
-115900 24
-115800 27
-115700 18
-115600 9
-115500 8
-115400 30
-115300 47
-115200 39
-115100 18
-115000 1
-114900 0
-114800 2
-114700 2
-114600 0
-114500 0
-114400 1
-114300 1
-114200 1
-114100 5
-114000 4
-113900 0
-113800 0
-113700 0
-113600 3
-113500 2
-113400 0
-113300 1
-113200 0
-113100 1
-113000 0
-112900 0
-112800 0
-112700 0
-112600 1
-112500 2
-112400 1
-112300 5
-112200 0
-112100 3
-112000 0
-111900 1
-111800 0
-111700 0
-111600 0
-111500 1
-111400 0
-111300 0
-111200 0
-111100 1
-111000 2
-110900 6
-110800 1
-110700 3
-110600 1
-110500 4
-110400 3
-110300 3
-110200 4
-110100 1
-110000 1
-109900 2
-109800 2
-109700 4
-109600 12
-109500 19
-109400 33
-109300 86
-109200 571
-109100 3201
-109000 6479
-108900 4162
-108800 1052
-108700 153
-108600 28
-108500 19
-108400 10
-108300 4
-108200 1
-108100 0
-108000 0
-107900 1
-107800 0
-107700 1
-107600 2
-107500 0
-107400 1
-107300 3
-107200 2
-107100 1
-107000 0
-106900 1
-106800 0
-106700 0
-106600 1
-106500 0
-106400 0
-106300 1
-106200 0
-106100 0
-106000 0
-105900 1
-105800 1
-105700 0
-105600 2
-105500 0
-105400 0
-105300 1
-105200 0
-105100 0
-105000 0
-104900 0
-104800 1
-104700 1
-104600 1
-104500 0
-104400 4
-104300 9
-104200 52
-104100 122
-104000 72
-103900 17
-103800 10
-103700 11
-103600 1
-103500 1
-103400 0
-103300 2
-103200 1
-103100 0
-103000 1
-102900 4
-102800 15
-102700 23
-102600 23
-102500 12
-102400 10
-102300 18
-102200 35
-102100 37
-102000 16
-101900 6
-101800 1
-101700 3
-101600 1
-101500 0
-101400 0
-101300 1
-101200 0
-101100 3
-101000 0
-100900 4
-100800 0
-100700 1
-100600 0
-100500 3
-100400 2
-100300 1
-100200 2
-100100 0
-100000 0
-99900 0
-99800 1
-99700 0
-99600 1
-99500 0
-99400 0
-99300 0
-99200 1
-99100 3
-99000 1
-98900 1
-98800 0
-98700 1
-98600 0
-98500 0
-98400 0
-98300 0
-98200 1
-98100 1
-98000 0
-97900 1
-97800 3
-97700 1
-97600 2
-97500 0
-97400 5
-97300 5
-97200 4
-97100 2
-97000 1
-96900 1
-96800 1
-96700 0
-96600 4
-96500 6
-96400 12
-96300 28
-96200 54
-96100 248
-96000 1649
-95900 5462
-95800 5934
-95700 2178
-95600 363
-95500 57
-95400 21
-95300 10
-95200 6
-95100 1
-95000 1
-94900 2
-94800 0
-94700 2
-94600 1
-94500 0
-94400 5
-94300 2
-94200 5
-94100 2
-94000 3
-93900 0
-93800 0
-93700 0
-93600 1
-93500 1
-93400 0
-93300 0
-93200 0
-93100 2
-93000 0
-92900 0
-92800 1
-92700 0
-92600 0
-92500 0
-92400 0
-92300 0
-92200 0
-92100 1
-92000 0
-91900 0
-91800 0
-91700 0
-91600 0
-91500 0
-91400 1
-91300 1
-91200 2
-91100 22
-91000 84
-90900 99
-90800 37
-90700 10
-90600 9
-90500 5
-90400 1
-90300 0
-90200 1
-90100 1
-90000 1
-89900 2
-89800 3
-89700 16
-89600 28
-89500 30
-89400 15
-89300 7
-89200 24
-89100 29
-89000 40
-88900 17
-88800 7
-88700 2
-88600 1
-88500 0
-88400 3
-88300 2
-88200 0
-88100 1
-88000 1
-87900 3
-87800 5
-87700 3
-87600 0
-87500 0
-87400 3
-87300 1
-87200 2
-87100 0
-87000 0
-86900 0
-86800 0
-86700 0
-86600 1
-86500 0
-86400 0
-86300 1
-86200 0
-86100 2
-86000 2
-85900 0
-85800 1
-85700 0
-85600 0
-85500 0
-85400 0
-85300 0
-85200 1
-85100 0
-85000 0
-84900 1
-84800 0
-84700 1
-84600 3
-84500 0
-84400 2
-84300 3
-84200 1
-84100 1
-84000 2
-83900 0
-83800 0
-83700 0
-83600 3
-83500 1
-83400 6
-83300 12
-83200 24
-83100 27
-83000 84
-82900 637
-82800 3518
-82700 6604
-82600 4119
-82500 958
-82400 125
-82300 23
-82200 17
-82100 8
-82000 11
-81900 3
-81800 0
-81700 0
-81600 0
-81500 0
-81400 0
-81300 3
-81200 3
-81100 7
-81000 5
-80900 5
-80800 1
-80700 0
-80600 0
-80500 1
-80400 0
-80300 0
-80200 0
-80100 1
-80000 0
-79900 0
-79800 0
-79700 1
-79600 1
-79500 0
-79400 0
-79300 0
-79200 0
-79100 0
-79000 0
-78900 0
-78800 1
-78700 0
-78600 0
-78500 0
-78400 0
-78300 1
-78200 3
-78100 4
-78000 17
-77900 41
-77800 89
-77700 57
-77600 14
-77500 5
-77400 4
-77300 4
-77200 2
-77100 0
-77000 2
-76900 2
-76800 3
-76700 0
-76600 8
-76500 13
-76400 41
-76300 26
-76200 5
-76100 13
-76000 31
-75900 38
-75800 35
-75700 10
-75600 1
-75500 1
-75400 0
-75300 0
-75200 0
-75100 2
-75000 0
-74900 0
-74800 1
-74700 1
-74600 2
-74500 1
-74400 0
-74300 0
-74200 4
-74100 3
-74000 1
-73900 1
-73800 0
-73700 1
-73600 0
-73500 0
-73400 0
-73300 1
-73200 1
-73100 0
-73000 0
-72900 0
-72800 1
-72700 0
-72600 0
-72500 0
-72400 0
-72300 1
-72200 1
-72100 1
-72000 0
-71900 0
-71800 0
-71700 1
-71600 1
-71500 0
-71400 2
-71300 2
-71200 2
-71100 0
-71000 4
-70900 0
-70800 1
-70700 0
-70600 0
-70500 0
-70400 1
-70300 0
-70200 12
-70100 20
-70000 40
-69900 83
-69800 667
-69700 3263
-69600 6463
-69500 4279
-69400 928
-69300 145
-69200 28
-69100 15
-69000 10
-68900 7
-68800 6
-68700 0
-68600 2
-68500 1
-68400 0
-68300 0
-68200 2
-68100 2
-68000 2
-67900 2
-67800 1
-67700 0
-67600 1
-67500 0
-67400 0
-67300 0
-67200 0
-67100 0
-67000 1
-66900 0
-66800 0
-66700 0
-66600 1
-66500 3
-66400 0
-66300 1
-66200 0
-66100 0
-66000 0
-65900 1
-65800 0
-65700 2
-65600 0
-65500 0
-65400 0
-65300 1
-65200 1
-65100 2
-65000 0
-64900 16
-64800 51
-64700 96
-64600 67
-64500 26
-64400 6
-64300 3
-64200 5
-64100 1
-64000 3
-63900 1
-63800 3
-63700 0
-63600 1
-63500 6
-63400 15
-63300 28
-63200 16
-63100 18
-63000 7
-62900 31
-62800 32
-62700 41
-62600 11
-62500 5
-62400 3
-62300 2
-62200 0
-62100 0
-62000 1
-61900 0
-61800 2
-61700 2
-61600 3
-61500 3
-61400 3
-61300 3
-61200 3
-61100 1
-61000 1
-60900 2
-60800 1
-60700 0
-60600 0
-60500 0
-60400 0
-60300 1
-60200 2
-60100 0
-60000 0
-59900 0
-59800 4
-59700 0
-59600 1
-59500 0
-59400 0
-59300 0
-59200 0
-59100 0
-59000 0
-58900 1
-58800 0
-58700 0
-58600 0
-58500 1
-58400 1
-58300 4
-58200 1
-58100 2
-58000 0
-57900 5
-57800 0
-57700 0
-57600 1
-57500 1
-57400 2
-57300 1
-57200 4
-57100 7
-57000 22
-56900 41
-56800 88
-56700 561
-56600 2482
-56500 5999
-56400 5099
-56300 1475
-56200 230
-56100 31
-56000 24
-55900 12
-55800 1
-55700 3
-55600 1
-55500 0
-55400 0
-55300 0
-55200 0
-55100 1
-55000 1
-54900 2
-54800 5
-54700 1
-54600 3
-54500 1
-54400 1
-54300 0
-54200 0
-54100 0
-54000 1
-53900 1
-53800 0
-53700 0
-53600 0
-53500 1
-53400 1
-53300 3
-53200 0
-53100 0
-53000 0
-52900 0
-52800 0
-52700 0
-52600 0
-52500 1
-52400 0
-52300 1
-52200 0
-52100 1
-52000 1
-51900 4
-51800 4
-51700 32
-51600 91
-51500 94
-51400 36
-51300 8
-51200 5
-51100 2
-51000 3
-50900 0
-50800 1
-50700 1
-50600 2
-50500 3
-50400 2
-50300 9
-50200 21
-50100 22
-50000 22
-49900 7
-49800 11
-49700 25
-49600 37
-49500 26
-49400 11
-49300 0
-49200 3
-49100 0
-49000 1
-48900 0
-48800 0
-48700 1
-48600 2
-48500 4
-48400 8
-48300 6
-48200 2
-48100 0
-48000 0
-47900 2
-47800 6
-47700 0
-47600 0
-47500 0
-47400 0
-47300 1
-47200 1
-47100 0
-47000 0
-46900 1
-46800 1
-46700 2
-46600 2
-46500 1
-46400 0
-46300 1
-46200 0
-46100 0
-46000 2
-45900 0
-45800 2
-45700 0
-45600 1
-45500 0
-45400 1
-45300 0
-45200 0
-45100 2
-45000 4
-44900 2
-44800 3
-44700 4
-44600 2
-44500 0
-44400 1
-44300 2
-44200 0
-44100 1
-44000 5
-43900 11
-43800 33
-43700 143
-43600 371
-43500 1055
-43400 3851
-43300 6515
-43200 3445
-43100 750
-43000 83
-42900 22
-42800 23
-42700 9
-42600 3
-42500 1
-42400 0
-42300 0
-42200 0
-42100 1
-42000 0
-41900 2
-41800 4
-41700 5
-41600 4
-41500 2
-41400 1
-41300 0
-41200 0
-41100 0
-41000 0
-40900 0
-40800 0
-40700 0
-40600 0
-40500 0
-40400 0
-40300 3
-40200 0
-40100 0
-40000 0
-39900 2
-39800 0
-39700 2
-39600 0
-39500 0
-39400 0
-39300 1
-39200 0
-39100 1
-39000 2
-38900 0
-38800 3
-38700 3
-38600 12
-38500 43
-38400 104
-38300 62
-38200 12
-38100 7
-38000 8
-37900 3
-37800 1
-37700 0
-37600 0
-37500 2
-37400 1
-37300 0
-37200 4
-37100 16
-37000 22
-36900 27
-36800 12
-36700 6
-36600 25
-36500 28
-36400 32
-36300 21
-36200 7
-36100 1
-36000 0
-35900 0
-35800 0
-35700 2
-35600 1
-35500 1
-35400 0
-35300 2
-35200 5
-35100 2
-35000 0
-34900 0
-34800 2
-34700 1
-34600 1
-34500 1
-34400 0
-34300 1
-34200 1
-34100 0
-34000 2
-33900 0
-33800 0
-33700 0
-33600 1
-33500 3
-33400 0
-33300 0
-33200 0
-33100 0
-33000 0
-32900 0
-32800 0
-32700 1
-32600 0
-32500 0
-32400 0
-32300 0
-32200 4
-32100 2
-32000 3
-31900 3
-31800 2
-31700 3
-31600 2
-31500 1
-31400 0
-31300 2
-31200 1
-31100 1
-31000 7
-30900 18
-30800 58
-30700 191
-30600 225
-30500 208
-30400 449
-30300 2299
-30200 5848
-30100 5029
-30000 1431
-29900 189
-29800 45
-29700 28
-29600 12
-29500 5
-29400 6
-29300 2
-29200 0
-29100 2
-29000 0
-28900 0
-28800 1
-28700 5
-28600 4
-28500 1
-28400 2
-28300 3
-28200 1
-28100 0
-28000 1
-27900 0
-27800 2
-27700 0
-27600 0
-27500 0
-27400 1
-27300 0
-27200 0
-27100 0
-27000 0
-26900 0
-26800 0
-26700 1
-26600 2
-26500 2
-26400 1
-26300 0
-26200 0
-26100 0
-26000 1
-25900 0
-25800 2
-25700 2
-25600 4
-25500 11
-25400 49
-25300 94
-25200 77
-25100 23
-25000 8
-24900 5
-24800 7
-24700 0
-24600 0
-24500 0
-24400 1
-24300 3
-24200 2
-24100 6
-24000 16
-23900 25
-23800 27
-23700 13
-23600 9
-23500 26
-23400 32
-23300 32
-23200 17
-23100 2
-23000 1
-22900 1
-22800 3
-22700 0
-22600 1
-22500 0
-22400 0
-22300 1
-22200 3
-22100 2
-22000 1
-21900 1
-21800 1
-21700 2
-21600 2
-21500 0
-21400 0
-21300 0
-21200 0
-21100 1
-21000 0
-20900 0
-20800 1
-20700 0
-20600 1
-20500 2
-20400 1
-20300 0
-20200 0
-20100 1
-20000 0
-19900 1
-19800 0
-19700 1
-19600 0
-19500 1
-19400 0
-19300 1
-19200 1
-19100 1
-19000 0
-18900 1
-18800 2
-18700 5
-18600 3
-18500 1
-18400 1
-18300 0
-18200 3
-18100 4
-18000 4
-17900 2
-17800 3
-17700 9
-17600 22
-17500 45
-17400 96
-17300 561
-17200 2867
-17100 5925
-17000 4397
-16900 1139
-16800 152
-16700 29
-16600 21
-16500 11
-16400 5
-16300 2
-16200 0
-16100 0
-16000 0
-15900 0
-15800 0
-15700 5
-15600 4
-15500 5
-15400 3
-15300 5
-15200 1
-15100 0
-15000 0
-14900 0
-14800 0
-14700 2
-14600 1
-14500 0
-14400 2
-14300 0
-14200 1
-14100 0
-14000 1
-13900 0
-13800 1
-13700 0
-13600 2
-13500 1
-13400 0
-13300 1
-13200 0
-13100 0
-13000 0
-12900 0
-12800 1
-12700 0
-12600 2
-12500 1
-12400 13
-12300 49
-12200 76
-12100 86
-12000 32
-11900 5
-11800 5
-11700 2
-11600 1
-11500 0
-11400 0
-11300 1
-11200 0
-11100 3
-11000 2
-10900 10
-10800 26
-10700 24
-10600 14
-10500 9
-10400 19
-10300 35
-10200 36
-10100 23
-10000 7
-9900 2
-9800 0
-9700 0
-9600 1
-9500 1
-9400 2
-9300 2
-9200 0
-9100 3
-9000 4
-8900 0
-8800 1
-8700 0
-8600 2
-8500 0
-8400 3
-8300 2
-8200 0
-8100 0
-8000 2
-7900 0
-7800 0
-7700 2
-7600 0
-7500 0
-7400 2
-7300 0
-7200 1
-7100 0
-7000 0
-6900 0
-6800 0
-6700 0
-6600 0
-6500 0
-6400 0
-6300 1
-6200 0
-6100 0
-6000 0
-5900 0
-5800 4
-5700 1
-5600 3
-5500 4
-5400 1
-5300 0
-5200 1
-5100 0
-5000 1
-4900 1
-4800 0
-4700 1
-4600 5
-4500 11
-4400 26
-4300 49
-4200 123
-4100 949
-4000 3953
-3900 6276
-3800 3100
-3700 599
-3600 70
-3500 24
-3400 17
-3300 9
-3200 4
-3100 2
-3000 0
-2900 1
-2800 0
-2700 0
-2600 1
-2500 0
-2400 5
-2300 4
-2200 4
-2100 4
-2000 2
-1900 1
-1800 0
-1700 1
-1600 0
-1500 1
-1400 0
-1300 0
-1200 1
-1100 0
-1000 0
-900 0
-800 1
-700 0
-600 0
-500 0
-400 0
-300 0
-200 0
-100 1
0 0
100 1
200 0
300 1
400 0
500 2
600 7
700 9
800 16
900 56
1000 90
1100 62
1200 15
1300 7
1400 4
1500 0
1600 0
1700 3
1800 0
1900 0
2000 0
2100 3
2200 1
2300 13
2400 21
2500 30
2600 9
2700 6
2800 27
2900 40
3000 36
3100 16
3200 2
3300 1
3400 3
3500 2
3600 4
3700 0
3800 1
3900 1
4000 5
4100 2
4200 7
4300 1
4400 0
4500 1
4600 2
4700 2
4800 0
4900 0
5000 0
5100 0
5200 0
5300 1
5400 1
5500 0
5600 0
5700 0
5800 3
5900 2
6000 0
6100 0
6200 0
6300 1
6400 1
6500 1
6600 0
6700 0
6800 1
6900 1
7000 0
7100 1
7200 0
7300 1
7400 4
7500 1
7600 3
7700 3
7800 3
7900 1
8000 1
8100 2
8200 3
8300 4
8400 6
8500 15
8600 63
8700 179
8800 300
8900 582
9000 3347
9100 23269
9200 66036
9300 66958
9400 24677
9500 3640
9600 435
9700 244
9800 200
9900 103
10000 25
10100 8
10200 3
10300 0
10400 1
10500 2
10600 1
10700 0
10800 5
10900 4
11000 2
11100 1
11200 0
11300 3
11400 1
11500 0
11600 0
11700 0
11800 1
11900 0
12000 0
12100 2
12200 0
12300 0
12400 0
12500 0
12600 2
12700 0
12800 1
12900 0
13000 2
13100 0
13200 0
13300 1
13400 0
13500 0
13600 3
13700 4
13800 3
13900 3
14000 13
14100 50
14200 83
14300 42
14400 10
14500 10
14600 5
14700 2
14800 1
14900 1
15000 2
15100 0
15200 0
15300 0
15400 9
15500 22
15600 30
15700 26
15800 21
15900 10
16000 31
16100 44
16200 32
16300 8
16400 2
16500 0
16600 2
16700 2
16800 2
16900 1
17000 1
17100 2
17200 6
17300 3
17400 4
17500 1
17600 1
17700 2
17800 1
17900 4
18000 1
18100 0
18200 0
18300 0
18400 1
18500 3
18600 0
18700 1
18800 0
18900 0
19000 2
19100 1
19200 4
19300 0
19400 0
19500 0
19600 0
19700 0
19800 1
19900 0
20000 0
20100 0
20200 0
20300 0
20400 1
20500 4
20600 2
20700 5
20800 2
20900 1
21000 5
21100 2
21200 1
21300 1
21400 0
21500 0
21600 0
21700 6
21800 9
21900 23
22000 36
22100 111
22200 733
22300 3603
22400 6288
22500 3564
22600 685
22700 99
22800 21
22900 12
23000 10
23100 2
23200 1
23300 2
23400 1
23500 0
23600 0
23700 0
23800 2
23900 4
24000 3
24100 5
24200 2
24300 0
24400 0
24500 0
24600 0
24700 0
24800 0
24900 1
25000 1
25100 0
25200 0
25300 0
25400 3
25500 0
25600 0
25700 1
25800 0
25900 0
26000 0
26100 0
26200 0
26300 0
26400 0
26500 1
26600 0
26700 0
26800 1
26900 5
27000 3
27100 13
27200 75
27300 94
27400 29
27500 9
27600 6
27700 6
27800 2
27900 0
28000 0
28100 1
28200 0
28300 2
28400 3
28500 9
28600 24
28700 23
28800 21
28900 3
29000 8
29100 29
29200 29
29300 21
29400 12
29500 1
29600 2
29700 2
29800 3
29900 1
30000 0
30100 1
30200 1
30300 3
30400 5
30500 3
30600 0
30700 3
30800 1
30900 0
31000 0
31100 0
31200 3
31300 0
31400 0
31500 1
31600 0
31700 0
31800 0
31900 0
32000 1
32100 0
32200 1
32300 1
32400 0
32500 0
32600 0
32700 0
32800 1
32900 0
33000 0
33100 1
33200 0
33300 0
33400 1
33500 0
33600 2
33700 1
33800 3
33900 3
34000 1
34100 1
34200 1
34300 2
34400 0
34500 1
34600 1
34700 2
34800 5
34900 15
35000 25
35100 40
35200 168
35300 1048
35400 4206
35500 6197
35600 2950
35700 532
35800 66
35900 19
36000 16
36100 11
36200 2
36300 2
36400 4
36500 0
36600 3
36700 1
36800 1
36900 2
37000 4
37100 4
37200 0
37300 0
37400 1
37500 1
37600 0
37700 0
37800 0
37900 1
38000 0
38100 0
38200 0
38300 0
38400 1
38500 1
38600 2
38700 1
38800 0
38900 1
39000 0
39100 0
39200 0
39300 0
39400 1
39500 0
39600 0
39700 1
39800 1
39900 2
40000 2
40100 4
40200 12
40300 48
40400 88
40500 47
40600 9
40700 12
40800 9
40900 1
41000 1
41100 2
41200 1
41300 4
41400 0
41500 1
41600 11
41700 19
41800 27
41900 27
42000 6
42100 6
42200 31
42300 29
42400 28
42500 14
42600 4
42700 1
42800 1
42900 0
43000 0
43100 1
43200 3
43300 0
43400 1
43500 1
43600 3
43700 2
43800 1
43900 0
44000 0
44100 1
44200 1
44300 0
44400 0
44500 0
44600 0
44700 0
44800 0
44900 0
45000 1
45100 1
45200 3
45300 2
45400 3
45500 2
45600 0
45700 0
45800 0
45900 0
46000 0
46100 0
46200 0
46300 0
46400 0
46500 0
46600 0
46700 4
46800 4
46900 2
47000 3
47100 4
47200 3
47300 1
47400 0
47500 1
47600 2
47700 0
47800 1
47900 3
48000 8
48100 21
48200 29
48300 66
48400 383
48500 2228
48600 5713
48700 5051
48800 1436
48900 268
49000 151
49100 239
49200 179
49300 70
49400 16
49500 3
49600 1
49700 0
49800 2
49900 0
50000 4
50100 3
50200 3
50300 7
50400 3
50500 0
50600 1
50700 0
50800 2
50900 0
51000 0
51100 0
51200 0
51300 1
51400 0
51500 2
51600 0
51700 1
51800 0
51900 2
52000 0
52100 0
52200 0
52300 0
52400 1
52500 0
52600 1
52700 1
52800 0
52900 1
53000 6
53100 12
53200 6
53300 32
53400 308
53500 919
53600 957
53700 359
53800 45
53900 25
54000 9
54100 7
54200 0
54300 1
54400 3
54500 4
54600 4
54700 1
54800 10
54900 28
55000 19
55100 14
55200 7
55300 16
55400 27
55500 47
55600 22
55700 5
55800 3
55900 5
56000 1
56100 1
56200 1
56300 0
56400 3
56500 0
56600 2
56700 2
56800 6
56900 0
57000 1
57100 0
57200 3
57300 1
57400 1
57500 1
57600 0
57700 0
57800 1
57900 0
58000 0
58100 2
58200 0
58300 0
58400 2
58500 1
58600 2
58700 1
58800 1
58900 2
59000 0
59100 2
59200 0
59300 2
59400 2
59500 0
59600 0
59700 0
59800 3
59900 3
60000 0
60100 2
60200 4
60300 6
60400 2
60500 1
60600 0
60700 0
60800 0
60900 0
61000 1
61100 4
61200 11
61300 20
61400 39
61500 155
61600 978
61700 4148
61800 6290
61900 3320
62000 916
62100 242
62200 62
62300 16
62400 14
62500 4
62600 0
62700 0
62800 1
62900 0
63000 1
63100 0
63200 1
63300 5
63400 8
63500 1
63600 3
63700 0
63800 1
63900 0
64000 1
64100 0
64200 1
64300 0
64400 0
64500 1
64600 1
64700 0
64800 0
64900 0
65000 2
65100 0
65200 1
65300 2
65400 0
65500 1
65600 1
65700 0
65800 0
65900 0
66000 1
66100 1
66200 3
66300 2
66400 2
66500 11
66600 66
66700 104
66800 55
66900 16
67000 9
67100 7
67200 0
67300 1
67400 0
67500 1
67600 1
67700 1
67800 0
67900 11
68000 15
68100 30
68200 21
68300 14
68400 15
68500 19
68600 28
68700 31
68800 13
68900 2
69000 3
69100 2
69200 0
69300 0
69400 0
69500 0
69600 4
69700 1
69800 2
69900 0
70000 3
70100 0
70200 1
70300 5
70400 2
70500 1
70600 3
70700 0
70800 0
70900 0
71000 1
71100 0
71200 0
71300 0
71400 3
71500 3
71600 1
71700 0
71800 1
71900 0
72000 0
72100 0
72200 1
72300 0
72400 1
72500 1
72600 1
72700 2
72800 0
72900 0
73000 0
73100 3
73200 1
73300 1
73400 5
73500 0
73600 1
73700 0
73800 1
73900 1
74000 1
74100 1
74200 5
74300 6
74400 25
74500 32
74600 111
74700 731
74800 3577
74900 6411
75000 3979
75100 950
75200 143
75300 27
75400 19
75500 12
75600 3
75700 2
75800 1
75900 1
76000 1
76100 0
76200 1
76300 1
76400 5
76500 5
76600 5
76700 3
76800 1
76900 0
77000 1
77100 0
77200 0
77300 1
77400 0
77500 1
77600 0
77700 0
77800 0
77900 1
78000 0
78100 0
78200 1
78300 0
78400 2
78500 0
78600 2
78700 0
78800 0
78900 0
79000 1
79100 0
79200 1
79300 0
79400 6
79500 8
79600 12
79700 51
79800 109
79900 55
80000 12
80100 12
80200 8
80300 2
80400 1
80500 0
80600 2
80700 2
80800 0
80900 0
81000 3
81100 22
81200 31
81300 15
81400 11
81500 12
81600 21
81700 34
81800 29
81900 10
82000 4
82100 0
82200 2
82300 0
82400 0
82500 0
82600 1
82700 2
82800 1
82900 3
83000 4
83100 1
83200 0
83300 0
83400 2
83500 2
83600 1
83700 0
83800 0
83900 0
84000 0
84100 0
84200 0
84300 0
84400 1
84500 1
84600 1
84700 1
84800 1
84900 1
85000 0
85100 0
85200 0
85300 1
85400 1
85500 1
85600 0
85700 0
85800 0
85900 0
86000 1
86100 4
86200 2
86300 1
86400 4
86500 4
86600 2
86700 3
86800 0
86900 0
87000 0
87100 2
87200 1
87300 2
87400 9
87500 21
87600 38
87700 67
87800 429
87900 2596
88000 6228
88100 4933
88200 1385
88300 187
88400 37
88500 19
88600 14
88700 6
88800 2
88900 1
89000 0
89100 0
89200 0
89300 0
89400 2
89500 4
89600 3
89700 3
89800 2
89900 1
90000 0
90100 0
90200 0
90300 0
90400 1
90500 1
90600 0
90700 2
90800 0
90900 1
91000 0
91100 0
91200 1
91300 0
91400 0
91500 1
91600 0
91700 0
91800 0
91900 1
92000 0
92100 1
92200 2
92300 0
92400 2
92500 1
92600 2
92700 3
92800 35
92900 93
93000 81
93100 29
93200 8
93300 7
93400 6
93500 0
93600 0
93700 0
93800 2
93900 1
94000 1
94100 2
94200 7
94300 25
94400 28
94500 18
94600 5
94700 11
94800 29
94900 28
95000 19
95100 1
95200 2
95300 2
95400 3
95500 0
95600 1
95700 2
95800 0
95900 1
96000 2
96100 3
96200 4
96300 0
96400 2
96500 1
96600 2
96700 1
96800 0
96900 0
97000 0
97100 1
97200 0
97300 0
97400 0
97500 1
97600 0
97700 2
97800 8
97900 10
98000 4
98100 0
98200 0
98300 0
98400 0
98500 1
98600 0
98700 2
98800 0
98900 0
99000 0
99100 0
99200 2
99300 3
99400 5
99500 3
99600 4
99700 2
99800 1
99900 2
100000 0
100100 1
100200 1
100300 2
100400 1
100500 6
100600 13
100700 16
100800 39
100900 158
101000 1148
101100 4627
101200 6449
101300 3030
101400 569
101500 86
101600 29
101700 20
101800 12
101900 4
102000 0
102100 1
102200 0
102300 0
102400 1
102500 2
102600 6
102700 8
102800 1
102900 4
103000 0
103100 0
103200 1
103300 0
103400 0
103500 1
103600 1
103700 0
103800 0
103900 0
104000 0
104100 1
104200 1
104300 1
104400 0
104500 0
104600 1
104700 0
104800 0
104900 1
105000 1
105100 1
105200 0
105300 0
105400 0
105500 0
105600 5
105700 4
105800 4
105900 17
106000 55
106100 82
106200 41
106300 14
106400 8
106500 10
106600 2
106700 0
106800 0
106900 2
107000 2
107100 2
107200 1
107300 9
107400 21
107500 24
107600 20
107700 13
107800 13
107900 34
108000 40
108100 18
108200 5
108300 2
108400 1
108500 2
108600 0
108700 0
108800 2
108900 0
109000 2
109100 1
109200 5
109300 4
109400 1
109500 0
109600 5
109700 0
109800 1
109900 0
110000 0
110100 1
110200 0
110300 0
110400 0
110500 0
110600 0
110700 1
110800 0
110900 3
111000 0
111100 1
111200 0
111300 0
111400 1
111500 0
111600 0
111700 0
111800 1
111900 0
112000 0
112100 0
112200 0
112300 1
112400 7
112500 3
112600 4
112700 2
112800 2
112900 3
113000 3
113100 0
113200 0
113300 0
113400 1
113500 1
113600 1
113700 16
113800 24
113900 25
114000 78
114100 618
114200 3182
114300 6451
114400 4291
114500 1127
114600 137
114700 22
114800 20
114900 12
115000 15
115100 4
115200 0
115300 1
115400 2
115500 2
115600 2
115700 1
115800 3
115900 4
116000 4
116100 2
116200 1
116300 1
116400 1
116500 2
116600 0
116700 0
116800 0
116900 1
117000 0
117100 0
117200 0
117300 0
117400 0
117500 1
117600 0
117700 0
117800 1
117900 1
118000 2
118100 0
118200 0
118300 0
118400 0
118500 0
118600 1
118700 1
118800 2
118900 8
119000 9
119100 46
119200 93
119300 71
119400 26
119500 8
119600 3
119700 5
119800 1
119900 1
120000 2
120100 2
120200 1
120300 0
120400 4
120500 15
120600 30
120700 31
120800 10
120900 6
121000 25
121100 42
121200 25
121300 14
121400 8
121500 0
121600 1
121700 1
121800 2
121900 0
122000 2
122100 0
122200 3
122300 1
122400 3
122500 0
122600 0
122700 0
122800 1
122900 2
123000 0
123100 0
123200 1
123300 0
123400 1
123500 1
123600 0
123700 1
123800 0
123900 0
124000 2
124100 3
124200 2
124300 1
124400 0
124500 1
124600 0
124700 0
124800 0
124900 1
125000 0
125100 1
125200 0
125300 1
125400 1
125500 1
125600 2
125700 1
125800 0
125900 1
126000 0
126100 3
126200 2
126300 0
126400 0
126500 1
126600 0
126700 0
126800 8
126900 19
127000 23
127100 58
127200 325
127300 2116
127400 5829
127500 5489
127600 1847
127700 234
127800 38
127900 23
128000 12
128100 5
128200 3
128300 1
128400 0
128500 1
128600 0
128700 0
128800 2
128900 2
129000 2
129100 4
129200 2
129300 0
129400 0
129500 1
129600 1
129700 2
129800 0
129900 1
130000 0
130100 0
130200 0
130300 1
130400 0
130500 1
130600 0
130700 1
130800 0
130900 0
131000 0
131100 0
131200 0
131300 1
131400 0
131500 0
131600 1
131700 0
131800 1
131900 0
132000 4
132100 3
132200 32
132300 75
132400 83
132500 27
132600 5
132700 6
132800 4
132900 0
133000 1
133100 0
133200 1
133300 3
133400 1
133500 3
133600 13
133700 22
133800 24
133900 12
134000 7
134100 18
134200 40
134300 35
134400 25
134500 10
134600 1
134700 4
134800 0
134900 1
135000 0
135100 1
135200 0
135300 4
135400 3
135500 0
135600 1
135700 2
135800 0
135900 0
136000 6
136100 3
136200 3
136300 0
136400 1
136500 1
136600 1
136700 1
136800 2
136900 1
137000 1
137100 1
137200 1
137300 1
137400 0
137500 0
137600 0
137700 0
137800 0
137900 2
138000 0
138100 0
138200 0
138300 0
138400 0
138500 1
138600 3
138700 1
138800 4
138900 3
139000 4
139100 3
139200 1
139300 0
139400 1
139500 1
139600 0
139700 0
139800 2
139900 4
140000 13
140100 25
140200 51
140300 149
140400 1162
140500 4494
140600 6451
140700 3031
140800 541
140900 78
141000 22
141100 19
141200 4
141300 4
141400 0
141500 0
141600 0
141700 1
141800 0
141900 5
142000 2
142100 4
142200 1
142300 4
142400 3
142500 2
142600 1
142700 0
142800 0
142900 1
143000 0
143100 0
143200 0
143300 0
143400 0
143500 1
143600 1
143700 1
143800 3
143900 2
144000 0
144100 1
144200 0
144300 0
144400 0
144500 2
144600 0
144700 0
144800 0
144900 1
145000 1
145100 2
145200 5
145300 15
145400 62
145500 87
145600 52
145700 13
145800 4
145900 9
146000 0
146100 1
146200 0
146300 1
146400 1
146500 0
146600 2
146700 7
146800 18
146900 21
147000 22
147100 12
147200 10
147300 39
147400 28
147500 28
147600 11
147700 2
147800 0
147900 0
148000 2
148100 1
148200 0
148300 0
148400 1
148500 1
148600 2
148700 3
148800 1
148900 0
149000 1
149100 1
149200 3
149300 0
149400 0
149500 0
149600 0
149700 0
149800 1
149900 1
150000 0
150100 1
150200 0
150300 1
150400 4
150500 0
150600 0
150700 1
150800 0
150900 0
151000 0
151100 0
151200 0
151300 1
151400 0
151500 0
151600 0
151700 0
151800 1
151900 0
152000 2
152100 3
152200 3
152300 2
152400 0
152500 3
152600 0
152700 0
152800 0
152900 1
153000 2
153100 11
153200 18
153300 35
153400 88
153500 543
153600 3027
153700 6404
153800 4520
153900 1165
154000 180
154100 27
154200 26
154300 13
154400 2
154500 2
154600 0
154700 2
154800 1
154900 1
155000 0
155100 1
155200 2
155300 4
155400 3
155500 2
155600 1
155700 0
155800 0
155900 1
156000 0
156100 1
156200 0
156300 0
156400 0
156500 0
156600 0
156700 0
156800 0
156900 1
157000 1
157100 0
157200 0
157300 0
157400 0
157500 0
157600 0
157700 1
157800 0
157900 1
158000 1
158100 0
158200 2
158300 4
158400 10
158500 52
158600 80
158700 76
158800 18
158900 6
159000 7
159100 1
159200 0
159300 0
159400 2
159500 2
159600 2
159700 0
159800 1
159900 10
160000 17
160100 24
160200 9
160300 8
160400 23
160500 39
160600 26
160700 25
160800 7
160900 0
161000 0
161100 0
161200 0
161300 0
161400 2
161500 2
161600 3
161700 2
161800 3
161900 1
162000 3
162100 1
162200 5
162300 1
162400 1
162500 0
162600 0
162700 0
162800 0
162900 0
163000 0
163100 1
163200 0
163300 1
163400 0
163500 2
163600 2
163700 0
163800 1
163900 0
164000 1
164100 2
164200 1
164300 0
164400 1
164500 0
164600 1
164700 0
164800 1
164900 2
165000 2
165100 1
165200 3
165300 2
165400 5
165500 1
165600 0
165700 0
165800 0
165900 0
166000 0
166100 3
166200 10
166300 13
166400 36
166500 69
166600 245
166700 1832
166800 5456
166900 5707
167000 2107
167100 335
167200 58
167300 16
167400 17
167500 6
167600 1
167700 3
167800 0
167900 1
168000 1
168100 0
168200 3
168300 6
168400 4
168500 4
168600 0
168700 2
168800 0
168900 0
169000 0
169100 0
169200 0
169300 0
169400 0
169500 0
169600 0
169700 0
169800 0
169900 0
170000 0
170100 0
170200 1
170300 0
170400 0
170500 0
170600 0
170700 0
170800 1
170900 0
171000 0
171100 0
171200 1
171300 2
171400 7
171500 4
171600 22
171700 61
171800 74
171900 26
172000 13
172100 11
172200 2
172300 5
172400 0
172500 0
172600 2
172700 1
172800 2
172900 6
173000 9
173100 21
173200 22
173300 17
173400 7
173500 14
173600 40
173700 35
173800 19
173900 8
174000 3
174100 2
174200 3
174300 0
174400 0
174500 0
174600 2
174700 1
174800 2
174900 2
175000 4
175100 1
175200 0
175300 1
175400 1
175500 3
175600 1
175700 1
175800 1
175900 0
176000 0
176100 1
176200 0
176300 0
176400 2
176500 1
176600 1
176700 2
176800 0
176900 1
177000 2
177100 1
177200 1
177300 0
177400 1
177500 0
177600 0
177700 1
177800 1
177900 1
178000 0
178100 0
178200 0
178300 2
178400 2
178500 4
178600 2
178700 2
178800 2
178900 1
179000 0
179100 0
179200 1
179300 5
179400 5
179500 26
179600 40
179700 164
179800 971
179900 4140
180000 6448
180100 3364
180200 688
180300 98
180400 24
180500 18
180600 8
180700 5
180800 1
180900 1
181000 0
181100 1
181200 0
181300 10
181400 15
181500 43
181600 23
181700 27
181800 21
181900 0
182000 1
182100 0
182200 2
182300 1
182400 0
182500 0
182600 0
182700 1
182800 0
182900 1
183000 3
183100 0
183200 0
183300 0
183400 0
183500 0
183600 2
183700 0
183800 0
183900 1
184000 1
184100 1
184200 0
184300 2
184400 3
184500 2
184600 2
184700 10
184800 73
184900 80
185000 43
185100 25
185200 8
185300 4
185400 1
185500 0
185600 1
185700 0
185800 1
185900 2
186000 0
186100 4
186200 21
186300 23
186400 24
186500 8
186600 8
186700 21
186800 34
186900 38
187000 14
187100 6
187200 3
187300 1
187400 2
187500 1
187600 0
187700 1
187800 3
187900 4
188000 4
188100 2
188200 1
188300 1
188400 0
188500 2
188600 2
188700 0
188800 0
188900 1
189000 1
189100 0
189200 1
189300 0
189400 1
189500 0
189600 0
189700 1
189800 5
189900 1
190000 1
190100 1
190200 0
190300 1
190400 0
190500 1
190600 1
190700 0
190800 0
190900 0
191000 0
191100 1
191200 4
191300 3
191400 5
191500 2
191600 1
191700 4
191800 4
191900 1
192000 1
192100 2
192200 1
192300 1
192400 5
192500 7
192600 20
192700 34
192800 76
192900 466
193000 2616
193100 6003
193200 4953
193300 1445
193400 234
193500 41
193600 22
193700 18
193800 4
193900 3
194000 0
194100 0
194200 0
194300 0
194400 0
194500 1
194600 8
194700 3
194800 2
194900 3
195000 1
195100 0
195200 0
195300 2
195400 0
195500 2
195600 0
195700 0
195800 0
195900 0
196000 1
196100 1
196200 1
196300 0
196400 0
196500 1
196600 1
196700 0
196800 1
196900 0
197000 0
197100 0
197200 0
197300 0
197400 1
197500 1
197600 2
197700 1
197800 6
197900 33
198000 85
198100 96
198200 18
198300 9
198400 5
198500 8
198600 1
198700 0
198800 0
198900 2
199000 0
199100 0
199200 4
199300 14
199400 24
199500 23
199600 21
199700 11
199800 21
199900 29
200000 32
200100 25
200200 9
200300 1
200400 1
200500 2
200600 1
200700 1
200800 0
200900 0
201000 1
201100 3
201200 3
201300 2
201400 0
201500 2
201600 2
201700 3
201800 2
201900 2
202000 0
202100 0
202200 0
202300 1
202400 0
202500 1
202600 0
202700 0
202800 1
202900 6
203000 4
203100 0
203200 2
203300 2
203400 1
203500 0
203600 1
203700 0
203800 0
203900 1
204000 0
204100 1
204200 1
204300 3
204400 0
204500 0
204600 4
204700 3
204800 1
204900 4
205000 3
205100 1
205200 1
205300 1
205400 0
205500 1
205600 6
205700 14
205800 36
205900 57
206000 278
206100 1656
206200 5217
206300 5919
206400 2376
206500 433
206600 60
206700 27
206800 14
206900 5
207000 0
207100 2
207200 0
207300 1
207400 0
207500 0
207600 0
207700 6
207800 8
207900 2
208000 7
208100 1
208200 0
208300 0
208400 1
208500 1
208600 1
208700 0
208800 1
208900 0
