-191000 0
-190900 1
-190800 0
-190700 0
-190600 0
-190500 0
-190400 0
-190300 0
-190200 0
-190100 0
-190000 0
-189900 0
-189800 1
-189700 2
-189600 1
-189500 3
-189400 2
-189300 1
-189200 0
-189100 2
-189000 0
-188900 0
-188800 1
-188700 0
-188600 1
-188500 2
-188400 6
-188300 13
-188200 22
-188100 60
-188000 423
-187900 1996
-187800 3651
-187700 2172
-187600 509
-187500 58
-187400 6
-187300 10
-187200 6
-187100 4
-187000 2
-186900 2
-186800 0
-186700 0
-186600 0
-186500 0
-186400 3
-186300 0
-186200 3
-186100 3
-186000 4
-185900 0
-185800 0
-185700 0
-185600 0
-185500 0
-185400 0
-185300 0
-185200 1
-185100 1
-185000 0
-184900 2
-184800 0
-184700 0
-184600 0
-184500 0
-184400 0
-184300 1
-184200 0
-184100 0
-184000 1
-183900 0
-183800 0
-183700 0
-183600 0
-183500 1
-183400 2
-183300 2
-183200 5
-183100 5
-183000 21
-182900 54
-182800 33
-182700 9
-182600 6
-182500 3
-182400 1
-182300 0
-182200 1
-182100 1
-182000 2
-181900 1
-181800 0
-181700 3
-181600 9
-181500 10
-181400 8
-181300 5
-181200 3
-181100 17
-181000 20
-180900 18
-180800 13
-180700 3
-180600 0
-180500 1
-180400 1
-180300 0
-180200 0
-180100 0
-180000 0
-179900 1
-179800 0
-179700 0
-179600 1
-179500 0
-179400 0
-179300 0
-179200 0
-179100 3
-179000 0
-178900 0
-178800 1
-178700 0
-178600 0
-178500 0
-178400 0
-178300 0
-178200 2
-178100 0
-178000 3
-177900 0
-177800 0
-177700 2
-177600 0
-177500 0
-177400 0
-177300 0
-177200 0
-177100 0
-177000 0
-176900 1
-176800 1
-176700 0
-176600 0
-176500 0
-176400 0
-176300 0
-176200 0
-176100 3
-176000 0
-175900 1
-175800 0
-175700 0
-175600 0
-175500 0
-175400 1
-175300 3
-175200 5
-175100 16
-175000 25
-174900 182
-174800 1148
-174700 3380
-174600 3137
-174500 1014
-174400 175
-174300 22
-174200 6
-174100 6
-174000 4
-173900 1
-173800 1
-173700 0
-173600 1
-173500 0
-173400 0
-173300 1
-173200 3
-173100 3
-173000 1
-172900 1
-172800 2
-172700 1
-172600 1
-172500 0
-172400 0
-172300 0
-172200 0
-172100 0
-172000 1
-171900 1
-171800 1
-171700 1
-171600 0
-171500 0
-171400 1
-171300 0
-171200 0
-171100 0
-171000 0
-170900 0
-170800 1
-170700 0
-170600 1
-170500 0
-170400 0
-170300 0
-170200 0
-170100 3
-170000 3
-169900 18
-169800 49
-169700 36
-169600 8
-169500 2
-169400 3
-169300 1
-169200 1
-169100 0
-169000 2
-168900 1
-168800 0
-168700 0
-168600 1
-168500 13
-168400 12
-168300 12
-168200 8
-168100 4
-168000 7
-167900 15
-167800 23
-167700 12
-167600 4
-167500 1
-167400 0
-167300 0
-167200 0
-167100 1
-167000 0
-166900 1
-166800 0
-166700 1
-166600 2
-166500 0
-166400 1
-166300 1
-166200 1
-166100 0
-166000 0
-165900 0
-165800 0
-165700 0
-165600 0
-165500 1
-165400 0
-165300 1
-165200 0
-165100 0
-165000 0
-164900 1
-164800 1
-164700 1
-164600 0
-164500 0
-164400 0
-164300 0
-164200 0
-164100 1
-164000 0
-163900 0
-163800 0
-163700 2
-163600 3
-163500 7
-163400 2
-163300 13
-163200 11
-163100 21
-163000 18
-162900 18
-162800 5
-162700 2
-162600 0
-162500 1
-162400 1
-162300 0
-162200 1
-162100 5
-162000 7
-161900 18
-161800 82
-161700 706
-161600 2594
-161500 3504
-161400 1581
-161300 321
-161200 38
-161100 7
-161000 6
-160900 1
-160800 1
-160700 0
-160600 1
-160500 0
-160400 0
-160300 0
-160200 2
-160100 2
-160000 4
-159900 4
-159800 1
-159700 1
-159600 0
-159500 0
-159400 0
-159300 1
-159200 0
-159100 0
-159000 2
-158900 0
-158800 0
-158700 0
-158600 0
-158500 0
-158400 1
-158300 0
-158200 0
-158100 0
-158000 0
-157900 0
-157800 0
-157700 0
-157600 0
-157500 0
-157400 0
-157300 0
-157200 0
-157100 2
-157000 1
-156900 2
-156800 19
-156700 32
-156600 48
-156500 16
-156400 6
-156300 3
-156200 5
-156100 1
-156000 0
-155900 0
-155800 0
-155700 0
-155600 1
-155500 2
-155400 6
-155300 11
-155200 5
-155100 6
-155000 3
-154900 10
-154800 18
-154700 29
-154600 24
-154500 5
-154400 1
-154300 0
-154200 0
-154100 0
-154000 0
-153900 0
-153800 1
-153700 0
-153600 0
-153500 1
-153400 0
-153300 1
-153200 0
-153100 0
-153000 3
-152900 1
-152800 0
-152700 0
-152600 0
-152500 0
-152400 1
-152300 0
-152200 0
-152100 1
-152000 0
-151900 0
-151800 0
-151700 2
-151600 1
-151500 0
-151400 1
-151300 0
-151200 0
-151100 3
-151000 0
-150900 0
-150800 1
-150700 0
-150600 0
-150500 1
-150400 0
-150300 3
-150200 1
-150100 0
-150000 2
-149900 1
-149800 1
-149700 0
-149600 0
-149500 2
-149400 0
-149300 0
-149200 1
-149100 4
-149000 4
-148900 6
-148800 8
-148700 44
-148600 373
-148500 1878
-148400 3670
-148300 2374
-148200 571
-148100 75
-148000 18
-147900 7
-147800 7
-147700 3
-147600 0
-147500 0
-147400 0
-147300 2
-147200 0
-147100 1
-147000 0
-146900 3
-146800 2
-146700 2
-146600 2
-146500 1
-146400 1
-146300 0
-146200 1
-146100 0
-146000 1
-145900 0
-145800 0
-145700 0
-145600 0
-145500 1
-145400 0
-145300 1
-145200 0
-145100 0
-145000 1
-144900 0
-144800 0
-144700 0
-144600 2
-144500 0
-144400 0
-144300 0
-144200 1
-144100 1
-144000 0
-143900 2
-143800 5
-143700 3
-143600 33
-143500 48
-143400 39
-143300 7
-143200 4
-143100 7
-143000 0
-142900 0
-142800 0
-142700 1
-142600 1
-142500 0
-142400 0
-142300 1
-142200 7
-142100 11
-142000 14
-141900 5
-141800 2
-141700 18
-141600 17
-141500 22
-141400 9
-141300 3
-141200 2
-141100 0
-141000 0
-140900 0
-140800 1
-140700 0
-140600 0
-140500 2
-140400 2
-140300 0
-140200 2
-140100 0
-140000 1
-139900 3
-139800 0
-139700 1
-139600 0
-139500 1
-139400 0
-139300 0
-139200 0
-139100 0
-139000 0
-138900 0
-138800 0
-138700 0
-138600 2
-138500 0
-138400 1
-138300 0
-138200 0
-138100 0
-138000 0
-137900 0
-137800 0
-137700 1
-137600 2
-137500 0
-137400 0
-137300 1
-137200 0
-137100 2
-137000 2
-136900 1
-136800 2
-136700 4
-136600 3
-136500 0
-136400 0
-136300 0
-136200 0
-136100 0
-136000 1
-135900 5
-135800 8
-135700 10
-135600 36
-135500 164
-135400 1143
-135300 3212
-135200 3194
-135100 1124
-135000 158
-134900 18
-134800 7
-134700 8
-134600 3
-134500 0
-134400 0
-134300 0
-134200 0
-134100 1
-134000 0
-133900 3
-133800 4
-133700 3
-133600 4
-133500 3
-133400 0
-133300 0
-133200 0
-133100 0
-133000 0
-132900 0
-132800 0
-132700 1
-132600 0
-132500 0
-132400 0
-132300 0
-132200 0
-132100 0
-132000 0
-131900 0
-131800 0
-131700 1
-131600 1
-131500 0
-131400 0
-131300 0
-131200 0
-131100 0
-131000 0
-130900 2
-130800 1
-130700 1
-130600 1
-130500 14
-130400 44
-130300 50
-130200 22
-130100 8
-130000 5
-129900 4
-129800 0
-129700 0
-129600 0
-129500 0
-129400 0
-129300 1
-129200 3
-129100 10
-129000 19
-128900 14
-128800 6
-128700 5
-128600 10
-128500 27
-128400 22
-128300 14
-128200 4
-128100 3
-128000 1
-127900 2
-127800 1
-127700 1
-127600 0
-127500 0
-127400 1
-127300 2
-127200 1
-127100 1
-127000 1
-126900 0
-126800 0
-126700 1
-126600 2
-126500 1
-126400 2
-126300 0
-126200 0
-126100 0
-126000 0
-125900 0
-125800 0
-125700 0
-125600 1
-125500 2
-125400 3
-125300 1
-125200 1
-125100 1
-125000 1
-124900 0
-124800 0
-124700 1
-124600 0
-124500 0
-124400 0
-124300 0
-124200 2
-124100 0
-124000 1
-123900 3
-123800 3
-123700 0
-123600 1
-123500 3
-123400 0
-123300 0
-123200 0
-123100 0
-123000 0
-122900 0
-122800 2
-122700 6
-122600 13
-122500 13
-122400 80
-122300 596
-122200 2463
-122100 3643
-122000 1743
-121900 338
-121800 47
-121700 12
-121600 6
-121500 7
-121400 4
-121300 0
-121200 1
-121100 0
-121000 0
-120900 0
-120800 1
-120700 2
-120600 2
-120500 2
-120400 4
-120300 3
-120200 0
-120100 0
-120000 1
-119900 1
-119800 1
-119700 1
-119600 1
-119500 0
-119400 0
-119300 0
-119200 0
-119100 0
-119000 1
-118900 1
-118800 1
-118700 0
-118600 0
-118500 0
-118400 0
-118300 0
-118200 1
-118100 0
-118000 0
-117900 2
-117800 0
-117700 1
-117600 1
-117500 2
-117400 8
-117300 42
-117200 50
-117100 21
-117000 9
-116900 7
-116800 7
-116700 1
-116600 0
-116500 0
-116400 2
-116300 1
-116200 1
-116100 1
-116000 4
-115900 9
-115800 16
-115700 9
-115600 8
-115500 5
-115400 15
-115300 17
-115200 9
-115100 10
-115000 3
-114900 1
-114800 0
-114700 1
-114600 0
-114500 1
-114400 0
-114300 1
-114200 2
-114100 2
-114000 0
-113900 2
-113800 1
-113700 0
-113600 0
-113500 0
-113400 0
-113300 0
-113200 3
-113100 0
-113000 0
-112900 0
-112800 0
-112700 0
-112600 0
-112500 0
-112400 0
-112300 0
-112200 0
-112100 0
-112000 1
-111900 0
-111800 0
-111700 0
-111600 0
-111500 0
-111400 2
-111300 0
-111200 0
-111100 0
-111000 1
-110900 0
-110800 3
-110700 0
-110600 1
-110500 2
-110400 0
-110300 1
-110200 0
-110100 0
-110000 1
-109900 0
-109800 0
-109700 5
-109600 4
-109500 9
-109400 15
-109300 43
-109200 357
-109100 1807
-109000 3589
-108900 2424
-108800 572
-108700 93
-108600 11
-108500 12
-108400 6
-108300 1
-108200 2
-108100 0
-108000 0
-107900 0
-107800 0
-107700 0
-107600 2
-107500 2
-107400 3
-107300 2
-107200 2
-107100 1
-107000 0
-106900 1
-106800 1
-106700 0
-106600 0
-106500 2
-106400 0
-106300 0
-106200 1
-106100 0
-106000 0
-105900 1
-105800 1
-105700 1
-105600 0
-105500 1
-105400 0
-105300 0
-105200 0
-105100 0
-105000 0
-104900 0
-104800 0
-104700 0
-104600 0
-104500 1
-104400 2
-104300 5
-104200 19
-104100 51
-104000 32
-103900 9
-103800 6
-103700 5
-103600 0
-103500 0
-103400 0
-103300 0
-103200 2
-103100 1
-103000 1
-102900 1
-102800 17
-102700 18
-102600 15
-102500 6
-102400 2
-102300 17
-102200 18
-102100 14
-102000 13
-101900 6
-101800 2
-101700 2
-101600 1
-101500 0
-101400 1
-101300 0
-101200 0
-101100 3
-101000 2
-100900 2
-100800 2
-100700 0
-100600 1
-100500 1
-100400 1
-100300 1
-100200 1
-100100 2
-100000 0
-99900 0
-99800 0
-99700 0
-99600 1
-99500 0
-99400 0
-99300 1
-99200 1
-99100 2
-99000 0
-98900 0
-98800 0
-98700 0
-98600 0
-98500 0
-98400 0
-98300 0
-98200 1
-98100 0
-98000 1
-97900 0
-97800 1
-97700 2
-97600 1
-97500 1
-97400 1
-97300 2
-97200 1
-97100 0
-97000 1
-96900 0
-96800 1
-96700 1
-96600 3
-96500 5
-96400 7
-96300 8
-96200 18
-96100 110
-96000 862
-95900 3109
-95800 3337
-95700 1231
-95600 227
-95500 29
-95400 8
-95300 8
-95200 5
-95100 0
-95000 1
-94900 0
-94800 1
-94700 1
-94600 1
-94500 1
-94400 2
-94300 5
-94200 2
-94100 3
-94000 0
-93900 0
-93800 0
-93700 0
-93600 1
-93500 0
-93400 0
-93300 0
-93200 0
-93100 0
-93000 0
-92900 0
-92800 1
-92700 1
-92600 0
-92500 0
-92400 1
-92300 1
-92200 1
-92100 0
-92000 0
-91900 0
-91800 0
-91700 1
-91600 0
-91500 2
-91400 2
-91300 1
-91200 2
-91100 16
-91000 49
-90900 47
-90800 14
-90700 3
-90600 5
-90500 4
-90400 1
-90300 2
-90200 2
-90100 0
-90000 1
-89900 0
-89800 2
-89700 2
-89600 12
-89500 10
-89400 12
-89300 5
-89200 10
-89100 16
-89000 15
-88900 14
-88800 10
-88700 0
-88600 0
-88500 1
-88400 0
-88300 1
-88200 1
-88100 1
-88000 3
-87900 2
-87800 1
-87700 2
-87600 0
-87500 1
-87400 0
-87300 0
-87200 1
-87100 1
-87000 1
-86900 0
-86800 0
-86700 0
-86600 0
-86500 0
-86400 0
-86300 2
-86200 0
-86100 0
-86000 2
-85900 1
-85800 0
-85700 1
-85600 0
-85500 1
-85400 0
-85300 0
-85200 0
-85100 1
-85000 0
-84900 1
-84800 0
-84700 0
-84600 1
-84500 0
-84400 1
-84300 1
-84200 0
-84100 2
-84000 0
-83900 0
-83800 0
-83700 0
-83600 0
-83500 0
-83400 2
-83300 3
-83200 9
-83100 18
-83000 46
-82900 323
-82800 1794
-82700 3754
-82600 2477
-82500 528
-82400 58
-82300 11
-82200 5
-82100 6
-82000 0
-81900 0
-81800 1
-81700 0
-81600 2
-81500 1
-81400 0
-81300 3
-81200 1
-81100 2
-81000 2
-80900 1
-80800 0
-80700 1
-80600 0
-80500 1
-80400 0
-80300 1
-80200 0
-80100 0
-80000 0
-79900 1
-79800 0
-79700 0
-79600 0
-79500 0
-79400 0
-79300 0
-79200 0
-79100 0
-79000 0
-78900 0
-78800 0
-78700 0
-78600 0
-78500 0
-78400 0
-78300 1
-78200 1
-78100 2
-78000 8
-77900 35
-77800 61
-77700 13
-77600 17
-77500 0
-77400 3
-77300 1
-77200 0
-77100 0
-77000 0
-76900 0
-76800 1
-76700 0
-76600 2
-76500 8
-76400 20
-76300 13
-76200 5
-76100 6
-76000 23
-75900 28
-75800 24
-75700 6
-75600 6
-75500 0
-75400 0
-75300 1
-75200 1
-75100 0
-75000 0
-74900 0
-74800 0
-74700 3
-74600 2
-74500 3
-74400 2
-74300 1
-74200 1
-74100 0
-74000 2
-73900 0
-73800 1
-73700 1
-73600 0
-73500 0
-73400 0
-73300 0
-73200 0
-73100 1
-73000 1
-72900 0
-72800 0
-72700 1
-72600 0
-72500 0
-72400 0
-72300 0
-72200 0
-72100 0
-72000 0
-71900 0
-71800 0
-71700 0
-71600 0
-71500 2
-71400 2
-71300 3
-71200 2
-71100 2
-71000 1
-70900 1
-70800 0
-70700 0
-70600 2
-70500 0
-70400 3
-70300 4
-70200 5
-70100 9
-70000 17
-69900 58
-69800 331
-69700 1927
-69600 3594
-69500 2503
-69400 578
-69300 65
-69200 21
-69100 13
-69000 6
-68900 4
-68800 0
-68700 0
-68600 0
-68500 1
-68400 1
-68300 0
-68200 2
-68100 2
-68000 3
-67900 1
-67800 1
-67700 1
-67600 2
-67500 0
-67400 0
-67300 1
-67200 2
-67100 0
-67000 0
-66900 0
-66800 0
-66700 1
-66600 0
-66500 0
-66400 1
-66300 0
-66200 0
-66100 1
-66000 0
-65900 0
-65800 1
-65700 0
-65600 0
-65500 0
-65400 1
-65300 0
-65200 1
-65100 1
-65000 1
-64900 3
-64800 31
-64700 44
-64600 39
-64500 15
-64400 4
-64300 2
-64200 1
-64100 1
-64000 0
-63900 0
-63800 2
-63700 4
-63600 0
-63500 4
-63400 13
-63300 13
-63200 11
-63100 8
-63000 3
-62900 16
-62800 24
-62700 29
-62600 6
-62500 3
-62400 2
-62300 0
-62200 1
-62100 0
-62000 0
-61900 0
-61800 1
-61700 1
-61600 3
-61500 2
-61400 0
-61300 1
-61200 0
-61100 0
-61000 2
-60900 2
-60800 0
-60700 0
-60600 0
-60500 0
-60400 1
-60300 0
-60200 0
-60100 3
-60000 0
-59900 0
-59800 1
-59700 1
-59600 0
-59500 1
-59400 0
-59300 0
-59200 0
-59100 0
-59000 2
-58900 0
-58800 0
-58700 0
-58600 1
-58500 1
-58400 1
-58300 1
-58200 1
-58100 2
-58000 3
-57900 1
-57800 0
-57700 0
-57600 0
-57500 0
-57400 1
-57300 0
-57200 1
-57100 6
-57000 5
-56900 13
-56800 44
-56700 296
-56600 1330
-56500 3479
-56400 2921
-56300 856
-56200 117
-56100 15
-56000 9
-55900 7
-55800 5
-55700 0
-55600 1
-55500 0
-55400 0
-55300 0
-55200 0
-55100 0
-55000 4
-54900 4
-54800 1
-54700 0
-54600 1
-54500 1
-54400 0
-54300 0
-54200 1
-54100 0
-54000 0
-53900 0
-53800 0
-53700 1
-53600 0
-53500 0
-53400 0
-53300 1
-53200 0
-53100 1
-53000 0
-52900 0
-52800 0
-52700 1
-52600 0
-52500 0
-52400 0
-52300 0
-52200 1
-52100 2
-52000 1
-51900 4
-51800 4
-51700 11
-51600 45
-51500 49
-51400 13
-51300 6
-51200 3
-51100 2
-51000 2
-50900 1
-50800 0
-50700 1
-50600 1
-50500 1
-50400 2
-50300 5
-50200 18
-50100 18
-50000 11
-49900 8
-49800 9
-49700 23
-49600 18
-49500 12
-49400 8
-49300 1
-49200 0
-49100 0
-49000 1
-48900 0
-48800 0
-48700 1
-48600 0
-48500 0
-48400 1
-48300 4
-48200 1
-48100 0
-48000 1
-47900 2
-47800 0
-47700 0
-47600 1
-47500 0
-47400 0
-47300 0
-47200 0
-47100 0
-47000 0
-46900 0
-46800 0
-46700 0
-46600 1
-46500 0
-46400 0
-46300 0
-46200 1
-46100 0
-46000 0
-45900 1
-45800 0
-45700 1
-45600 1
-45500 0
-45400 0
-45300 4
-45200 0
-45100 1
-45000 1
-44900 4
-44800 3
-44700 3
-44600 1
-44500 1
-44400 0
-44300 0
-44200 1
-44100 1
-44000 3
-43900 5
-43800 23
-43700 68
-43600 204
-43500 590
-43400 2021
-43300 3593
-43200 2018
-43100 391
-43000 51
-42900 13
-42800 10
-42700 9
-42600 1
-42500 0
-42400 0
-42300 1
-42200 0
-42100 0
-42000 0
-41900 2
-41800 0
-41700 8
-41600 2
-41500 0
-41400 0
-41300 0
-41200 0
-41100 0
-41000 0
-40900 1
-40800 0
-40700 0
-40600 0
-40500 1
-40400 1
-40300 0
-40200 0
-40100 0
-40000 0
-39900 0
-39800 0
-39700 0
-39600 1
-39500 0
-39400 0
-39300 0
-39200 1
-39100 1
-39000 0
-38900 0
-38800 0
-38700 1
-38600 7
-38500 40
-38400 50
-38300 35
-38200 6
-38100 3
-38000 2
-37900 1
-37800 0
-37700 0
-37600 0
-37500 2
-37400 0
-37300 1
-37200 2
-37100 12
-37000 17
-36900 17
-36800 11
-36700 4
-36600 12
-36500 20
-36400 22
-36300 11
-36200 3
-36100 1
-36000 0
-35900 1
-35800 3
-35700 0
-35600 0
-35500 1
-35400 0
-35300 0
-35200 0
-35100 0
-35000 0
-34900 0
-34800 0
-34700 3
-34600 1
-34500 1
-34400 0
-34300 0
-34200 0
-34100 0
-34000 2
-33900 0
-33800 0
-33700 1
-33600 1
-33500 0
-33400 0
-33300 2
-33200 0
-33100 0
-33000 0
-32900 0
-32800 1
-32700 0
-32600 1
-32500 0
-32400 0
-32300 2
-32200 0
-32100 1
-32000 2
-31900 1
-31800 1
-31700 1
-31600 3
-31500 1
-31400 0
-31300 1
-31200 0
-31100 1
-31000 0
-30900 13
-30800 42
-30700 83
-30600 127
-30500 113
-30400 223
-30300 1221
-30200 3323
-30100 2783
-30000 808
-29900 114
-29800 16
-29700 5
-29600 4
-29500 3
-29400 1
-29300 1
-29200 0
-29100 1
-29000 0
-28900 0
-28800 0
-28700 3
-28600 4
-28500 2
-28400 1
-28300 0
-28200 0
-28100 0
-28000 1
-27900 0
-27800 0
-27700 0
-27600 1
-27500 1
-27400 0
-27300 1
-27200 0
-27100 0
-27000 1
-26900 1
-26800 0
-26700 1
-26600 0
-26500 0
-26400 1
-26300 0
-26200 0
-26100 0
-26000 0
-25900 0
-25800 1
-25700 1
-25600 3
-25500 9
-25400 27
-25300 56
-25200 43
-25100 11
-25000 6
-24900 2
-24800 2
-24700 0
-24600 0
-24500 1
-24400 1
-24300 0
-24200 3
-24100 4
-24000 8
-23900 13
-23800 16
-23700 8
-23600 5
-23500 18
-23400 29
-23300 17
-23200 12
-23100 1
-23000 2
-22900 0
-22800 0
-22700 0
-22600 0
-22500 0
-22400 1
-22300 1
-22200 1
-22100 0
-22000 1
-21900 2
-21800 1
-21700 0
-21600 0
-21500 0
-21400 0
-21300 0
-21200 0
-21100 1
-21000 0
-20900 0
-20800 0
-20700 0
-20600 0
-20500 0
-20400 0
-20300 0
-20200 1
-20100 1
-20000 0
-19900 1
-19800 1
-19700 1
-19600 1
-19500 0
-19400 0
-19300 1
-19200 1
-19100 0
-19000 3
-18900 0
-18800 1
-18700 1
-18600 2
-18500 0
-18400 1
-18300 0
-18200 3
-18100 2
-18000 5
-17900 1
-17800 1
-17700 3
-17600 7
-17500 12
-17400 48
-17300 309
-17200 1547
-17100 3418
-17000 2477
-16900 637
-16800 81
-16700 18
-16600 9
-16500 7
-16400 3
-16300 1
-16200 0
-16100 1
-16000 0
-15900 0
-15800 0
-15700 2
-15600 1
-15500 5
-15400 3
-15300 0
-15200 1
-15100 0
-15000 0
-14900 0
-14800 0
-14700 0
-14600 0
-14500 0
-14400 1
-14300 0
-14200 1
-14100 0
-14000 0
-13900 0
-13800 0
-13700 0
-13600 1
-13500 0
-13400 0
-13300 0
-13200 0
-13100 1
-13000 1
-12900 1
-12800 1
-12700 0
-12600 4
-12500 2
-12400 4
-12300 27
-12200 44
-12100 32
-12000 8
-11900 5
-11800 2
-11700 2
-11600 3
-11500 0
-11400 0
-11300 3
-11200 3
-11100 0
-11000 1
-10900 15
-10800 13
-10700 17
-10600 7
-10500 3
-10400 10
-10300 22
-10200 22
-10100 11
-10000 6
-9900 0
-9800 0
-9700 0
-9600 0
-9500 0
-9400 0
-9300 1
-9200 1
-9100 2
-9000 4
-8900 1
-8800 0
-8700 1
-8600 2
-8500 1
-8400 5
-8300 1
-8200 0
-8100 1
-8000 0
-7900 0
-7800 0
-7700 0
-7600 0
-7500 0
-7400 1
-7300 3
-7200 1
-7100 2
-7000 0
-6900 0
-6800 0
-6700 1
-6600 0
-6500 0
-6400 0
-6300 0
-6200 0
-6100 1
-6000 1
-5900 0
-5800 2
-5700 3
-5600 1
-5500 1
-5400 2
-5300 0
-5200 0
-5100 2
-5000 1
-4900 0
-4800 0
-4700 1
-4600 0
-4500 8
-4400 9
-4300 20
-4200 60
-4100 485
-4000 2166
-3900 3615
-3800 1850
-3700 325
-3600 44
-3500 12
-3400 5
-3300 5
-3200 1
-3100 1
-3000 0
-2900 1
-2800 0
-2700 1
-2600 0
-2500 0
-2400 1
-2300 2
-2200 5
-2100 1
-2000 0
-1900 0
-1800 0
-1700 0
-1600 0
-1500 0
-1400 0
-1300 0
-1200 0
-1100 1
-1000 0
-900 1
-800 1
-700 0
-600 1
-500 0
-400 0
-300 1
-200 1
-100 0
0 2
100 1
200 0
300 0
400 0
500 1
600 2
700 7
800 6
900 30
1000 51
1100 29
1200 5
1300 2
1400 3
1500 1
1600 0
1700 0
1800 2
1900 1
2000 0
2100 0
2200 5
2300 6
2400 19
2500 19
2600 4
2700 4
2800 11
2900 22
3000 21
3100 10
3200 2
3300 0
3400 1
3500 0
3600 1
3700 0
3800 1
3900 1
4000 0
4100 1
4200 2
4300 4
4400 1
4500 1
4600 0
4700 2
4800 2
4900 0
5000 0
5100 0
5200 0
5300 0
5400 0
5500 0
5600 0
5700 0
5800 0
5900 3
6000 0
6100 1
6200 2
6300 0
6400 1
6500 0
6600 0
6700 0
6800 0
6900 0
7000 1
7100 0
7200 0
7300 0
7400 2
7500 2
7600 2
7700 2
7800 0
7900 0
8000 2
8100 1
8200 1
8300 3
8400 2
8500 8
8600 39
8700 96
8800 163
8900 327
9000 2143
9100 16344
9200 48285
9300 49735
9400 18327
9500 2670
9600 283
9700 120
9800 113
9900 57
10000 22
10100 3
10200 2
10300 2
10400 2
10500 3
10600 1
10700 1
10800 2
10900 2
11000 3
11100 2
11200 1
11300 2
11400 0
11500 0
11600 0
11700 0
11800 1
11900 0
12000 0
12100 0
12200 0
12300 1
12400 0
12500 1
12600 0
12700 0
12800 0
12900 0
13000 1
13100 0
13200 0
13300 1
13400 0
13500 2
13600 3
13700 2
13800 2
13900 5
14000 8
14100 32
14200 44
14300 36
14400 8
14500 4
14600 0
14700 2
14800 1
14900 0
15000 0
15100 1
15200 1
15300 0
15400 4
15500 10
15600 17
15700 15
15800 7
15900 7
16000 26
16100 27
16200 22
16300 13
16400 2
16500 0
16600 1
16700 0
16800 0
16900 0
17000 0
17100 0
17200 1
17300 4
17400 2
17500 1
17600 0
17700 0
17800 0
17900 1
18000 0
18100 0
18200 0
18300 0
18400 1
18500 1
18600 0
18700 0
18800 0
18900 0
19000 0
19100 1
19200 2
19300 1
19400 0
19500 1
19600 0
19700 0
19800 0
19900 0
20000 0
20100 1
20200 0
20300 0
20400 0
20500 2
20600 2
20700 2
20800 2
20900 1
21000 1
21100 0
21200 2
21300 0
21400 0
21500 0
21600 1
21700 2
21800 4
21900 12
22000 10
22100 53
22200 426
22300 2058
22400 3631
22500 2044
22600 441
22700 60
22800 20
22900 12
23000 3
23100 1
23200 0
23300 1
23400 0
23500 0
23600 0
23700 2
23800 2
23900 3
24000 2
24100 0
24200 1
24300 1
24400 0
24500 0
24600 0
24700 0
24800 0
24900 0
25000 0
25100 0
25200 1
25300 0
25400 0
25500 0
25600 0
25700 1
25800 1
25900 0
26000 0
26100 0
26200 0
26300 1
26400 1
26500 1
26600 1
26700 1
26800 0
26900 1
27000 1
27100 9
27200 36
27300 58
27400 16
27500 6
27600 2
27700 1
27800 1
27900 0
28000 0
28100 4
28200 2
28300 0
28400 2
28500 6
28600 13
28700 17
28800 11
28900 6
29000 6
29100 18
29200 23
29300 14
29400 7
29500 1
29600 1
29700 0
29800 0
29900 2
30000 0
30100 0
30200 2
30300 0
30400 3
30500 0
30600 0
30700 1
30800 1
30900 1
31000 0
31100 0
31200 1
31300 1
31400 0
31500 0
31600 0
31700 0
31800 0
31900 1
32000 0
32100 1
32200 0
32300 0
32400 0
32500 0
32600 0
32700 0
32800 3
32900 0
33000 0
33100 1
33200 0
33300 1
33400 1
33500 2
33600 0
33700 1
33800 0
33900 1
34000 3
34100 0
34200 1
34300 0
34400 1
34500 1
34600 0
34700 1
34800 3
34900 6
35000 11
35100 21
35200 65
35300 574
35400 2239
35500 3525
35600 1708
35700 315
35800 48
35900 15
36000 13
36100 1
36200 3
36300 0
36400 1
36500 1
36600 0
36700 0
36800 0
36900 2
37000 2
37100 2
37200 2
37300 1
37400 0
37500 0
37600 0
37700 0
37800 0
37900 1
38000 0
38100 0
38200 0
38300 0
38400 0
38500 0
38600 0
38700 0
38800 0
38900 0
39000 0
39100 0
39200 0
39300 0
39400 0
39500 0
39600 0
39700 1
39800 0
39900 1
40000 0
40100 3
40200 10
40300 25
40400 55
40500 23
40600 7
40700 2
40800 4
40900 1
41000 1
41100 2
41200 0
41300 1
41400 0
41500 0
41600 2
41700 13
41800 18
41900 17
42000 3
42100 3
42200 14
42300 18
42400 13
42500 13
42600 0
42700 0
42800 0
42900 0
43000 1
43100 0
43200 0
43300 2
43400 2
43500 2
43600 1
43700 0
43800 1
43900 0
44000 1
44100 0
44200 1
44300 0
44400 1
44500 0
44600 0
44700 0
44800 1
44900 0
45000 0
45100 0
45200 0
45300 0
45400 2
45500 2
45600 0
45700 1
45800 0
45900 1
46000 0
46100 0
46200 1
46300 0
46400 0
46500 0
46600 1
46700 4
46800 1
46900 1
47000 2
47100 3
47200 2
47300 0
47400 0
47500 1
47600 1
47700 0
47800 0
47900 2
48000 8
48100 7
48200 17
48300 23
48400 218
48500 1172
48600 3294
48700 2864
48800 849
48900 110
49000 77
49100 127
49200 92
49300 33
49400 14
49500 2
49600 2
49700 1
49800 0
49900 1
50000 4
50100 1
50200 1
50300 1
50400 2
50500 1
50600 0
50700 1
50800 0
50900 0
51000 0
51100 0
51200 0
51300 0
51400 0
51500 0
51600 0
51700 1
51800 0
51900 0
52000 0
52100 0
52200 2
52300 0
52400 0
52500 0
52600 2
52700 1
52800 1
52900 2
53000 4
53100 2
53200 6
53300 29
53400 225
53500 674
53600 726
53700 244
53800 34
53900 14
54000 7
54100 2
54200 0
54300 1
54400 0
54500 0
54600 1
54700 4
54800 2
54900 10
55000 12
55100 4
55200 4
55300 11
55400 24
55500 17
55600 21
55700 6
55800 3
55900 0
56000 1
56100 0
56200 1
56300 1
56400 0
56500 0
56600 1
56700 1
56800 2
56900 0
57000 0
57100 0
57200 0
57300 1
57400 0
57500 0
57600 0
57700 0
57800 0
57900 0
58000 0
58100 0
58200 0
58300 0
58400 1
58500 0
58600 1
58700 1
58800 0
58900 0
59000 2
59100 0
59200 2
59300 0
59400 0
59500 0
59600 0
59700 0
59800 1
59900 1
60000 2
60100 0
60200 1
60300 1
60400 1
60500 0
60600 0
60700 0
60800 2
60900 1
61000 1
61100 2
61200 2
61300 15
61400 15
61500 66
61600 513
61700 2211
61800 3551
61900 1898
62000 472
62100 150
62200 31
62300 13
62400 4
62500 5
62600 1
62700 0
62800 0
62900 1
63000 0
63100 0
63200 0
63300 3
63400 2
63500 2
63600 0
63700 0
63800 1
63900 1
64000 1
64100 0
64200 0
64300 1
64400 1
64500 0
64600 1
64700 0
64800 0
64900 0
65000 0
65100 0
65200 0
65300 0
65400 0
65500 1
65600 0
65700 1
65800 0
65900 2
66000 0
66100 1
66200 1
66300 1
66400 5
66500 8
66600 43
66700 49
66800 26
66900 10
67000 2
67100 5
67200 3
67300 1
67400 1
67500 0
67600 1
67700 1
67800 0
67900 7
68000 12
68100 13
68200 12
68300 5
68400 4
68500 17
68600 12
68700 19
68800 2
68900 1
69000 2
69100 1
69200 0
69300 1
69400 0
69500 0
69600 1
69700 4
69800 2
69900 3
70000 1
70100 0
70200 1
70300 0
70400 0
70500 0
70600 1
70700 0
70800 0
70900 1
71000 0
71100 1
71200 0
71300 0
71400 0
71500 2
71600 0
71700 0
71800 1
71900 0
72000 0
72100 0
72200 0
72300 0
72400 0
72500 0
72600 0
72700 1
72800 1
72900 3
73000 0
73100 3
73200 2
73300 3
73400 1
73500 1
73600 0
73700 0
73800 0
73900 1
74000 0
74100 1
74200 4
74300 4
74400 5
74500 15
74600 51
74700 402
74800 2031
74900 3625
75000 2277
75100 545
75200 84
75300 13
75400 10
75500 4
75600 2
75700 1
75800 0
75900 0
76000 0
76100 2
76200 0
76300 2
76400 2
76500 1
76600 0
76700 0
76800 0
76900 1
77000 0
77100 1
77200 0
77300 2
77400 1
77500 0
77600 0
77700 0
77800 1
77900 1
78000 0
78100 0
78200 0
78300 0
78400 0
78500 0
78600 2
78700 1
78800 0
78900 0
79000 1
79100 1
79200 0
79300 0
79400 3
79500 0
79600 3
79700 30
79800 66
79900 41
80000 8
80100 3
80200 1
80300 2
80400 1
80500 1
80600 2
80700 1
80800 0
80900 1
81000 3
81100 11
81200 12
81300 18
81400 8
81500 4
81600 16
81700 24
81800 13
81900 8
82000 3
82100 0
82200 0
82300 0
82400 0
82500 0
82600 0
82700 1
82800 1
82900 0
83000 3
83100 0
83200 0
83300 0
83400 2
83500 1
83600 0
83700 1
83800 1
83900 0
84000 0
84100 0
84200 1
84300 0
84400 1
84500 2
84600 1
84700 2
84800 1
84900 1
85000 1
85100 0
85200 0
85300 0
85400 0
85500 0
85600 0
85700 0
85800 0
85900 0
86000 3
86100 0
86200 1
86300 1
86400 1
86500 3
86600 0
86700 3
86800 0
86900 0
87000 0
87100 2
87200 1
87300 1
87400 5
87500 8
87600 15
87700 25
87800 215
87900 1394
88000 3450
88100 2961
88200 828
88300 95
88400 14
88500 10
88600 8
88700 2
88800 4
88900 2
89000 1
89100 1
89200 0
89300 0
89400 0
89500 2
89600 1
89700 4
89800 4
89900 2
90000 1
90100 2
90200 2
90300 0
90400 1
90500 0
90600 0
90700 0
90800 0
90900 0
91000 0
91100 0
91200 0
91300 0
91400 1
91500 0
91600 0
91700 2
91800 0
91900 1
92000 0
92100 1
92200 0
92300 0
92400 1
92500 0
92600 2
92700 2
92800 19
92900 53
93000 37
93100 18
93200 6
93300 2
93400 2
93500 2
93600 0
93700 1
93800 3
93900 1
94000 2
94100 2
94200 13
94300 13
94400 18
94500 11
94600 5
94700 9
94800 11
94900 18
95000 14
95100 4
95200 0
95300 0
95400 0
95500 1
95600 0
95700 1
95800 1
95900 0
96000 1
96100 3
96200 1
96300 1
96400 1
96500 1
96600 5
96700 1
96800 1
96900 0
97000 1
97100 0
97200 0
97300 0
97400 1
97500 0
97600 0
97700 2
97800 11
97900 13
98000 0
98100 1
98200 1
98300 0
98400 0
98500 0
98600 0
98700 1
98800 2
98900 0
99000 1
99100 0
99200 2
99300 0
99400 1
99500 0
99600 0
99700 3
99800 0
99900 1
100000 1
100100 0
100200 0
100300 0
100400 2
100500 1
100600 5
100700 10
100800 19
100900 85
101000 651
101100 2525
101200 3490
101300 1642
101400 291
101500 30
101600 17
101700 11
101800 1
101900 2
102000 0
102100 0
102200 0
102300 0
102400 0
102500 1
102600 1
102700 4
102800 5
102900 1
103000 3
103100 1
103200 0
103300 0
103400 0
103500 0
103600 0
103700 0
103800 1
103900 0
104000 0
104100 0
104200 0
104300 0
104400 0
104500 0
104600 0
104700 0
104800 0
104900 0
105000 0
105100 0
105200 0
105300 0
105400 1
105500 1
105600 1
105700 3
105800 1
105900 7
106000 38
106100 54
106200 28
106300 9
106400 6
106500 2
106600 1
106700 0
106800 0
106900 3
107000 1
107100 1
107200 1
107300 6
107400 14
107500 18
107600 19
107700 3
107800 10
107900 16
108000 22
108100 20
108200 9
108300 0
108400 0
108500 0
108600 3
108700 0
108800 0
108900 0
109000 0
109100 1
109200 2
109300 0
109400 0
109500 0
109600 0
109700 1
109800 2
109900 0
110000 0
110100 0
110200 0
110300 0
110400 0
110500 0
110600 0
110700 0
110800 0
110900 1
111000 0
111100 0
111200 0
111300 0
111400 0
111500 0
111600 0
111700 1
111800 0
111900 1
112000 0
112100 0
112200 2
112300 1
112400 1
112500 3
112600 1
112700 2
112800 1
112900 2
113000 0
113100 1
113200 1
113300 1
113400 1
113500 0
113600 2
113700 6
113800 5
113900 9
114000 38
114100 336
114200 1791
114300 3760
114400 2583
114500 598
114600 84
114700 16
114800 10
114900 5
115000 1
115100 3
115200 0
115300 0
115400 0
115500 0
115600 0
115700 1
115800 1
115900 3
116000 2
116100 1
116200 0
116300 0
116400 0
116500 0
116600 1
116700 0
116800 1
116900 0
117000 0
117100 0
117200 2
117300 0
117400 0
117500 1
117600 1
117700 0
117800 1
117900 0
118000 0
118100 1
118200 0
118300 0
118400 0
118500 0
118600 1
118700 0
118800 3
118900 0
119000 6
119100 23
119200 53
119300 40
119400 13
119500 6
119600 3
119700 2
119800 1
119900 0
120000 1
120100 0
120200 0
120300 3
120400 5
120500 5
120600 14
120700 13
120800 5
120900 9
121000 10
121100 20
121200 14
121300 7
121400 3
121500 0
121600 0
121700 0
121800 0
121900 0
122000 1
122100 2
122200 1
122300 2
122400 0
122500 1
122600 1
122700 1
122800 1
122900 1
123000 0
123100 0
123200 0
123300 0
123400 0
123500 1
123600 0
123700 0
123800 0
123900 0
124000 0
124100 0
124200 0
124300 0
124400 0
124500 0
124600 0
124700 0
124800 0
124900 0
125000 0
125100 0
125200 1
125300 0
125400 0
125500 0
125600 0
125700 1
125800 0
125900 0
126000 1
126100 1
126200 0
126300 1
126400 0
126500 0
126600 1
126700 1
126800 6
126900 5
127000 11
127100 35
127200 153
127300 1102
127400 3320
127500 3165
127600 1022
127700 155
127800 23
127900 7
128000 5
128100 5
128200 2
128300 0
128400 0
128500 1
128600 0
128700 0
128800 3
128900 2
129000 4
129100 2
129200 1
129300 0
129400 0
129500 1
129600 0
129700 0
129800 0
129900 0
130000 0
130100 0
130200 0
130300 0
130400 0
130500 0
130600 0
130700 0
130800 0
130900 1
131000 0
131100 2
131200 0
131300 0
131400 0
131500 0
131600 0
131700 0
131800 0
131900 2
132000 0
132100 7
132200 9
132300 57
132400 37
132500 17
132600 4
132700 4
132800 4
132900 0
133000 0
133100 2
133200 0
133300 2
133400 1
133500 1
133600 7
133700 10
133800 11
133900 18
134000 2
134100 9
134200 16
134300 16
134400 21
134500 5
134600 0
134700 0
134800 2
134900 1
135000 0
135100 1
135200 0
135300 0
135400 0
135500 0
135600 0
135700 1
135800 0
135900 0
136000 2
136100 1
136200 0
136300 0
136400 1
136500 0
136600 0
136700 0
136800 0
136900 1
137000 1
137100 2
137200 0
137300 0
137400 2
137500 0
137600 0
137700 0
137800 0
137900 0
138000 0
138100 0
138200 0
138300 0
138400 0
138500 0
138600 0
138700 1
138800 1
138900 1
139000 3
139100 2
139200 3
139300 1
139400 0
139500 0
139600 0
139700 0
139800 0
139900 2
140000 4
140100 10
140200 10
140300 87
140400 657
140500 2574
140600 3745
140700 1751
140800 271
140900 34
141000 7
141100 6
141200 6
141300 2
141400 0
141500 0
141600 1
141700 1
141800 0
141900 0
142000 0
142100 3
142200 5
142300 2
142400 2
142500 1
142600 0
142700 0
142800 0
142900 1
143000 0
143100 0
143200 0
143300 0
143400 0
143500 0
143600 1
143700 1
143800 0
143900 0
144000 0
144100 0
144200 0
144300 0
144400 0
144500 0
144600 0
144700 1
144800 0
144900 2
145000 0
145100 1
145200 5
145300 7
145400 39
145500 64
145600 22
145700 6
145800 5
145900 2
146000 0
146100 0
146200 0
146300 1
146400 1
146500 1
146600 0
146700 5
146800 14
146900 18
147000 10
147100 6
147200 1
147300 9
147400 19
147500 21
147600 7
147700 1
147800 1
147900 1
148000 0
148100 0
148200 0
148300 0
148400 1
148500 0
148600 2
148700 1
148800 0
148900 1
149000 0
149100 0
149200 1
149300 0
149400 0
149500 0
149600 0
149700 0
149800 0
149900 0
150000 0
150100 0
150200 1
150300 4
150400 1
150500 0
150600 0
150700 0
150800 0
150900 0
151000 0
151100 0
151200 1
151300 1
151400 1
151500 0
151600 1
151700 1
151800 2
151900 1
152000 1
152100 1
152200 0
152300 2
152400 0
152500 0
152600 0
152700 0
152800 0
152900 0
153000 1
153100 4
153200 5
153300 6
153400 57
153500 309
153600 1578
153700 3460
153800 2713
153900 661
154000 86
154100 14
154200 13
154300 10
154400 0
154500 2
154600 0
154700 0
154800 0
154900 0
155000 1
155100 1
155200 1
155300 2
155400 0
155500 0
155600 0
155700 0
155800 0
155900 0
156000 0
156100 0
156200 1
156300 0
156400 0
156500 0
156600 0
156700 1
156800 0
156900 1
157000 1
157100 0
157200 0
157300 0
157400 0
157500 0
157600 0
157700 0
157800 0
157900 0
158000 0
158100 0
158200 1
158300 1
158400 2
158500 23
158600 49
158700 40
158800 13
158900 0
159000 4
159100 1
159200 0
159300 2
159400 0
159500 0
159600 0
159700 0
159800 0
159900 9
160000 19
160100 8
160200 3
160300 0
160400 19
160500 14
160600 19
160700 16
160800 5
160900 0
161000 0
161100 1
161200 0
161300 1
161400 1
161500 3
161600 1
161700 3
161800 1
161900 3
162000 0
162100 1
162200 0
162300 3
162400 0
162500 0
162600 1
162700 1
162800 1
162900 0
163000 1
163100 1
163200 0
163300 1
163400 1
163500 3
163600 1
163700 1
163800 0
163900 0
164000 0
164100 0
164200 0
164300 0
164400 0
164500 0
164600 0
164700 0
164800 1
164900 0
165000 3
165100 5
165200 2
165300 2
165400 0
165500 3
165600 0
165700 1
165800 0
165900 1
166000 0
166100 0
166200 4
166300 8
166400 14
166500 27
166600 127
166700 1032
166800 3050
166900 3292
167000 1185
167100 190
167200 24
167300 9
167400 2
167500 1
167600 0
167700 0
167800 1
167900 0
168000 1
168100 0
168200 0
168300 2
168400 2
168500 0
168600 1
168700 0
168800 0
168900 0
169000 0
169100 1
169200 0
169300 1
169400 0
169500 0
169600 1
169700 0
169800 0
169900 0
170000 0
170100 1
170200 1
170300 0
170400 0
170500 0
170600 0
170700 0
170800 0
170900 0
171000 0
171100 0
171200 0
171300 2
171400 1
171500 4
171600 18
171700 57
171800 55
171900 29
172000 1
172100 3
172200 5
172300 1
172400 0
172500 0
172600 1
172700 2
172800 1
172900 2
173000 8
173100 19
173200 17
173300 12
173400 5
173500 10
173600 13
173700 21
173800 14
173900 8
174000 2
174100 0
174200 1
174300 0
174400 0
174500 0
174600 0
174700 1
174800 2
174900 4
175000 1
175100 0
175200 0
175300 2
175400 3
175500 0
175600 1
175700 0
175800 0
175900 0
176000 0
176100 1
176200 0
176300 0
176400 0
176500 1
176600 1
176700 0
176800 0
176900 0
177000 0
177100 0
177200 0
177300 1
177400 0
177500 0
177600 2
177700 0
177800 0
177900 0
178000 0
178100 1
178200 0
178300 2
178400 1
178500 1
178600 2
178700 1
178800 1
178900 0
179000 0
179100 1
179200 0
179300 4
179400 3
179500 8
179600 14
179700 65
179800 545
179900 2350
180000 3594
180100 1853
180200 389
180300 48
180400 11
180500 12
180600 1
180700 3
180800 2
180900 0
181000 2
181100 0
181200 0
181300 8
181400 10
181500 23
181600 28
181700 20
181800 10
181900 1
182000 0
182100 0
182200 0
182300 0
182400 0
182500 1
182600 0
182700 0
182800 0
182900 1
183000 0
183100 0
183200 0
183300 0
183400 0
183500 0
183600 1
183700 0
183800 1
183900 1
184000 0
184100 0
184200 0
184300 1
184400 0
184500 2
184600 1
184700 5
184800 21
184900 55
185000 39
185100 14
185200 5
185300 0
185400 0
185500 1
185600 1
185700 0
185800 1
185900 1
186000 1
186100 2
186200 9
186300 13
186400 13
186500 5
186600 3
186700 13
186800 23
186900 18
187000 11
187100 2
187200 0
187300 2
187400 1
187500 0
187600 0
187700 0
187800 0
187900 1
188000 1
188100 1
188200 1
188300 1
188400 0
188500 3
188600 1
188700 1
188800 0
188900 0
189000 0
189100 0
189200 0
189300 0
189400 0
189500 0
189600 0
189700 1
189800 1
189900 1
190000 1
190100 0
190200 0
190300 0
190400 1
190500 0
190600 2
190700 0
190800 0
190900 1
191000 0
191100 0
191200 1
191300 2
191400 2
191500 2
191600 0
191700 3
191800 4
191900 0
192000 0
192100 1
192200 1
192300 0
192400 2
192500 4
192600 9
192700 16
192800 26
192900 233
193000 1462
193100 3448
193200 2885
193300 881
193400 126
193500 14
193600 8
193700 5
193800 2
193900 0
194000 1
194100 0
194200 1
194300 0
194400 0
194500 1
194600 1
194700 1
194800 1
194900 0
195000 3
195100 2
195200 0
195300 0
195400 0
195500 2
195600 1
195700 0
195800 1
195900 0
196000 0
196100 0
196200 0
196300 1
196400 0
196500 0
196600 0
196700 0
196800 0
196900 1
197000 0
197100 0
197200 0
197300 0
197400 0
197500 1
197600 0
197700 1
197800 6
197900 16
198000 64
198100 35
198200 20
198300 6
198400 3
198500 2
198600 1
198700 0
198800 1
198900 0
199000 2
199100 1
199200 2
199300 3
199400 22
199500 18
199600 13
199700 4
199800 12
199900 16
200000 11
200100 13
200200 3
200300 2
200400 1
200500 0
200600 0
200700 0
200800 0
200900 0
201000 0
201100 5
201200 1
201300 1
201400 0
201500 1
201600 0
201700 2
201800 2
201900 1
202000 0
202100 1
202200 0
202300 0
202400 0
202500 0
202600 0
202700 0
202800 0
202900 2
203000 0
203100 1
203200 0
203300 1
203400 1
203500 0
203600 0
203700 0
203800 0
203900 0
204000 0
204100 1
204200 0
204300 2
204400 1
204500 1
204600 5
204700 1
204800 2
204900 2
205000 1
205100 0
205200 0
205300 0
205400 0
205500 3
205600 3
205700 4
205800 16
205900 24
206000 124
206100 935
206200 2911
206300 3313
206400 1443
206500 215
206600 41
206700 8
206800 5
206900 3
207000 2
207100 0
207200 0
207300 0
207400 1
207500 0
207600 2
207700 2
207800 1
207900 1
208000 2
208100 2
208200 1
208300 2
208400 0
208500 1
208600 1
208700 0
208800 0
208900 1
