-91000 16
-90900 11
-90800 2
-90700 0
-90600 0
-90500 1
-90400 0
-90300 0
-90200 0
-90100 0
-90000 2
-89900 0
-89800 0
-89700 0
-89600 0
-89500 0
-89400 0
-89300 1
-89200 0
-89100 0
-89000 0
-88900 0
-88800 0
-88700 0
-88600 0
-88500 0
-88400 1
-88300 0
-88200 2
-88100 0
-88000 0
-87900 2
-87800 2
-87700 1
-87600 0
-87500 0
-87400 1
-87300 0
-87200 1
-87100 0
-87000 0
-86900 0
-86800 0
-86700 3
-86600 1
-86500 1
-86400 2
-86300 0
-86200 0
-86100 0
-86000 0
-85900 0
-85800 0
-85700 1
-85600 1
-85500 0
-85400 1
-85300 0
-85200 0
-85100 0
-85000 0
-84900 0
-84800 2
-84700 0
-84600 2
-84500 0
-84400 0
-84300 0
-84200 0
-84100 0
-84000 0
-83900 0
-83800 1
-83700 0
-83600 0
-83500 1
-83400 1
-83300 2
-83200 7
-83100 7
-83000 24
-82900 239
-82800 1456
-82700 2879
-82600 1521
-82500 258
-82400 37
-82300 13
-82200 2
-82100 2
-82000 1
-81900 0
-81800 0
-81700 0
-81600 0
-81500 3
-81400 0
-81300 0
-81200 0
-81100 0
-81000 2
-80900 0
-80800 0
-80700 1
-80600 0
-80500 0
-80400 0
-80300 0
-80200 0
-80100 0
-80000 0
-79900 0
-79800 0
-79700 0
-79600 0
-79500 0
-79400 0
-79300 0
-79200 0
-79100 0
-79000 0
-78900 0
-78800 1
-78700 1
-78600 0
-78500 0
-78400 0
-78300 0
-78200 0
-78100 0
-78000 4
-77900 13
-77800 20
-77700 5
-77600 2
-77500 1
-77400 0
-77300 0
-77200 0
-77100 0
-77000 0
-76900 1
-76800 0
-76700 1
-76600 0
-76500 0
-76400 0
-76300 0
-76200 0
-76100 0
-76000 0
-75900 1
-75800 0
-75700 0
-75600 0
-75500 0
-75400 0
-75300 0
-75200 1
-75100 0
-75000 0
-74900 0
-74800 0
-74700 0
-74600 0
-74500 1
-74400 0
-74300 1
-74200 0
-74100 1
-74000 1
-73900 0
-73800 0
-73700 0
-73600 0
-73500 1
-73400 0
-73300 0
-73200 0
-73100 0
-73000 1
-72900 0
-72800 1
-72700 0
-72600 0
-72500 0
-72400 0
-72300 1
-72200 0
-72100 0
-72000 1
-71900 0
-71800 0
-71700 0
-71600 1
-71500 0
-71400 0
-71300 0
-71200 2
-71100 1
-71000 0
-70900 0
-70800 0
-70700 0
-70600 0
-70500 0
-70400 0
-70300 1
-70200 2
-70100 5
-70000 10
-69900 24
-69800 223
-69700 1494
-69600 2808
-69500 1477
-69400 246
-69300 33
-69200 9
-69100 6
-69000 0
-68900 0
-68800 0
-68700 0
-68600 0
-68500 0
-68400 2
-68300 0
-68200 0
-68100 0
-68000 0
-67900 0
-67800 0
-67700 0
-67600 0
-67500 0
-67400 0
-67300 0
-67200 0
-67100 0
-67000 1
-66900 0
-66800 0
-66700 0
-66600 0
-66500 0
-66400 0
-66300 0
-66200 0
-66100 1
-66000 0
-65900 0
-65800 1
-65700 0
-65600 0
-65500 1
-65400 0
-65300 1
-65200 0
-65100 0
-65000 1
-64900 6
-64800 13
-64700 15
-64600 10
-64500 1
-64400 0
-64300 1
-64200 0
-64100 1
-64000 0
-63900 0
-63800 1
-63700 1
-63600 1
-63500 0
-63400 0
-63300 1
-63200 0
-63100 0
-63000 0
-62900 0
-62800 0
-62700 0
-62600 0
-62500 2
-62400 0
-62300 0
-62200 0
-62100 0
-62000 0
-61900 0
-61800 1
-61700 0
-61600 1
-61500 1
-61400 1
-61300 0
-61200 0
-61100 1
-61000 0
-60900 0
-60800 1
-60700 0
-60600 1
-60500 0
-60400 1
-60300 1
-60200 0
-60100 0
-60000 0
-59900 1
-59800 0
-59700 1
-59600 0
-59500 0
-59400 0
-59300 2
-59200 0
-59100 0
-59000 0
-58900 0
-58800 0
-58700 2
-58600 0
-58500 0
-58400 0
-58300 1
-58200 1
-58100 0
-58000 0
-57900 0
-57800 0
-57700 0
-57600 1
-57500 1
-57400 1
-57300 0
-57200 0
-57100 1
-57000 4
-56900 8
-56800 69
-56700 436
-56600 1327
-56500 2504
-56400 1542
-56300 323
-56200 29
-56100 13
-56000 5
-55900 5
-55800 2
-55700 1
-55600 1
-55500 0
-55400 0
-55300 0
-55200 0
-55100 0
-55000 0
-54900 1
-54800 0
-54700 0
-54600 0
-54500 0
-54400 0
-54300 0
-54200 1
-54100 0
-54000 0
-53900 0
-53800 0
-53700 2
-53600 0
-53500 0
-53400 1
-53300 0
-53200 0
-53100 0
-53000 0
-52900 0
-52800 2
-52700 0
-52600 0
-52500 0
-52400 0
-52300 0
-52200 0
-52100 2
-52000 1
-51900 1
-51800 2
-51700 4
-51600 14
-51500 9
-51400 4
-51300 0
-51200 1
-51100 0
-51000 2
-50900 0
-50800 0
-50700 2
-50600 0
-50500 0
-50400 1
-50300 1
-50200 0
-50100 0
-50000 0
-49900 0
-49800 0
-49700 0
-49600 0
-49500 1
-49400 0
-49300 0
-49200 0
-49100 1
-49000 0
-48900 0
-48800 1
-48700 1
-48600 0
-48500 0
-48400 0
-48300 5
-48200 0
-48100 1
-48000 0
-47900 0
-47800 0
-47700 1
-47600 0
-47500 0
-47400 0
-47300 0
-47200 0
-47100 2
-47000 0
-46900 1
-46800 0
-46700 2
-46600 0
-46500 0
-46400 0
-46300 0
-46200 0
-46100 0
-46000 0
-45900 0
-45800 0
-45700 0
-45600 1
-45500 0
-45400 0
-45300 0
-45200 1
-45100 1
-45000 0
-44900 0
-44800 1
-44700 0
-44600 0
-44500 0
-44400 0
-44300 1
-44200 0
-44100 2
-44000 1
-43900 8
-43800 36
-43700 198
-43600 505
-43500 683
-43400 1566
-43300 2313
-43200 961
-43100 130
-43000 26
-42900 6
-42800 6
-42700 3
-42600 1
-42500 1
-42400 0
-42300 1
-42200 0
-42100 1
-42000 0
-41900 1
-41800 0
-41700 0
-41600 0
-41500 0
-41400 0
-41300 0
-41200 0
-41100 2
-41000 0
-40900 1
-40800 0
-40700 2
-40600 1
-40500 1
-40400 1
-40300 0
-40200 0
-40100 0
-40000 0
-39900 0
-39800 0
-39700 0
-39600 0
-39500 0
-39400 0
-39300 0
-39200 2
-39100 2
-39000 0
-38900 0
-38800 0
-38700 0
-38600 1
-38500 16
-38400 23
-38300 10
-38200 1
-38100 1
-38000 0
-37900 1
-37800 0
-37700 0
-37600 0
-37500 0
-37400 0
-37300 0
-37200 0
-37100 1
-37000 0
-36900 0
-36800 0
-36700 1
-36600 0
-36500 0
-36400 1
-36300 0
-36200 0
-36100 0
-36000 1
-35900 0
-35800 0
-35700 2
-35600 0
-35500 2
-35400 2
-35300 0
-35200 0
-35100 1
-35000 1
-34900 1
-34800 0
-34700 0
-34600 2
-34500 0
-34400 0
-34300 0
-34200 0
-34100 0
-34000 0
-33900 0
-33800 1
-33700 1
-33600 1
-33500 1
-33400 1
-33300 3
-33200 1
-33100 0
-33000 0
-32900 1
-32800 0
-32700 1
-32600 0
-32500 0
-32400 0
-32300 0
-32200 0
-32100 0
-32000 0
-31900 2
-31800 1
-31700 0
-31600 1
-31500 0
-31400 0
-31300 0
-31200 2
-31100 0
-31000 5
-30900 28
-30800 106
-30700 284
-30600 348
-30500 209
-30400 164
-30300 843
-30200 2132
-30100 1530
-30000 284
-29900 31
-29800 7
-29700 3
-29600 1
-29500 0
-29400 1
-29300 1
-29200 0
-29100 0
-29000 0
-28900 0
-28800 0
-28700 0
-28600 1
-28500 1
-28400 0
-28300 0
-28200 1
-28100 0
-28000 1
-27900 0
-27800 0
-27700 0
-27600 0
-27500 0
-27400 0
-27300 1
-27200 1
-27100 0
-27000 0
-26900 0
-26800 0
-26700 0
-26600 0
-26500 1
-26400 1
-26300 0
-26200 0
-26100 0
-26000 1
-25900 1
-25800 0
-25700 0
-25600 0
-25500 2
-25400 12
-25300 22
-25200 1
-25100 0
-25000 1
-24900 0
-24800 0
-24700 0
-24600 0
-24500 1
-24400 0
-24300 0
-24200 0
-24100 0
-24000 0
-23900 0
-23800 1
-23700 0
-23600 1
-23500 0
-23400 1
-23300 1
-23200 0
-23100 0
-23000 1
-22900 0
-22800 0
-22700 0
-22600 0
-22500 1
-22400 0
-22300 0
-22200 0
-22100 0
-22000 0
-21900 0
-21800 0
-21700 0
-21600 0
-21500 0
-21400 1
-21300 0
-21200 0
-21100 0
-21000 0
-20900 0
-20800 1
-20700 0
-20600 0
-20500 1
-20400 0
-20300 1
-20200 0
-20100 0
-20000 1
-19900 1
-19800 0
-19700 0
-19600 0
-19500 0
-19400 0
-19300 1
-19200 0
-19100 0
-19000 0
-18900 0
-18800 0
-18700 0
-18600 1
-18500 0
-18400 1
-18300 1
-18200 2
-18100 4
-18000 4
-17900 2
-17800 0
-17700 1
-17600 7
-17500 4
-17400 30
-17300 174
-17200 1056
-17100 2180
-17000 1282
-16900 221
-16800 28
-16700 6
-16600 5
-16500 2
-16400 0
-16300 1
-16200 0
-16100 0
-16000 1
-15900 0
-15800 0
-15700 0
-15600 0
-15500 0
-15400 0
-15300 0
-15200 0
-15100 1
-15000 0
-14900 0
-14800 0
-14700 1
-14600 0
-14500 0
-14400 0
-14300 0
-14200 1
-14100 0
-14000 0
-13900 1
-13800 0
-13700 0
-13600 0
-13500 0
-13400 0
-13300 0
-13200 0
-13100 0
-13000 1
-12900 0
-12800 0
-12700 1
-12600 0
-12500 2
-12400 1
-12300 10
-12200 16
-12100 7
-12000 3
-11900 0
-11800 0
-11700 1
-11600 0
-11500 0
-11400 0
-11300 0
-11200 0
-11100 0
-11000 1
-10900 0
-10800 0
-10700 0
-10600 2
-10500 2
-10400 0
-10300 0
-10200 0
-10100 0
-10000 0
-9900 0
-9800 0
-9700 1
-9600 0
-9500 0
-9400 0
-9300 0
-9200 0
-9100 2
-9000 0
-8900 1
-8800 0
-8700 1
-8600 0
-8500 0
-8400 0
-8300 0
-8200 1
-8100 1
-8000 2
-7900 0
-7800 0
-7700 0
-7600 0
-7500 0
-7400 1
-7300 0
-7200 0
-7100 0
-7000 0
-6900 0
-6800 0
-6700 0
-6600 1
-6500 1
-6400 0
-6300 1
-6200 0
-6100 0
-6000 1
-5900 0
-5800 0
-5700 1
-5600 0
-5500 0
-5400 1
-5300 1
-5200 0
-5100 0
-5000 0
-4900 0
-4800 0
-4700 0
-4600 1
-4500 2
-4400 5
-4300 4
-4200 31
-4100 305
-4000 1535
-3900 2211
-3800 837
-3700 101
-3600 14
-3500 7
-3400 2
-3300 2
-3200 0
-3100 0
-3000 0
-2900 0
-2800 0
-2700 0
-2600 0
-2500 0
-2400 0
-2300 0
-2200 1
-2100 0
-2000 0
-1900 1
-1800 0
-1700 0
-1600 0
-1500 2
-1400 0
-1300 0
-1200 1
-1100 1
-1000 0
-900 2
-800 1
-700 1
-600 0
-500 0
-400 1
-300 1
-200 1
-100 0
0 0
100 0
200 0
300 1
400 0
500 0
600 3
700 5
800 5
900 13
1000 18
1100 4
1200 0
1300 0
1400 0
1500 0
1600 1
1700 0
1800 0
1900 2
2000 1
2100 0
2200 0
2300 0
2400 0
2500 0
2600 1
2700 0
2800 0
2900 1
3000 0
3100 1
3200 0
3300 0
3400 0
3500 0
3600 0
3700 0
3800 0
3900 0
4000 1
4100 2
4200 1
4300 0
4400 0
4500 0
4600 1
4700 0
4800 1
4900 0
5000 0
5100 0
5200 0
5300 0
5400 1
5500 0
5600 0
5700 0
5800 1
5900 0
6000 0
6100 1
6200 0
6300 0
6400 0
6500 0
6600 0
6700 0
6800 0
6900 0
7000 0
7100 0
7200 0
7300 0
7400 0
7500 1
7600 1
7700 0
7800 0
7900 0
8000 3
8100 2
8200 3
8300 6
8400 2
8500 22
8600 99
8700 234
8800 356
8900 747
9000 6220
9100 58814
9200 194486
9300 178733
9400 44174
9500 3870
9600 461
9700 344
9800 251
9900 122
10000 15
10100 4
10200 1
10300 5
10400 5
10500 1
10600 1
10700 1
10800 0
10900 1
11000 1
11100 1
11200 1
11300 0
11400 1
11500 0
11600 0
11700 0
11800 1
11900 0
12000 1
12100 1
12200 0
12300 0
12400 0
12500 1
12600 0
12700 1
12800 0
12900 0
13000 1
13100 0
13200 0
13300 0
13400 0
13500 1
13600 0
13700 2
13800 1
13900 0
14000 3
14100 8
14200 9
14300 0
14400 0
14500 0
14600 1
14700 0
14800 1
14900 0
15000 0
15100 0
15200 0
15300 0
15400 0
15500 0
15600 0
15700 1
15800 0
15900 0
16000 0
16100 0
16200 0
16300 0
16400 0
16500 1
16600 1
16700 0
16800 1
16900 0
17000 0
17100 0
17200 2
17300 0
17400 0
17500 0
17600 0
17700 0
17800 0
17900 0
18000 0
18100 0
18200 0
18300 0
18400 0
18500 2
18600 0
18700 0
18800 0
18900 0
19000 0
19100 2
19200 0
19300 0
19400 0
19500 1
19600 0
19700 1
19800 0
19900 0
20000 0
20100 1
20200 0
20300 0
20400 0
20500 0
20600 0
20700 0
20800 1
20900 1
21000 1
21100 2
21200 0
21300 1
21400 1
21500 0
21600 0
21700 1
21800 0
21900 3
22000 8
22100 22
22200 260
22300 1343
22400 2205
22500 951
22600 142
22700 24
22800 5
22900 4
23000 3
23100 1
23200 1
23300 0
23400 0
23500 0
23600 0
23700 0
23800 0
23900 0
24000 0
24100 0
24200 1
24300 0
24400 0
24500 0
24600 0
24700 0
24800 0
24900 0
25000 1
25100 0
25200 0
25300 0
25400 0
25500 0
25600 1
25700 0
25800 0
25900 0
26000 0
26100 0
26200 0
26300 1
26400 0
26500 0
26600 0
26700 0
26800 0
26900 0
27000 0
27100 2
27200 10
27300 14
27400 3
27500 0
27600 0
27700 0
27800 0
27900 1
28000 0
28100 0
28200 0
28300 0
28400 0
28500 0
28600 0
28700 0
28800 0
28900 0
29000 1
29100 0
29200 0
29300 0
29400 0
29500 0
29600 0
29700 0
29800 1
29900 0
30000 0
30100 1
30200 0
30300 1
30400 2
30500 1
30600 0
30700 0
30800 0
30900 1
31000 0
31100 0
31200 0
31300 0
31400 0
31500 0
31600 3
31700 1
31800 0
31900 1
32000 0
32100 0
32200 0
32300 0
32400 0
32500 0
32600 0
32700 0
32800 1
32900 0
33000 0
33100 0
33200 0
33300 0
33400 0
33500 0
33600 1
33700 0
33800 0
33900 2
34000 0
34100 1
34200 0
34300 0
34400 0
34500 0
34600 0
34700 0
34800 1
34900 3
35000 2
35100 4
35200 44
35300 338
35400 1633
35500 2156
35600 764
35700 113
35800 20
35900 8
36000 5
36100 1
36200 0
36300 1
36400 1
36500 0
36600 1
36700 2
36800 1
36900 1
37000 1
37100 0
37200 0
37300 0
37400 0
37500 1
37600 0
37700 1
37800 0
37900 0
38000 1
38100 0
38200 0
38300 0
38400 0
38500 0
38600 0
38700 0
38800 0
38900 0
39000 0
39100 0
39200 2
39300 0
39400 0
39500 0
39600 0
39700 0
39800 2
39900 0
40000 0
40100 1
40200 0
40300 8
40400 14
40500 4
40600 0
40700 0
40800 1
40900 1
41000 1
41100 0
41200 0
41300 1
41400 0
41500 0
41600 0
41700 0
41800 0
41900 1
42000 0
42100 0
42200 0
42300 0
42400 0
42500 0
42600 0
42700 0
42800 0
42900 0
43000 1
43100 0
43200 1
43300 0
43400 2
43500 2
43600 3
43700 0
43800 0
43900 0
44000 0
44100 1
44200 0
44300 1
44400 0
44500 0
44600 0
44700 0
44800 0
44900 0
45000 0
45100 0
45200 0
45300 1
45400 0
45500 0
45600 1
45700 0
45800 0
45900 1
46000 0
46100 1
46200 0
46300 0
46400 0
46500 0
46600 0
46700 0
46800 0
46900 1
47000 1
47100 0
47200 1
47300 0
47400 0
47500 0
47600 0
47700 1
47800 0
47900 0
48000 1
48100 2
48200 5
48300 9
48400 96
48500 757
48600 2099
48700 1561
48800 313
48900 91
49000 272
49100 410
49200 267
49300 98
49400 14
49500 3
49600 0
49700 1
49800 0
49900 1
50000 0
50100 0
50200 0
50300 0
50400 0
50500 1
50600 0
50700 1
50800 0
50900 0
51000 0
51100 0
51200 0
51300 1
51400 1
51500 0
51600 0
51700 1
51800 0
51900 0
52000 0
52100 0
52200 0
52300 1
52400 1
52500 1
52600 0
52700 0
52800 0
52900 2
53000 1
53100 3
53200 5
53300 60
53400 524
53500 1373
53600 877
53700 156
53800 24
53900 9
54000 3
54100 2
54200 1
54300 1
54400 0
54500 1
54600 0
54700 0
54800 0
54900 0
55000 0
55100 0
55200 1
55300 0
55400 0
55500 0
55600 1
55700 0
55800 1
55900 1
56000 2
56100 0
56200 0
56300 0
56400 0
56500 1
56600 2
56700 0
56800 0
56900 0
57000 0
57100 1
57200 1
57300 0
57400 0
57500 0
57600 1
57700 0
57800 0
57900 1
58000 0
58100 0
58200 1
58300 1
58400 1
58500 0
58600 0
58700 0
58800 1
58900 0
59000 0
59100 0
59200 0
59300 1
59400 0
59500 0
59600 0
59700 1
59800 0
59900 0
60000 1
60100 1
60200 0
60300 1
60400 2
60500 0
60600 0
60700 0
60800 0
60900 1
61000 0
61100 0
61200 2
61300 6
61400 10
61500 35
61600 293
61700 1439
61800 2235
61900 1176
62000 741
62100 326
62200 75
62300 11
62400 4
62500 1
62600 0
62700 0
62800 1
62900 0
63000 0
63100 1
63200 0
63300 0
63400 0
63500 0
63600 0
63700 1
63800 0
63900 1
64000 0
64100 2
64200 0
64300 0
64400 1
64500 0
64600 0
64700 0
64800 1
64900 0
65000 0
65100 0
65200 0
65300 0
65400 0
65500 0
65600 0
65700 0
65800 0
65900 0
66000 0
66100 0
66200 0
66300 2
66400 1
66500 2
66600 15
66700 13
66800 7
66900 3
67000 1
67100 0
67200 0
67300 0
67400 0
67500 0
67600 1
67700 0
67800 0
67900 0
68000 1
68100 0
68200 1
68300 0
68400 0
68500 0
68600 0
68700 0
68800 0
68900 0
69000 0
69100 1
69200 0
69300 0
69400 0
69500 0
69600 0
69700 1
69800 0
69900 1
70000 1
70100 0
70200 1
70300 0
70400 0
70500 3
70600 0
70700 2
70800 0
70900 0
71000 0
71100 0
71200 0
71300 1
71400 0
71500 1
71600 0
71700 0
71800 0
71900 2
72000 0
72100 0
72200 0
72300 0
72400 0
72500 0
72600 0
72700 0
72800 0
72900 1
73000 0
73100 0
73200 0
73300 0
73400 1
73500 1
73600 1
73700 0
73800 0
73900 0
74000 2
74100 0
74200 2
74300 1
74400 5
74500 8
74600 22
74700 237
74800 1279
74900 2556
75000 1688
75100 478
75200 77
75300 11
75400 7
75500 0
75600 0
75700 1
75800 2
75900 0
76000 0
76100 0
76200 1
76300 0
76400 0
76500 3
76600 0
76700 3
76800 0
76900 0
77000 1
77100 0
77200 0
77300 0
77400 1
77500 0
77600 0
77700 0
77800 0
77900 0
78000 1
78100 0
78200 0
78300 0
78400 2
78500 0
78600 0
78700 2
78800 0
78900 0
79000 0
79100 0
79200 0
79300 0
79400 0
79500 1
79600 2
79700 7
79800 18
79900 12
80000 0
80100 0
80200 2
80300 1
80400 0
80500 1
80600 1
80700 1
80800 0
80900 0
81000 1
81100 0
81200 0
81300 0
81400 0
81500 0
81600 1
81700 0
81800 0
81900 1
82000 0
82100 0
82200 0
82300 0
82400 0
82500 2
82600 0
82700 0
82800 0
82900 1
83000 3
83100 1
83200 0
83300 0
83400 0
83500 0
83600 0
83700 1
83800 1
83900 0
84000 1
84100 0
84200 0
84300 1
84400 0
84500 0
84600 1
84700 0
84800 0
84900 0
85000 0
85100 0
85200 0
85300 1
85400 1
85500 1
85600 3
85700 0
85800 0
85900 0
86000 0
86100 0
86200 0
86300 0
86400 0
86500 0
86600 0
86700 1
86800 1
86900 0
87000 1
87100 1
87200 1
87300 1
87400 2
87500 6
87600 6
87700 25
87800 129
87900 1000
88000 2614
88100 1976
88200 442
88300 49
88400 12
88500 6
88600 5
88700 1
88800 3
88900 1
89000 1
89100 0
89200 1
89300 0
89400 0
89500 0
89600 0
89700 1
89800 1
89900 0
90000 0
90100 0
90200 0
90300 0
90400 0
90500 0
90600 0
90700 0
90800 0
90900 0
91000 0
91100 1
91200 0
91300 0
91400 1
91500 1
91600 1
91700 1
91800 0
91900 0
92000 0
92100 0
92200 0
92300 0
92400 1
92500 0
92600 1
92700 1
92800 4
92900 20
93000 11
93100 2
93200 0
93300 0
93400 1
93500 0
93600 0
93700 1
93800 0
93900 0
94000 1
94100 0
94200 0
94300 2
94400 0
94500 0
94600 0
94700 0
94800 1
94900 0
95000 0
95100 0
95200 1
95300 0
95400 1
95500 0
95600 0
95700 1
95800 0
95900 2
96000 1
96100 0
96200 1
96300 2
96400 0
96500 0
96600 1
96700 0
96800 0
96900 0
97000 0
97100 1
97200 0
97300 1
97400 0
97500 0
97600 1
97700 1
97800 9
97900 6
98000 0
98100 0
98200 1
98300 1
98400 0
98500 0
98600 0
98700 0
98800 0
98900 0
99000 0
99100 0
99200 0
99300 1
99400 0
99500 1
99600 1
99700 0
99800 0
99900 0
100000 1
100100 1
100200 1
100300 0
100400 0
100500 0
100600 3
100700 4
100800 9
100900 48
101000 379
101100 2013
101200 2694
101300 1052
101400 119
101500 27
101600 7
101700 7
101800 1
101900 0
102000 0
102100 1
102200 0
102300 0
102400 0
102500 0
102600 0
102700 0
102800 0
102900 0
103000 0
103100 0
103200 0
103300 0
103400 0
103500 0
103600 0
103700 0
103800 0
103900 0
104000 0
104100 0
104200 0
104300 0
104400 0
104500 0
104600 0
104700 0
104800 1
104900 1
105000 1
105100 0
105200 0
105300 0
105400 0
105500 1
105600 1
105700 0
105800 1
105900 3
106000 17
106100 8
106200 5
106300 0
106400 0
106500 2
106600 0
106700 1
106800 0
106900 1
107000 0
107100 1
107200 1
107300 0
107400 0
107500 0
107600 0
107700 0
107800 0
107900 0
108000 0
108100 0
108200 1
108300 1
108400 0
108500 2
108600 1
108700 0
108800 2
108900 0
