-300000 0
-299900 0
-299800 3
-299700 5
-299600 3
-299500 2
-299400 3
-299300 2
-299200 7
-299100 3
-299000 2
-298900 1
-298800 0
-298700 0
-298600 0
-298500 0
-298400 0
-298300 1
-298200 1
-298100 1
-298000 0
-297900 0
-297800 0
-297700 1
-297600 1
-297500 0
-297400 0
-297300 0
-297200 0
-297100 0
-297000 0
-296900 0
-296800 1
-296700 0
-296600 0
-296500 1
-296400 0
-296300 0
-296200 0
-296100 0
-296000 0
-295900 0
-295800 0
-295700 1
-295600 0
-295500 1
-295400 0
-295300 0
-295200 1
-295100 0
-295000 0
-294900 0
-294800 2
-294700 1
-294600 1
-294500 1
-294400 1
-294300 1
-294200 0
-294100 3
-294000 0
-293900 0
-293800 0
-293700 1
-293600 0
-293500 1
-293400 1
-293300 1
-293200 3
-293100 27
-293000 268
-292900 700
-292800 623
-292700 141
-292600 15
-292500 0
-292400 1
-292300 2
-292200 0
-292100 1
-292000 0
-291900 0
-291800 1
-291700 1
-291600 0
-291500 1
-291400 2
-291300 0
-291200 0
-291100 0
-291000 0
-290900 0
-290800 0
-290700 2
-290600 0
-290500 0
-290400 1
-290300 0
-290200 0
-290100 0
-290000 0
-289900 0
-289800 1
-289700 0
-289600 0
-289500 0
-289400 0
-289300 0
-289200 1
-289100 1
-289000 0
-288900 0
-288800 0
-288700 1
-288600 0
-288500 0
-288400 1
-288300 1
-288200 1
-288100 6
-288000 12
-287900 17
-287800 4
-287700 2
-287600 0
-287500 1
-287400 1
-287300 1
-287200 1
-287100 1
-287000 0
-286900 0
-286800 1
-286700 2
-286600 4
-286500 9
-286400 0
-286300 2
-286200 4
-286100 6
-286000 8
-285900 1
-285800 1
-285700 1
-285600 0
-285500 0
-285400 0
-285300 0
-285200 0
-285100 0
-285000 0
-284900 0
-284800 1
-284700 1
-284600 0
-284500 1
-284400 0
-284300 0
-284200 0
-284100 0
-284000 0
-283900 0
-283800 2
-283700 0
-283600 0
-283500 0
-283400 0
-283300 0
-283200 0
-283100 0
-283000 0
-282900 0
-282800 0
-282700 0
-282600 0
-282500 0
-282400 1
-282300 0
-282200 0
-282100 2
-282000 0
-281900 0
-281800 0
-281700 0
-281600 3
-281500 1
-281400 1
-281300 0
-281200 0
-281100 0
-281000 1
-280900 2
-280800 0
-280700 1
-280600 1
-280500 0
-280400 0
-280300 1
-280200 0
-280100 0
-280000 12
-279900 121
-279800 534
-279700 693
-279600 306
-279500 47
-279400 4
-279300 0
-279200 1
-279100 1
-279000 0
-278900 0
-278800 0
-278700 0
-278600 1
-278500 0
-278400 1
-278300 0
-278200 0
-278100 2
-278000 0
-277900 1
-277800 0
-277700 1
-277600 0
-277500 0
-277400 0
-277300 0
-277200 0
-277100 0
-277000 0
-276900 0
-276800 2
-276700 0
-276600 1
-276500 2
-276400 1
-276300 0
-276200 1
-276100 0
-276000 1
-275900 0
-275800 1
-275700 0
-275600 0
-275500 0
-275400 0
-275300 0
-275200 0
-275100 1
-275000 2
-274900 17
-274800 22
-274700 3
-274600 1
-274500 0
-274400 0
-274300 0
-274200 0
-274100 0
-274000 1
-273900 0
-273800 1
-273700 0
-273600 1
-273500 3
-273400 6
-273300 2
-273200 1
-273100 0
-273000 2
-272900 5
-272800 5
-272700 1
-272600 0
-272500 2
-272400 2
-272300 0
-272200 0
-272100 0
-272000 1
-271900 0
-271800 1
-271700 0
-271600 0
-271500 0
-271400 0
-271300 0
-271200 1
-271100 0
-271000 0
-270900 0
-270800 2
-270700 0
-270600 0
-270500 0
-270400 3
-270300 0
-270200 0
-270100 1
-270000 0
-269900 0
-269800 0
-269700 0
-269600 0
-269500 0
-269400 1
-269300 2
-269200 0
-269100 0
-269000 0
-268900 1
-268800 0
-268700 0
-268600 0
-268500 0
-268400 0
-268300 0
-268200 0
-268100 0
-268000 0
-267900 0
-267800 0
-267700 1
-267600 0
-267500 0
-267400 0
-267300 0
-267200 0
-267100 0
-267000 0
-266900 2
-266800 41
-266700 397
-266600 792
-266500 449
-266400 103
-266300 5
-266200 2
-266100 1
-266000 0
-265900 0
-265800 0
-265700 0
-265600 0
-265500 0
-265400 0
-265300 0
-265200 0
-265100 1
-265000 2
-264900 1
-264800 0
-264700 2
-264600 0
-264500 0
-264400 0
-264300 0
-264200 1
-264100 0
-264000 0
-263900 0
-263800 0
-263700 0
-263600 0
-263500 0
-263400 0
-263300 0
-263200 1
-263100 0
-263000 0
-262900 0
-262800 0
-262700 0
-262600 0
-262500 0
-262400 0
-262300 1
-262200 0
-262100 0
-262000 0
-261900 4
-261800 15
-261700 17
-261600 16
-261500 0
-261400 2
-261300 1
-261200 2
-261100 0
-261000 0
-260900 1
-260800 0
-260700 0
-260600 0
-260500 0
-260400 1
-260300 4
-260200 3
-260100 2
-260000 3
-259900 4
-259800 3
-259700 2
-259600 3
-259500 1
-259400 0
-259300 0
-259200 1
-259100 0
-259000 0
-258900 0
-258800 0
-258700 0
-258600 0
-258500 2
-258400 0
-258300 0
-258200 1
-258100 0
-258000 0
-257900 1
-257800 0
-257700 2
-257600 1
-257500 0
-257400 1
-257300 0
-257200 0
-257100 0
-257000 0
-256900 0
-256800 0
-256700 1
-256600 1
-256500 0
-256400 0
-256300 1
-256200 0
-256100 0
-256000 1
-255900 0
-255800 0
-255700 0
-255600 0
-255500 0
-255400 0
-255300 0
-255200 0
-255100 1
-255000 0
-254900 0
-254800 0
-254700 0
-254600 1
-254500 0
-254400 0
-254300 1
-254200 0
-254100 0
-254000 1
-253900 0
-253800 3
-253700 20
-253600 224
-253500 758
-253400 641
-253300 163
-253200 16
-253100 4
-253000 0
-252900 1
-252800 0
-252700 0
-252600 0
-252500 0
-252400 0
-252300 0
-252200 0
-252100 0
-252000 1
-251900 2
-251800 1
-251700 0
-251600 1
-251500 0
-251400 0
-251300 1
-251200 1
-251100 1
-251000 0
-250900 0
-250800 0
-250700 1
-250600 0
-250500 1
-250400 1
-250300 0
-250200 0
-250100 0
-250000 0
-249900 0
-249800 2
-249700 0
-249600 0
-249500 0
-249400 0
-249300 0
-249200 0
-249100 0
-249000 0
-248900 0
-248800 0
-248700 7
-248600 16
-248500 9
-248400 2
-248300 1
-248200 0
-248100 0
-248000 1
-247900 0
-247800 2
-247700 0
-247600 0
-247500 0
-247400 0
-247300 0
-247200 5
-247100 7
-247000 4
-246900 2
-246800 4
-246700 2
-246600 4
-246500 1
-246400 3
-246300 1
-246200 0
-246100 2
-246000 1
-245900 0
-245800 1
-245700 0
-245600 2
-245500 2
-245400 0
-245300 0
-245200 0
-245100 0
-245000 1
-244900 0
-244800 0
-244700 1
-244600 0
-244500 0
-244400 0
-244300 1
-244200 0
-244100 0
-244000 0
-243900 1
-243800 1
-243700 1
-243600 2
-243500 1
-243400 2
-243300 2
-243200 0
-243100 2
-243000 1
-242900 0
-242800 0
-242700 2
-242600 0
-242500 0
-242400 0
-242300 0
-242200 0
-242100 2
-242000 1
-241900 0
-241800 0
-241700 0
-241600 0
-241500 0
-241400 0
-241300 0
-241200 0
-241100 0
-241000 0
-240900 0
-240800 0
-240700 1
-240600 7
-240500 105
-240400 510
-240300 767
-240200 293
-240100 29
-240000 1
-239900 0
-239800 0
-239700 0
-239600 0
-239500 0
-239400 0
-239300 0
-239200 1
-239100 1
-239000 0
-238900 1
-238800 2
-238700 0
-238600 1
-238500 0
-238400 0
-238300 0
-238200 0
-238100 0
-238000 0
-237900 1
-237800 1
-237700 1
-237600 1
-237500 0
-237400 0
-237300 0
-237200 2
-237100 1
-237000 0
-236900 0
-236800 0
-236700 0
-236600 0
-236500 1
-236400 0
-236300 0
-236200 0
-236100 0
-236000 1
-235900 0
-235800 1
-235700 1
-235600 2
-235500 15
-235400 16
-235300 7
-235200 1
-235100 1
-235000 0
-234900 1
-234800 0
-234700 0
-234600 1
-234500 0
-234400 0
-234300 0
-234200 2
-234100 3
-234000 4
-233900 5
-233800 3
-233700 5
-233600 3
-233500 5
-233400 9
-233300 3
-233200 0
-233100 1
-233000 0
-232900 0
-232800 0
-232700 0
-232600 0
-232500 0
-232400 0
-232300 0
-232200 0
-232100 3
-232000 0
-231900 0
-231800 0
-231700 0
-231600 0
-231500 0
-231400 1
-231300 0
-231200 1
-231100 1
-231000 0
-230900 1
-230800 0
-230700 0
-230600 0
-230500 0
-230400 0
-230300 1
-230200 0
-230100 0
-230000 0
-229900 2
-229800 0
-229700 0
-229600 0
-229500 1
-229400 0
-229300 0
-229200 0
-229100 2
-229000 0
-228900 0
-228800 0
-228700 0
-228600 0
-228500 0
-228400 0
-228300 0
-228200 0
-228100 1
-228000 0
-227900 0
-227800 0
-227700 0
-227600 2
-227500 1
-227400 37
-227300 315
-227200 732
-227100 507
-227000 75
-226900 6
-226800 2
-226700 0
-226600 0
-226500 1
-226400 0
-226300 1
-226200 0
-226100 0
-226000 1
-225900 1
-225800 4
-225700 0
-225600 1
-225500 2
-225400 0
-225300 0
-225200 0
-225100 0
-225000 2
-224900 0
-224800 1
-224700 0
-224600 0
-224500 0
-224400 2
-224300 1
-224200 0
-224100 0
-224000 1
-223900 1
-223800 2
-223700 0
-223600 0
-223500 0
-223400 0
-223300 0
-223200 0
-223100 1
-223000 0
-222900 0
-222800 0
-222700 0
-222600 2
-222500 1
-222400 14
-222300 16
-222200 5
-222100 1
-222000 0
-221900 0
-221800 0
-221700 0
-221600 0
-221500 0
-221400 0
-221300 1
-221200 0
-221100 0
-221000 3
-220900 3
-220800 7
-220700 3
-220600 1
-220500 4
-220400 8
-220300 6
-220200 1
-220100 0
-220000 0
-219900 0
-219800 1
-219700 0
-219600 0
-219500 0
-219400 0
-219300 1
-219200 2
-219100 0
-219000 0
-218900 0
-218800 1
-218700 1
-218600 1
-218500 0
-218400 0
-218300 0
-218200 0
-218100 0
-218000 0
-217900 1
-217800 0
-217700 0
-217600 2
-217500 1
-217400 0
-217300 1
-217200 1
-217100 0
-217000 0
-216900 0
-216800 0
-216700 0
-216600 0
-216500 0
-216400 0
-216300 0
-216200 0
-216100 0
-216000 1
-215900 0
-215800 0
-215700 0
-215600 2
-215500 0
-215400 1
-215300 1
-215200 1
-215100 0
-215000 1
-214900 0
-214800 0
-214700 2
-214600 1
-214500 0
-214400 2
-214300 21
-214200 252
-214100 720
-214000 588
-213900 133
-213800 13
-213700 0
-213600 2
-213500 0
-213400 1
-213300 0
-213200 0
-213100 0
-213000 0
-212900 1
-212800 2
-212700 1
-212600 0
-212500 1
-212400 0
-212300 0
-212200 0
-212100 0
-212000 0
-211900 0
-211800 0
-211700 0
-211600 0
-211500 0
-211400 0
-211300 0
-211200 1
-211100 0
-211000 0
-210900 0
-210800 0
-210700 0
-210600 0
-210500 0
-210400 0
-210300 0
-210200 1
-210100 0
-210000 1
-209900 0
-209800 0
-209700 0
-209600 0
-209500 0
-209400 0
-209300 13
-209200 15
-209100 11
-209000 3
-208900 1
-208800 1
-208700 1
-208600 0
-208500 1
-208400 0
-208300 1
-208200 0
-208100 0
-208000 0
-207900 2
-207800 3
-207700 5
-207600 1
-207500 0
-207400 4
-207300 9
-207200 14
-207100 3
-207000 1
-206900 0
-206800 1
-206700 0
-206600 0
-206500 1
-206400 1
-206300 1
-206200 0
-206100 0
-206000 0
-205900 0
-205800 0
-205700 0
-205600 0
-205500 0
-205400 0
-205300 0
-205200 0
-205100 0
-205000 0
-204900 1
-204800 0
-204700 0
-204600 0
-204500 0
-204400 0
-204300 1
-204200 2
-204100 1
-204000 0
-203900 0
-203800 0
-203700 0
-203600 1
-203500 0
-203400 1
-203300 0
-203200 0
-203100 1
-203000 0
-202900 1
-202800 0
-202700 2
-202600 1
-202500 0
-202400 0
-202300 0
-202200 0
-202100 0
-202000 1
-201900 0
-201800 0
-201700 1
-201600 0
-201500 0
-201400 0
-201300 2
-201200 12
-201100 135
-201000 593
-200900 734
-200800 285
-200700 34
-200600 4
-200500 0
-200400 0
-200300 0
-200200 1
-200100 0
-200000 0
-199900 0
-199800 0
-199700 0
-199600 0
-199500 4
-199400 0
-199300 1
-199200 2
-199100 0
-199000 0
-198900 0
-198800 0
-198700 0
-198600 0
-198500 0
-198400 2
-198300 0
-198200 0
-198100 0
-198000 1
-197900 0
-197800 0
-197700 0
-197600 0
-197500 1
-197400 1
-197300 0
-197200 0
-197100 0
-197000 0
-196900 0
-196800 0
-196700 1
-196600 0
-196500 2
-196400 1
-196300 0
-196200 4
-196100 17
-196000 15
-195900 5
-195800 1
-195700 1
-195600 0
-195500 0
-195400 0
-195300 0
-195200 0
-195100 0
-195000 0
-194900 1
-194800 0
-194700 2
-194600 7
-194500 1
-194400 2
-194300 0
-194200 9
-194100 5
-194000 5
-193900 0
-193800 0
-193700 1
-193600 0
-193500 0
-193400 1
-193300 1
-193200 0
-193100 0
-193000 0
-192900 2
-192800 1
-192700 0
-192600 0
-192500 0
-192400 0
-192300 1
-192200 1
-192100 0
-192000 1
-191900 0
-191800 0
-191700 0
-191600 0
-191500 0
-191400 0
-191300 1
-191200 0
-191100 2
-191000 0
-190900 0
-190800 0
-190700 0
-190600 0
-190500 0
-190400 0
-190300 0
-190200 0
-190100 1
-190000 1
-189900 0
-189800 2
-189700 1
-189600 0
-189500 1
-189400 1
-189300 1
-189200 3
-189100 0
-189000 0
-188900 0
-188800 0
-188700 0
-188600 0
-188500 0
-188400 1
-188300 4
-188200 5
-188100 1
-188000 49
-187900 395
-187800 770
-187700 450
-187600 81
-187500 5
-187400 1
-187300 0
-187200 1
-187100 0
-187000 0
-186900 0
-186800 0
-186700 1
-186600 0
-186500 0
-186400 2
-186300 2
-186200 1
-186100 0
-186000 2
-185900 0
-185800 0
-185700 1
-185600 1
-185500 0
-185400 0
-185300 0
-185200 0
-185100 1
-185000 2
-184900 0
-184800 0
-184700 0
-184600 0
-184500 0
-184400 0
-184300 0
-184200 0
-184100 0
-184000 0
-183900 1
-183800 0
-183700 0
-183600 0
-183500 2
-183400 0
-183300 0
-183200 2
-183100 3
-183000 14
-182900 19
-182800 10
-182700 0
-182600 0
-182500 0
-182400 0
-182300 0
-182200 0
-182100 1
-182000 2
-181900 0
-181800 0
-181700 0
-181600 3
-181500 2
-181400 3
-181300 1
-181200 0
-181100 7
-181000 5
-180900 4
-180800 1
-180700 1
-180600 0
-180500 0
-180400 1
-180300 0
-180200 0
-180100 1
-180000 0
-179900 0
-179800 1
-179700 0
-179600 1
-179500 0
-179400 0
-179300 0
-179200 1
-179100 0
-179000 0
-178900 0
-178800 0
-178700 0
-178600 0
-178500 0
-178400 1
-178300 1
-178200 0
-178100 0
-178000 0
-177900 0
-177800 0
-177700 0
-177600 1
-177500 0
-177400 0
-177300 0
-177200 0
-177100 0
-177000 0
-176900 0
-176800 1
-176700 1
-176600 0
-176500 0
-176400 0
-176300 2
-176200 0
-176100 1
-176000 0
-175900 1
-175800 0
-175700 0
-175600 2
-175500 2
-175400 1
-175300 1
-175200 0
-175100 1
-175000 1
-174900 14
-174800 190
-174700 674
-174600 650
-174500 163
-174400 15
-174300 3
-174200 0
-174100 0
-174000 0
-173900 0
-173800 0
-173700 0
-173600 0
-173500 0
-173400 0
-173300 1
-173200 2
-173100 1
-173000 1
-172900 1
-172800 1
-172700 0
-172600 1
-172500 0
-172400 0
-172300 0
-172200 0
-172100 0
-172000 0
-171900 0
-171800 0
-171700 1
-171600 0
-171500 0
-171400 0
-171300 0
-171200 0
-171100 0
-171000 1
-170900 0
-170800 0
-170700 1
-170600 0
-170500 0
-170400 1
-170300 0
-170200 0
-170100 0
-170000 0
-169900 11
-169800 23
-169700 14
-169600 1
-169500 0
-169400 0
-169300 2
-169200 2
-169100 0
-169000 0
-168900 1
-168800 0
-168700 0
-168600 0
-168500 0
-168400 2
-168300 8
-168200 1
-168100 1
-168000 4
-167900 1
-167800 4
-167700 2
-167600 0
-167500 0
-167400 0
-167300 1
-167200 1
-167100 1
-167000 0
-166900 0
-166800 0
-166700 1
-166600 1
-166500 0
-166400 1
-166300 0
-166200 0
-166100 0
-166000 0
-165900 1
-165800 1
-165700 0
-165600 0
-165500 0
-165400 0
-165300 0
-165200 0
-165100 0
-165000 0
-164900 0
-164800 0
-164700 0
-164600 0
-164500 0
-164400 2
-164300 1
-164200 1
-164100 0
-164000 0
-163900 0
-163800 0
-163700 1
-163600 0
-163500 0
-163400 0
-163300 0
-163200 0
-163100 0
-163000 1
-162900 1
-162800 0
-162700 0
-162600 0
-162500 1
-162400 0
-162300 2
-162200 0
-162100 0
-162000 1
-161900 0
-161800 7
-161700 122
-161600 499
-161500 749
-161400 315
-161300 43
-161200 2
-161100 1
-161000 1
-160900 1
-160800 0
-160700 0
-160600 1
-160500 0
-160400 0
-160300 2
-160200 0
-160100 2
-160000 0
-159900 0
-159800 0
-159700 2
-159600 0
-159500 0
-159400 0
-159300 0
-159200 0
-159100 0
-159000 0
-158900 1
-158800 0
-158700 0
-158600 0
-158500 0
-158400 0
-158300 0
-158200 2
-158100 0
-158000 0
-157900 2
-157800 0
-157700 0
-157600 0
-157500 0
-157400 0
-157300 0
-157200 0
-157100 0
-157000 0
-156900 0
-156800 1
-156700 13
-156600 16
-156500 7
-156400 0
-156300 1
-156200 0
-156100 0
-156000 0
-155900 0
-155800 0
-155700 0
-155600 1
-155500 0
-155400 1
-155300 2
-155200 1
-155100 2
-155000 1
-154900 0
-154800 6
-154700 4
-154600 3
-154500 3
-154400 0
-154300 0
-154200 2
-154100 0
-154000 0
-153900 1
-153800 1
-153700 1
-153600 2
-153500 1
-153400 0
-153300 0
-153200 1
-153100 2
-153000 2
-152900 0
-152800 0
-152700 0
-152600 0
-152500 1
-152400 0
-152300 0
-152200 1
-152100 0
-152000 0
-151900 0
-151800 1
-151700 0
-151600 0
-151500 1
-151400 1
-151300 0
-151200 0
-151100 0
-151000 0
-150900 0
-150800 0
-150700 0
-150600 0
-150500 0
-150400 0
-150300 0
-150200 0
-150100 0
-150000 0
-149900 0
-149800 1
-149700 0
-149600 0
-149500 0
-149400 0
-149300 0
-149200 0
-149100 0
-149000 0
-148900 2
-148800 0
-148700 1
-148600 46
-148500 368
-148400 759
-148300 500
-148200 94
-148100 2
-148000 0
-147900 1
-147800 1
-147700 0
-147600 0
-147500 0
-147400 0
-147300 0
-147200 0
-147100 0
-147000 0
-146900 2
-146800 0
-146700 3
-146600 1
-146500 0
-146400 0
-146300 0
-146200 0
-146100 3
-146000 0
-145900 0
-145800 0
-145700 0
-145600 0
-145500 0
-145400 0
-145300 0
-145200 0
-145100 0
-145000 0
-144900 0
-144800 0
-144700 0
-144600 0
-144500 0
-144400 0
-144300 1
-144200 0
-144100 0
-144000 0
-143900 2
-143800 0
-143700 4
-143600 5
-143500 23
-143400 12
-143300 5
-143200 2
-143100 0
-143000 1
-142900 1
-142800 0
-142700 0
-142600 1
-142500 2
-142400 0
-142300 0
-142200 1
-142100 2
-142000 2
-141900 4
-141800 0
-141700 3
-141600 8
-141500 11
-141400 2
-141300 2
-141200 0
-141100 0
-141000 1
-140900 0
-140800 1
-140700 0
-140600 0
-140500 0
-140400 0
-140300 0
-140200 0
-140100 0
-140000 0
-139900 2
-139800 1
-139700 0
-139600 1
-139500 0
-139400 0
-139300 0
-139200 0
-139100 0
-139000 0
-138900 0
-138800 0
-138700 1
-138600 1
-138500 0
-138400 0
-138300 0
-138200 0
-138100 0
-138000 0
-137900 0
-137800 0
-137700 1
-137600 0
-137500 0
-137400 1
-137300 1
-137200 0
-137100 2
-137000 1
-136900 2
-136800 0
-136700 2
-136600 0
-136500 0
-136400 0
-136300 0
-136200 0
-136100 1
-136000 0
-135900 0
-135800 0
-135700 0
-135600 4
-135500 17
-135400 172
-135300 625
-135200 691
-135100 193
-135000 24
-134900 2
-134800 1
-134700 1
-134600 0
-134500 0
-134400 0
-134300 0
-134200 0
-134100 1
-134000 0
-133900 1
-133800 0
-133700 1
-133600 2
-133500 1
-133400 0
-133300 0
-133200 1
-133100 0
-133000 0
-132900 0
-132800 1
-132700 0
-132600 0
-132500 0
-132400 1
-132300 1
-132200 0
-132100 0
-132000 0
-131900 0
-131800 0
-131700 0
-131600 1
-131500 0
-131400 1
-131300 0
-131200 0
-131100 0
-131000 0
-130900 1
-130800 1
-130700 1
-130600 1
-130500 6
-130400 28
-130300 15
-130200 6
-130100 1
-130000 0
-129900 0
-129800 0
-129700 0
-129600 0
-129500 1
-129400 0
-129300 1
-129200 0
-129100 4
-129000 5
-128900 7
-128800 1
-128700 2
-128600 2
-128500 1
-128400 3
-128300 2
-128200 1
-128100 0
-128000 1
-127900 0
-127800 1
-127700 0
-127600 0
-127500 0
-127400 1
-127300 2
-127200 2
-127100 1
-127000 0
-126900 0
-126800 0
-126700 0
-126600 0
-126500 0
-126400 1
-126300 0
-126200 0
-126100 0
-126000 0
-125900 0
-125800 0
-125700 0
-125600 0
-125500 2
-125400 1
-125300 0
-125200 0
-125100 0
-125000 0
-124900 1
-124800 0
-124700 2
-124600 0
-124500 0
-124400 1
-124300 0
-124200 0
-124100 0
-124000 4
-123900 1
-123800 0
-123700 0
-123600 1
-123500 0
-123400 0
-123300 0
-123200 0
-123100 0
-123000 0
-122900 0
-122800 0
-122700 0
-122600 0
-122500 2
-122400 6
-122300 79
-122200 504
-122100 788
-122000 326
-121900 43
-121800 1
-121700 0
-121600 1
-121500 0
-121400 1
-121300 0
-121200 0
-121100 0
-121000 0
-120900 0
-120800 1
-120700 1
-120600 1
-120500 1
-120400 1
-120300 1
-120200 0
-120100 1
-120000 0
-119900 0
-119800 0
-119700 0
-119600 0
-119500 0
-119400 1
-119300 0
-119200 0
-119100 1
-119000 0
-118900 0
-118800 0
-118700 0
-118600 0
-118500 1
-118400 0
-118300 0
-118200 0
-118100 0
-118000 0
-117900 0
-117800 0
-117700 0
-117600 0
-117500 1
-117400 4
-117300 13
-117200 20
-117100 7
-117000 1
-116900 0
-116800 0
-116700 0
-116600 0
-116500 0
-116400 0
-116300 0
-116200 1
-116100 1
-116000 0
-115900 0
-115800 8
-115700 0
-115600 2
-115500 0
-115400 5
-115300 10
-115200 2
-115100 1
-115000 2
-114900 0
-114800 0
-114700 3
-114600 1
-114500 0
-114400 0
-114300 0
-114200 0
-114100 1
-114000 1
-113900 1
-113800 0
-113700 2
-113600 0
-113500 0
-113400 0
-113300 0
-113200 0
-113100 0
-113000 0
-112900 0
-112800 0
-112700 0
-112600 0
-112500 0
-112400 1
-112300 1
-112200 0
-112100 0
-112000 0
-111900 0
-111800 0
-111700 0
-111600 1
-111500 0
-111400 2
-111300 0
-111200 0
-111100 1
-111000 1
-110900 1
-110800 3
-110700 1
-110600 1
-110500 1
-110400 0
-110300 0
-110200 0
-110100 0
-110000 1
-109900 1
-109800 0
-109700 0
-109600 0
-109500 1
-109400 2
-109300 1
-109200 27
-109100 336
-109000 748
-108900 538
-108800 89
-108700 6
-108600 0
-108500 0
-108400 1
-108300 0
-108200 2
-108100 0
-108000 1
-107900 2
-107800 0
-107700 1
-107600 1
-107500 1
-107400 1
-107300 0
-107200 1
-107100 0
-107000 0
-106900 0
-106800 0
-106700 0
-106600 0
-106500 0
-106400 0
-106300 0
-106200 1
-106100 0
-106000 1
-105900 0
-105800 0
-105700 0
-105600 0
-105500 0
-105400 1
-105300 0
-105200 0
-105100 0
-105000 0
-104900 0
-104800 1
-104700 0
-104600 0
-104500 1
-104400 1
-104300 1
-104200 11
-104100 15
-104000 8
-103900 3
-103800 1
-103700 0
-103600 0
-103500 0
-103400 0
-103300 0
-103200 1
-103100 0
-103000 0
-102900 1
-102800 3
-102700 5
-102600 4
-102500 1
-102400 2
-102300 2
-102200 5
-102100 6
-102000 1
-101900 0
-101800 0
-101700 1
-101600 0
-101500 0
-101400 0
-101300 0
-101200 1
-101100 1
-101000 3
-100900 1
-100800 0
-100700 0
-100600 0
-100500 1
-100400 1
-100300 0
-100200 0
-100100 0
-100000 0
-99900 0
-99800 1
-99700 0
-99600 1
-99500 0
-99400 0
-99300 0
-99200 1
-99100 0
-99000 0
-98900 0
-98800 0
-98700 1
-98600 0
-98500 0
-98400 0
-98300 0
-98200 0
-98100 0
-98000 0
-97900 0
-97800 0
-97700 2
-97600 1
-97500 2
-97400 0
-97300 0
-97200 0
-97100 2
-97000 0
-96900 0
-96800 0
-96700 0
-96600 0
-96500 0
-96400 0
-96300 1
-96200 0
-96100 7
-96000 140
-95900 601
-95800 699
-95700 230
-95600 28
-95500 1
-95400 0
-95300 3
-95200 0
-95100 0
-95000 0
-94900 1
-94800 1
-94700 0
-94600 0
-94500 2
-94400 0
-94300 2
-94200 3
-94100 1
-94000 0
-93900 0
-93800 1
-93700 0
-93600 0
-93500 0
-93400 0
-93300 0
-93200 0
-93100 0
-93000 0
-92900 0
-92800 0
-92700 0
-92600 0
-92500 0
-92400 1
-92300 1
-92200 0
-92100 1
-92000 1
-91900 0
-91800 1
-91700 0
-91600 1
-91500 0
-91400 0
-91300 1
-91200 0
-91100 5
-91000 23
-90900 15
-90800 5
-90700 2
-90600 2
-90500 0
-90400 0
-90300 0
-90200 0
-90100 1
-90000 0
-89900 0
-89800 0
-89700 3
-89600 1
-89500 6
-89400 2
-89300 0
-89200 0
-89100 8
-89000 1
-88900 5
-88800 2
-88700 0
-88600 0
-88500 0
-88400 1
-88300 0
-88200 0
-88100 1
-88000 0
-87900 2
-87800 3
-87700 1
-87600 0
-87500 2
-87400 0
-87300 1
-87200 1
-87100 0
-87000 0
-86900 2
-86800 1
-86700 0
-86600 1
-86500 0
-86400 0
-86300 0
-86200 0
-86100 1
-86000 0
-85900 0
-85800 1
-85700 1
-85600 0
-85500 0
-85400 0
-85300 1
-85200 0
-85100 1
-85000 1
-84900 0
-84800 0
-84700 0
-84600 0
-84500 0
-84400 0
-84300 1
-84200 0
-84100 0
-84000 0
-83900 0
-83800 0
-83700 1
-83600 1
-83500 0
-83400 0
-83300 0
-83200 2
-83100 0
-83000 0
-82900 41
-82800 341
-82700 773
-82600 516
-82500 100
-82400 11
-82300 0
-82200 1
-82100 2
-82000 0
-81900 0
-81800 0
-81700 0
-81600 0
-81500 1
-81400 0
-81300 0
-81200 2
-81100 2
-81000 1
-80900 0
-80800 1
-80700 0
-80600 0
-80500 0
-80400 2
-80300 0
-80200 0
-80100 1
-80000 0
-79900 0
-79800 0
-79700 0
-79600 0
-79500 0
-79400 0
-79300 1
-79200 0
-79100 0
-79000 0
-78900 0
-78800 1
-78700 0
-78600 0
-78500 1
-78400 0
-78300 0
-78200 0
-78100 0
-78000 3
-77900 19
-77800 23
-77700 9
-77600 3
-77500 1
-77400 0
-77300 0
-77200 1
-77100 0
-77000 0
-76900 1
-76800 1
-76700 0
-76600 0
-76500 2
-76400 3
-76300 2
-76200 1
-76100 0
-76000 5
-75900 5
-75800 3
-75700 2
-75600 1
-75500 0
-75400 0
-75300 0
-75200 0
-75100 0
-75000 1
-74900 0
-74800 1
-74700 1
-74600 1
-74500 1
-74400 0
-74300 0
-74200 2
-74100 2
-74000 0
-73900 0
-73800 0
-73700 0
-73600 0
-73500 1
-73400 0
-73300 0
-73200 1
-73100 0
-73000 0
-72900 1
-72800 0
-72700 0
-72600 0
-72500 0
-72400 0
-72300 0
-72200 0
-72100 0
-72000 0
-71900 0
-71800 0
-71700 0
-71600 1
-71500 2
-71400 0
-71300 0
-71200 0
-71100 0
-71000 2
-70900 1
-70800 1
-70700 0
-70600 0
-70500 0
-70400 0
-70300 0
-70200 0
-70100 2
-70000 1
-69900 3
-69800 36
-69700 292
-69600 816
-69500 508
-69400 80
-69300 1
-69200 2
-69100 1
-69000 0
-68900 0
-68800 0
-68700 0
-68600 0
-68500 1
-68400 0
-68300 0
-68200 0
-68100 2
-68000 1
-67900 1
-67800 0
-67700 1
-67600 0
-67500 0
-67400 0
-67300 0
-67200 1
-67100 0
-67000 1
-66900 0
-66800 0
-66700 0
-66600 0
-66500 0
-66400 0
-66300 1
-66200 1
-66100 0
-66000 1
-65900 0
-65800 0
-65700 0
-65600 0
-65500 0
-65400 2
-65300 0
-65200 0
-65100 1
-65000 0
-64900 1
-64800 14
-64700 18
-64600 12
-64500 0
-64400 0
-64300 0
-64200 0
-64100 0
-64000 0
-63900 1
-63800 0
-63700 0
-63600 2
-63500 1
-63400 0
-63300 7
-63200 2
-63100 4
-63000 0
-62900 2
-62800 10
-62700 5
-62600 2
-62500 1
-62400 1
-62300 0
-62200 0
-62100 0
-62000 0
-61900 1
-61800 1
-61700 1
-61600 2
-61500 0
-61400 0
-61300 1
-61200 1
-61100 0
-61000 0
-60900 0
-60800 0
-60700 2
-60600 0
-60500 1
-60400 0
-60300 0
-60200 0
-60100 0
-60000 1
-59900 1
-59800 1
-59700 0
-59600 1
-59500 2
-59400 0
-59300 0
-59200 0
-59100 0
-59000 0
-58900 0
-58800 0
-58700 0
-58600 1
-58500 0
-58400 4
-58300 1
-58200 0
-58100 2
-58000 0
-57900 0
-57800 0
-57700 0
-57600 0
-57500 0
-57400 0
-57300 1
-57200 0
-57100 1
-57000 1
-56900 0
-56800 1
-56700 21
-56600 232
-56500 712
-56400 652
-56300 163
-56200 15
-56100 0
-56000 0
-55900 0
-55800 0
-55700 0
-55600 1
-55500 0
-55400 0
-55300 0
-55200 0
-55100 0
-55000 0
-54900 0
-54800 0
-54700 0
-54600 0
-54500 0
-54400 0
-54300 1
-54200 0
-54100 1
-54000 0
-53900 0
-53800 0
-53700 0
-53600 1
-53500 4
-53400 0
-53300 0
-53200 0
-53100 0
-53000 0
-52900 0
-52800 0
-52700 0
-52600 0
-52500 1
-52400 0
-52300 0
-52200 0
-52100 0
-52000 1
-51900 0
-51800 0
-51700 5
-51600 19
-51500 15
-51400 1
-51300 1
-51200 1
-51100 1
-51000 0
-50900 0
-50800 0
-50700 0
-50600 0
-50500 0
-50400 2
-50300 0
-50200 3
-50100 2
-50000 6
-49900 1
-49800 1
-49700 5
-49600 5
-49500 3
-49400 1
-49300 1
-49200 0
-49100 0
-49000 0
-48900 0
-48800 0
-48700 0
-48600 0
-48500 0
-48400 1
-48300 1
-48200 0
-48100 0
-48000 0
-47900 0
-47800 0
-47700 0
-47600 1
-47500 1
-47400 2
-47300 0
-47200 0
-47100 0
-47000 0
-46900 1
-46800 1
-46700 0
-46600 0
-46500 1
-46400 0
-46300 0
-46200 0
-46100 2
-46000 2
-45900 0
-45800 0
-45700 0
-45600 0
-45500 1
-45400 0
-45300 1
-45200 0
-45100 0
-45000 0
-44900 0
-44800 0
-44700 1
-44600 0
-44500 0
-44400 0
-44300 0
-44200 1
-44100 0
-44000 1
-43900 0
-43800 1
-43700 0
-43600 4
-43500 68
-43400 374
-43300 837
-43200 443
-43100 58
-43000 6
-42900 0
-42800 0
-42700 0
-42600 0
-42500 1
-42400 1
-42300 0
-42200 0
-42100 0
-42000 0
-41900 0
-41800 1
-41700 3
-41600 0
-41500 1
-41400 0
-41300 1
-41200 1
-41100 0
-41000 1
-40900 0
-40800 0
-40700 0
-40600 0
-40500 1
-40400 0
-40300 0
-40200 0
-40100 1
-40000 0
-39900 1
-39800 0
-39700 0
-39600 1
-39500 0
-39400 0
-39300 1
-39200 0
-39100 0
-39000 0
-38900 0
-38800 0
-38700 0
-38600 2
-38500 13
-38400 17
-38300 8
-38200 3
-38100 2
-38000 0
-37900 1
-37800 0
-37700 1
-37600 1
-37500 2
-37400 0
-37300 0
-37200 3
-37100 2
-37000 2
-36900 1
-36800 1
-36700 1
-36600 2
-36500 4
-36400 6
-36300 1
-36200 1
-36100 0
-36000 1
-35900 0
-35800 0
-35700 0
-35600 1
-35500 0
-35400 0
-35300 0
-35200 1
-35100 0
-35000 0
-34900 0
-34800 0
-34700 1
-34600 0
-34500 0
-34400 0
-34300 0
-34200 0
-34100 0
-34000 0
-33900 2
-33800 0
-33700 0
-33600 0
-33500 0
-33400 0
-33300 0
-33200 1
-33100 0
-33000 0
-32900 1
-32800 0
-32700 0
-32600 0
-32500 0
-32400 1
-32300 2
-32200 1
-32100 0
-32000 0
-31900 0
-31800 1
-31700 0
-31600 1
-31500 0
-31400 0
-31300 0
-31200 0
-31100 1
-31000 1
-30900 0
-30800 0
-30700 0
-30600 1
-30500 1
-30400 16
-30300 181
-30200 704
-30100 612
-30000 161
-29900 12
-29800 1
-29700 1
-29600 0
-29500 0
-29400 0
-29300 0
-29200 1
-29100 0
-29000 1
-28900 0
-28800 3
-28700 1
-28600 1
-28500 0
-28400 0
-28300 1
-28200 0
-28100 0
-28000 0
-27900 0
-27800 2
-27700 0
-27600 0
-27500 0
-27400 1
-27300 0
-27200 0
-27100 0
-27000 0
-26900 1
-26800 0
-26700 0
-26600 1
-26500 0
-26400 0
-26300 0
-26200 1
-26100 1
-26000 0
-25900 0
-25800 2
-25700 0
-25600 0
-25500 2
-25400 15
-25300 19
-25200 13
-25100 1
-25000 0
-24900 1
-24800 1
-24700 1
-24600 2
-24500 0
-24400 1
-24300 0
-24200 0
-24100 2
-24000 7
-23900 2
-23800 8
-23700 1
-23600 1
-23500 2
-23400 6
-23300 5
-23200 2
-23100 0
-23000 0
-22900 1
-22800 0
-22700 0
-22600 0
-22500 0
-22400 0
-22300 0
-22200 2
-22100 0
-22000 0
-21900 0
-21800 0
-21700 1
-21600 0
-21500 0
-21400 0
-21300 0
-21200 0
-21100 0
-21000 0
-20900 0
-20800 0
-20700 0
-20600 2
-20500 1
-20400 0
-20300 0
-20200 0
-20100 1
-20000 0
-19900 0
-19800 0
-19700 0
-19600 0
-19500 3
-19400 0
-19300 0
-19200 0
-19100 0
-19000 0
-18900 0
-18800 0
-18700 0
-18600 0
-18500 0
-18400 0
-18300 1
-18200 0
-18100 0
-18000 0
-17900 0
-17800 1
-17700 0
-17600 0
-17500 1
-17400 1
-17300 36
-17200 296
-17100 739
-17000 496
-16900 129
-16800 6
-16700 0
-16600 0
-16500 0
-16400 0
-16300 0
-16200 0
-16100 0
-16000 1
-15900 0
-15800 0
-15700 0
-15600 1
-15500 0
-15400 1
-15300 0
-15200 1
-15100 0
-15000 0
-14900 0
-14800 0
-14700 0
-14600 1
-14500 1
-14400 1
-14300 1
-14200 0
-14100 0
-14000 0
-13900 0
-13800 1
-13700 0
-13600 1
-13500 0
-13400 0
-13300 0
-13200 0
-13100 0
-13000 0
-12900 0
-12800 1
-12700 0
-12600 0
-12500 1
-12400 0
-12300 9
-12200 19
-12100 12
-12000 3
-11900 0
-11800 0
-11700 0
-11600 0
-11500 0
-11400 0
-11300 0
-11200 1
-11100 1
-11000 2
-10900 3
-10800 2
-10700 4
-10600 1
-10500 1
-10400 3
-10300 5
-10200 8
-10100 1
-10000 1
-9900 0
-9800 0
-9700 0
-9600 0
-9500 0
-9400 0
-9300 0
-9200 0
-9100 1
-9000 1
-8900 0
-8800 1
-8700 0
-8600 0
-8500 1
-8400 1
-8300 0
-8200 0
-8100 0
-8000 0
-7900 0
-7800 0
-7700 0
-7600 3
-7500 2
-7400 0
-7300 1
-7200 0
-7100 0
-7000 0
-6900 1
-6800 0
-6700 0
-6600 0
-6500 0
-6400 0
-6300 0
-6200 0
-6100 0
-6000 1
-5900 0
-5800 0
-5700 0
-5600 1
-5500 0
-5400 0
-5300 0
-5200 0
-5100 1
-5000 0
-4900 1
-4800 1
-4700 2
-4600 0
-4500 0
-4400 0
-4300 1
-4200 6
-4100 56
-4000 427
-3900 851
-3800 354
-3700 54
-3600 2
-3500 2
-3400 0
-3300 0
-3200 1
-3100 0
-3000 0
-2900 0
-2800 0
-2700 0
-2600 1
-2500 0
-2400 0
-2300 3
-2200 1
-2100 0
-2000 0
-1900 0
-1800 1
-1700 0
-1600 0
-1500 0
-1400 0
-1300 0
-1200 0
-1100 0
-1000 0
-900 0
-800 0
-700 0
-600 0
-500 1
-400 0
-300 0
-200 0
-100 1
0 0
100 0
200 0
300 0
400 1
500 0
600 0
700 1
800 3
900 15
1000 21
1100 12
1200 3
1300 2
1400 0
1500 0
1600 0
1700 0
1800 0
1900 0
2000 0
2100 1
2200 0
2300 0
2400 3
2500 6
2600 2
2700 0
2800 2
2900 9
3000 3
3100 3
3200 0
3300 0
3400 0
3500 2
3600 0
3700 0
3800 0
3900 1
4000 1
4100 1
4200 0
4300 0
4400 0
4500 0
4600 0
4700 1
4800 2
4900 0
5000 1
5100 0
5200 0
5300 0
5400 3
5500 0
5600 0
5700 0
5800 1
5900 0
6000 2
6100 0
6200 0
6300 1
6400 0
6500 0
6600 0
6700 0
6800 0
6900 0
7000 0
7100 0
7200 0
7300 1
7400 1
7500 1
7600 0
7700 0
7800 2
7900 0
8000 0
8100 0
8200 0
8300 1
8400 1
8500 0
8600 1
8700 0
8800 0
8900 1
9000 15
9100 236
9200 1039
9300 1254
9400 371
9500 48
9600 3
9700 1
9800 1
9900 0
10000 0
10100 0
10200 0
10300 0
10400 0
10500 0
10600 0
10700 0
10800 2
10900 1
11000 1
11100 0
11200 1
11300 0
11400 0
11500 1
11600 0
11700 0
11800 0
11900 0
12000 0
12100 1
12200 0
12300 0
12400 2
12500 0
12600 0
12700 0
12800 1
12900 0
13000 0
13100 1
13200 0
13300 0
13400 0
13500 0
13600 0
13700 0
13800 0
13900 0
14000 5
14100 16
14200 20
14300 8
14400 1
14500 1
14600 1
14700 0
14800 0
14900 1
15000 0
15100 0
15200 1
15300 1
15400 1
15500 4
15600 2
15700 1
15800 1
15900 1
16000 3
16100 4
16200 1
16300 2
16400 0
16500 0
16600 0
16700 0
16800 0
16900 1
17000 0
17100 2
17200 1
17300 1
17400 0
17500 0
17600 0
17700 0
17800 0
17900 1
18000 0
18100 0
18200 0
18300 0
18400 0
18500 2
18600 1
18700 0
18800 1
18900 2
19000 0
19100 0
19200 0
19300 3
19400 0
19500 0
19600 0
19700 0
19800 0
19900 0
20000 0
20100 0
20200 0
20300 0
20400 1
20500 0
20600 1
20700 0
20800 0
20900 1
21000 0
21100 0
21200 0
21300 0
21400 1
21500 1
21600 1
21700 0
21800 0
21900 0
22000 0
22100 6
22200 55
22300 373
22400 832
22500 478
22600 65
22700 4
22800 1
22900 0
23000 0
23100 0
23200 0
23300 0
23400 2
23500 0
23600 1
23700 0
23800 0
23900 0
24000 2
24100 0
24200 1
24300 0
24400 0
24500 0
24600 0
24700 0
24800 0
24900 0
25000 0
25100 0
25200 0
25300 0
25400 0
25500 1
25600 0
25700 1
25800 0
25900 0
26000 0
26100 0
26200 1
26300 1
26400 0
26500 0
26600 0
26700 0
26800 0
26900 1
27000 1
27100 2
27200 13
27300 14
27400 3
27500 1
27600 0
27700 0
27800 0
27900 0
28000 1
28100 1
28200 2
28300 0
28400 0
28500 2
28600 5
28700 2
28800 1
28900 2
29000 2
29100 4
29200 2
29300 5
29400 2
29500 0
29600 1
29700 0
29800 1
29900 0
30000 0
30100 1
30200 2
30300 1
30400 1
30500 0
30600 2
30700 1
30800 0
30900 1
31000 0
31100 1
31200 1
31300 0
31400 0
31500 0
31600 0
31700 0
31800 1
31900 0
32000 0
32100 0
32200 1
32300 1
32400 0
32500 0
32600 0
32700 0
32800 2
32900 1
33000 1
33100 1
33200 1
33300 0
33400 0
33500 0
33600 0
33700 1
33800 0
33900 1
34000 0
34100 0
34200 0
34300 1
34400 0
34500 2
34600 0
34700 0
34800 0
34900 1
35000 0
35100 0
35200 7
35300 73
35400 481
35500 801
35600 350
35700 53
35800 4
35900 2
36000 0
36100 0
36200 0
36300 0
36400 0
36500 0
36600 1
36700 1
36800 0
36900 0
37000 0
37100 3
37200 2
37300 0
37400 0
37500 0
37600 0
37700 0
37800 0
37900 0
38000 0
38100 2
38200 0
38300 1
38400 0
38500 0
38600 0
38700 0
38800 0
38900 0
39000 0
39100 0
39200 0
39300 0
39400 1
39500 0
39600 0
39700 0
39800 0
39900 1
40000 1
40100 0
40200 3
40300 14
40400 18
40500 9
40600 1
40700 0
40800 0
40900 1
41000 0
41100 0
41200 0
41300 0
41400 1
41500 0
41600 0
41700 1
41800 4
41900 4
42000 2
42100 1
42200 5
42300 12
42400 4
42500 1
42600 1
42700 0
42800 0
42900 0
43000 0
43100 0
43200 0
43300 0
43400 0
43500 1
43600 0
43700 0
43800 0
43900 0
44000 0
44100 0
44200 0
44300 1
44400 0
44500 1
44600 1
44700 0
44800 0
44900 0
45000 1
45100 1
45200 0
45300 1
45400 0
45500 1
45600 0
45700 0
45800 1
45900 0
46000 0
46100 0
46200 0
46300 1
46400 0
46500 0
46600 0
46700 0
46800 1
46900 0
47000 1
47100 0
47200 0
47300 0
47400 0
47500 0
47600 1
47700 1
47800 0
47900 0
48000 0
48100 1
48200 1
48300 2
48400 21
48500 214
48600 674
48700 638
48800 164
48900 15
49000 1
49100 1
49200 0
49300 0
49400 2
49500 0
49600 0
49700 0
49800 0
49900 0
50000 0
50100 1
50200 0
50300 1
50400 0
50500 0
50600 0
50700 2
50800 1
50900 0
51000 0
51100 0
51200 0
51300 1
51400 0
51500 0
51600 0
51700 0
51800 0
51900 1
52000 1
52100 0
52200 1
52300 0
52400 0
52500 2
52600 0
52700 0
52800 0
52900 1
53000 0
53100 0
53200 0
53300 3
53400 10
53500 23
53600 29
53700 9
53800 0
53900 0
54000 0
54100 1
54200 0
54300 0
54400 0
54500 0
54600 0
54700 0
54800 1
54900 4
55000 5
55100 4
55200 1
55300 0
55400 7
55500 8
55600 4
55700 0
55800 0
55900 2
56000 1
56100 0
56200 0
56300 1
56400 0
56500 0
56600 1
56700 1
56800 0
56900 0
57000 1
57100 1
57200 0
57300 0
57400 2
57500 2
57600 0
57700 1
57800 1
57900 0
58000 0
58100 0
58200 0
58300 0
58400 1
58500 0
58600 0
58700 1
58800 0
58900 0
59000 0
59100 1
59200 0
59300 0
59400 0
59500 1
59600 0
59700 0
59800 0
59900 1
60000 0
60100 2
60200 0
60300 0
60400 0
60500 0
60600 0
60700 0
60800 0
60900 0
61000 0
61100 1
61200 0
61300 0
61400 2
61500 4
61600 66
61700 438
61800 759
61900 353
62000 44
62100 4
62200 1
62300 0
62400 0
62500 0
62600 0
62700 2
62800 0
62900 0
63000 0
63100 0
63200 1
63300 0
63400 0
63500 2
63600 1
63700 0
63800 0
63900 0
64000 0
64100 0
64200 0
64300 0
64400 0
64500 0
64600 0
64700 0
64800 0
64900 0
65000 0
65100 0
65200 0
65300 1
65400 0
65500 0
65600 0
65700 0
65800 0
65900 1
66000 0
66100 0
66200 0
66300 0
66400 2
66500 1
66600 9
66700 12
66800 7
66900 2
67000 0
67100 1
67200 0
67300 0
67400 0
67500 1
67600 1
67700 1
67800 0
67900 0
68000 3
68100 5
68200 1
68300 2
68400 0
68500 7
68600 6
68700 5
68800 3
68900 3
69000 0
69100 1
69200 2
69300 0
69400 0
69500 0
69600 1
69700 0
69800 1
69900 0
70000 1
70100 0
70200 0
70300 1
70400 0
70500 0
70600 0
70700 0
70800 0
70900 0
71000 1
71100 1
71200 0
71300 0
71400 0
71500 2
71600 1
71700 0
71800 0
71900 1
72000 0
72100 0
72200 0
72300 0
72400 0
72500 1
72600 1
72700 0
72800 0
72900 0
73000 1
73100 1
73200 0
73300 1
73400 1
73500 1
73600 0
73700 0
73800 0
73900 1
74000 0
74100 1
74200 0
74300 1
74400 0
74500 1
74600 2
74700 45
74800 379
74900 781
75000 481
75100 88
75200 5
75300 2
75400 0
75500 0
75600 0
75700 1
75800 0
75900 1
76000 1
76100 0
76200 0
76300 0
76400 1
76500 1
76600 0
76700 0
76800 0
76900 1
77000 0
77100 0
77200 2
77300 2
77400 0
77500 0
77600 0
77700 0
77800 0
77900 0
78000 0
78100 2
78200 0
78300 1
78400 0
78500 1
78600 1
78700 0
78800 0
78900 0
79000 0
79100 0
79200 0
79300 0
79400 0
79500 0
79600 1
79700 11
79800 12
79900 7
80000 2
80100 3
80200 0
80300 0
80400 1
80500 0
80600 0
80700 0
80800 0
80900 0
81000 0
81100 2
81200 1
81300 2
81400 4
81500 0
81600 6
81700 7
81800 6
81900 3
82000 0
82100 0
82200 1
82300 0
82400 0
82500 1
82600 0
82700 0
82800 0
82900 1
83000 0
83100 1
83200 0
83300 0
83400 0
83500 0
83600 0
83700 0
83800 0
83900 1
84000 0
84100 0
84200 0
84300 0
84400 1
84500 0
84600 0
84700 0
84800 0
84900 0
85000 0
85100 0
85200 0
85300 1
85400 0
85500 0
85600 0
85700 0
85800 0
85900 1
86000 1
86100 2
86200 0
86300 0
86400 0
86500 2
86600 0
86700 0
86800 0
86900 0
87000 1
87100 1
87200 0
87300 0
87400 0
87500 1
87600 0
87700 1
87800 31
87900 215
88000 720
88100 597
88200 130
88300 13
88400 1
88500 0
88600 0
88700 0
88800 1
88900 1
89000 0
89100 0
89200 1
89300 0
89400 0
89500 0
89600 1
89700 1
89800 0
89900 2
90000 0
90100 0
90200 0
90300 0
90400 1
90500 0
90600 0
90700 1
90800 0
90900 0
91000 0
91100 1
91200 0
91300 1
91400 2
91500 1
91600 0
91700 1
91800 0
91900 1
92000 1
92100 0
92200 1
92300 1
92400 0
92500 0
92600 0
92700 1
92800 4
92900 10
93000 15
93100 5
93200 0
93300 0
93400 0
93500 0
93600 0
93700 0
93800 0
93900 1
94000 1
94100 0
94200 3
94300 4
94400 4
94500 2
94600 1
94700 4
94800 5
94900 7
95000 3
95100 0
95200 1
95300 0
95400 0
95500 0
95600 1
95700 0
95800 1
95900 1
96000 0
96100 1
96200 0
96300 0
96400 1
96500 0
96600 0
96700 0
96800 0
96900 0
97000 0
97100 0
97200 1
97300 0
97400 1
97500 0
97600 0
97700 0
97800 0
97900 1
98000 1
98100 1
98200 0
98300 0
98400 1
98500 0
98600 0
98700 1
98800 0
98900 0
99000 1
99100 0
99200 1
99300 1
99400 1
99500 0
99600 0
99700 0
99800 0
99900 0
100000 0
100100 0
100200 0
100300 0
100400 1
100500 0
100600 1
100700 0
100800 3
100900 4
101000 81
101100 518
101200 785
101300 326
101400 42
101500 2
101600 0
101700 0
101800 0
101900 0
102000 1
102100 0
102200 0
102300 0
102400 0
102500 0
102600 0
102700 1
102800 2
102900 0
103000 0
103100 0
103200 0
103300 1
103400 0
103500 0
103600 0
103700 0
103800 0
103900 0
104000 0
104100 0
104200 0
104300 0
104400 0
104500 0
104600 0
104700 0
104800 0
104900 0
105000 0
105100 0
105200 0
105300 0
105400 0
105500 1
105600 0
105700 1
105800 1
105900 1
106000 27
106100 18
106200 7
106300 1
106400 0
106500 0
106600 0
106700 0
106800 0
106900 0
107000 2
107100 1
107200 0
107300 1
107400 0
107500 3
107600 7
107700 2
107800 3
107900 2
108000 7
108100 7
108200 3
108300 1
108400 0
108500 0
108600 1
108700 0
108800 1
108900 0
109000 0
109100 1
109200 0
109300 0
109400 0
109500 0
109600 0
109700 0
109800 1
109900 1
110000 0
110100 2
110200 0
110300 1
110400 0
110500 0
110600 0
110700 0
110800 0
110900 0
111000 0
111100 0
111200 0
111300 0
111400 0
111500 0
111600 1
111700 0
111800 0
111900 0
112000 0
112100 0
112200 0
112300 2
112400 0
112500 1
112600 1
112700 0
112800 1
112900 0
113000 0
113100 1
113200 0
113300 0
113400 0
113500 0
113600 1
113700 0
113800 1
113900 0
114000 3
114100 29
114200 279
114300 765
114400 510
114500 89
114600 8
114700 1
114800 1
114900 2
115000 1
115100 3
115200 0
115300 0
115400 0
115500 0
115600 0
115700 0
115800 1
115900 0
116000 0
116100 0
116200 0
116300 0
116400 0
116500 0
116600 1
116700 2
116800 0
116900 1
117000 0
117100 0
117200 0
117300 0
117400 0
117500 1
117600 0
117700 0
117800 0
117900 1
118000 1
118100 1
118200 1
118300 0
118400 0
118500 1
118600 0
118700 0
118800 0
118900 1
119000 0
119100 10
119200 18
119300 11
119400 2
119500 0
119600 1
119700 0
119800 0
119900 0
120000 0
120100 0
120200 1
120300 1
120400 3
120500 2
120600 2
120700 1
120800 3
120900 3
121000 1
121100 8
121200 3
121300 3
121400 0
121500 1
121600 0
121700 0
121800 0
121900 1
122000 2
122100 0
122200 0
122300 2
122400 1
122500 1
122600 0
122700 1
122800 0
122900 0
123000 0
123100 0
123200 0
123300 2
123400 0
123500 0
123600 0
123700 1
123800 0
123900 0
124000 0
124100 0
124200 0
124300 0
124400 0
124500 0
124600 0
124700 0
124800 1
124900 0
125000 0
125100 1
125200 0
125300 0
125400 0
125500 0
125600 0
125700 4
125800 1
125900 0
126000 2
126100 0
126200 1
126300 0
126400 0
126500 0
126600 0
126700 0
126800 2
126900 1
127000 1
127100 4
127200 11
127300 182
127400 653
127500 706
127600 167
127700 13
127800 0
127900 0
128000 1
128100 0
128200 0
128300 0
128400 0
128500 0
128600 2
128700 1
128800 0
128900 3
129000 1
129100 1
129200 1
129300 1
129400 0
129500 0
129600 0
129700 0
129800 0
129900 0
130000 0
130100 0
130200 0
130300 0
130400 0
130500 0
130600 0
130700 1
130800 0
130900 0
131000 3
131100 0
131200 0
131300 0
131400 0
131500 1
131600 0
131700 0
131800 0
131900 0
132000 0
132100 0
132200 6
132300 26
132400 16
132500 5
132600 0
132700 0
132800 0
132900 2
133000 0
133100 0
133200 0
133300 0
133400 1
133500 1
133600 2
133700 3
133800 5
133900 2
134000 2
134100 0
134200 4
134300 3
134400 7
134500 1
134600 0
134700 0
134800 0
134900 1
135000 0
135100 1
135200 0
135300 0
135400 1
135500 1
135600 1
135700 0
135800 0
135900 0
136000 0
136100 2
136200 0
136300 0
136400 1
136500 1
136600 0
136700 1
136800 0
136900 0
137000 0
137100 1
137200 1
137300 1
137400 0
137500 1
137600 1
137700 2
137800 0
137900 0
138000 0
138100 0
138200 0
138300 0
138400 0
138500 0
138600 2
138700 1
138800 2
138900 1
139000 2
139100 0
139200 1
139300 1
139400 0
139500 0
139600 0
139700 1
139800 0
139900 0
140000 2
140100 0
140200 0
140300 5
140400 79
140500 485
140600 774
140700 348
140800 43
140900 3
141000 0
141100 1
141200 0
141300 1
141400 0
141500 0
141600 0
141700 0
141800 0
141900 1
142000 0
142100 0
142200 2
142300 0
142400 0
142500 0
142600 0
142700 2
142800 0
142900 0
143000 0
143100 0
143200 0
143300 1
143400 0
143500 1
143600 1
143700 0
143800 1
143900 0
144000 0
144100 1
144200 0
144300 0
144400 2
144500 1
144600 1
144700 0
144800 1
144900 0
145000 0
145100 1
145200 0
145300 4
145400 13
145500 14
145600 8
145700 2
145800 0
145900 0
146000 0
146100 0
146200 0
146300 0
146400 3
146500 0
146600 1
146700 1
146800 0
146900 2
147000 6
147100 0
147200 5
147300 8
147400 11
147500 2
147600 6
147700 0
147800 1
147900 3
148000 0
148100 0
148200 1
148300 0
148400 0
148500 0
148600 1
148700 1
148800 0
148900 0
149000 1
149100 0
149200 0
149300 1
149400 0
149500 0
149600 0
149700 0
149800 0
149900 0
150000 1
150100 0
150200 2
150300 2
150400 0
150500 0
150600 0
150700 0
150800 0
150900 1
151000 3
151100 0
151200 1
151300 0
151400 1
151500 0
151600 1
151700 0
151800 0
151900 2
152000 1
152100 1
152200 2
152300 1
152400 0
152500 1
152600 2
152700 0
152800 1
152900 0
153000 0
153100 0
153200 1
153300 0
153400 0
153500 35
153600 272
153700 754
153800 589
153900 107
154000 4
154100 1
154200 0
154300 1
154400 0
154500 0
154600 0
154700 0
154800 0
154900 1
155000 0
155100 2
155200 0
155300 0
155400 0
155500 0
155600 0
155700 1
155800 0
155900 0
156000 0
156100 1
156200 0
156300 0
156400 0
156500 1
156600 0
156700 0
156800 0
156900 0
157000 0
157100 0
157200 0
157300 0
157400 0
157500 0
157600 0
157700 1
157800 0
157900 1
158000 1
158100 0
158200 0
158300 1
158400 3
158500 13
158600 20
158700 11
158800 1
158900 0
159000 0
159100 0
159200 0
159300 1
159400 0
159500 1
159600 0
159700 0
159800 0
159900 1
160000 7
160100 1
160200 1
160300 2
160400 1
160500 7
160600 7
160700 2
160800 0
160900 0
161000 0
161100 3
161200 0
161300 0
161400 1
161500 1
161600 0
161700 2
161800 1
161900 0
162000 0
162100 0
162200 0
162300 0
162400 0
162500 0
162600 0
162700 0
162800 1
162900 0
163000 1
163100 0
163200 1
163300 0
163400 0
163500 0
163600 0
163700 0
163800 0
163900 0
164000 3
164100 0
164200 1
164300 1
164400 0
164500 0
164600 0
164700 0
164800 0
164900 1
165000 0
165100 0
165200 0
165300 2
165400 2
165500 0
165600 0
165700 0
165800 1
165900 0
166000 1
166100 0
166200 0
166300 0
166400 1
166500 3
166600 7
166700 147
166800 601
166900 684
167000 206
167100 23
167200 1
167300 0
167400 0
167500 1
167600 0
167700 2
167800 0
167900 1
168000 0
168100 0
168200 0
168300 0
168400 0
168500 0
168600 1
168700 4
168800 0
168900 0
169000 0
169100 1
169200 0
169300 1
169400 1
169500 0
169600 1
169700 0
169800 0
169900 0
170000 0
170100 2
170200 0
170300 0
170400 0
170500 1
170600 1
170700 1
170800 1
170900 0
171000 0
171100 0
171200 1
171300 1
171400 1
171500 0
171600 4
171700 20
171800 13
171900 4
172000 1
172100 0
172200 0
172300 0
172400 1
172500 1
172600 1
172700 1
172800 2
172900 0
173000 1
173100 6
173200 2
173300 1
173400 2
173500 3
173600 7
173700 3
173800 5
173900 0
174000 0
174100 0
174200 0
174300 0
174400 0
174500 0
174600 1
174700 0
174800 0
174900 2
175000 1
175100 0
175200 0
175300 0
175400 0
175500 3
175600 0
175700 0
175800 0
175900 1
176000 0
176100 0
176200 0
176300 0
176400 1
176500 0
176600 0
176700 1
176800 0
176900 1
177000 0
177100 0
177200 0
177300 0
177400 1
177500 0
177600 0
177700 0
177800 0
177900 0
178000 2
178100 0
178200 0
178300 1
178400 1
178500 0
178600 2
178700 1
178800 0
178900 0
179000 0
179100 1
179200 0
179300 2
179400 0
179500 0
179600 1
179700 7
179800 73
179900 467
180000 726
180100 389
180200 48
180300 3
180400 4
180500 0
180600 0
180700 1
180800 0
180900 2
181000 0
181100 2
181200 0
181300 1
181400 3
181500 1
181600 1
181700 4
181800 1
181900 0
182000 0
182100 1
182200 0
182300 0
182400 0
182500 0
182600 0
182700 0
182800 0
182900 0
183000 0
183100 1
183200 0
183300 0
183400 0
183500 0
183600 1
183700 0
183800 1
183900 0
184000 0
184100 0
184200 1
184300 0
184400 0
184500 0
184600 0
184700 4
184800 12
184900 12
185000 9
185100 0
185200 0
185300 1
185400 1
185500 0
185600 0
185700 1
185800 0
185900 0
186000 0
186100 3
186200 1
186300 3
186400 5
186500 2
186600 2
186700 5
186800 8
186900 3
187000 1
187100 0
187200 0
187300 4
187400 0
187500 0
187600 1
187700 0
187800 1
187900 0
188000 3
188100 0
188200 0
188300 1
188400 0
188500 0
188600 0
188700 0
188800 0
188900 0
189000 0
189100 1
189200 0
189300 0
189400 0
189500 0
189600 0
189700 0
189800 1
189900 1
190000 0
190100 0
190200 0
190300 0
190400 0
190500 0
190600 0
190700 0
190800 0
190900 0
191000 0
191100 0
191200 1
191300 1
191400 0
191500 0
191600 2
191700 0
191800 0
191900 0
192000 1
192100 0
192200 0
192300 0
192400 1
192500 0
192600 1
192700 1
192800 1
192900 31
193000 260
193100 744
193200 616
193300 148
193400 12
193500 0
193600 0
193700 1
193800 0
193900 0
194000 1
194100 0
194200 0
194300 0
194400 1
194500 0
194600 2
194700 0
194800 0
194900 0
195000 0
195100 1
195200 0
195300 1
195400 0
195500 0
195600 0
195700 0
195800 0
195900 0
196000 0
196100 0
196200 0
196300 0
196400 0
196500 1
196600 0
196700 0
196800 0
196900 0
197000 0
197100 2
197200 0
197300 0
197400 0
197500 0
197600 0
197700 0
197800 4
197900 8
198000 24
198100 10
198200 2
198300 0
198400 0
198500 0
198600 0
198700 0
198800 0
198900 1
199000 0
199100 0
199200 1
199300 0
199400 9
199500 2
199600 2
199700 1
199800 5
199900 7
200000 6
200100 1
200200 0
200300 0
200400 0
200500 2
200600 1
200700 1
200800 0
200900 0
201000 0
201100 0
201200 1
201300 2
201400 0
201500 0
201600 0
201700 0
201800 0
201900 1
202000 0
202100 0
202200 0
202300 1
202400 0
202500 0
202600 0
202700 0
202800 0
202900 0
203000 0
203100 0
203200 0
203300 0
203400 0
203500 0
203600 0
203700 0
203800 0
203900 1
204000 0
204100 0
204200 0
204300 0
204400 0
204500 1
204600 0
204700 1
204800 3
204900 2
205000 0
205100 0
205200 0
205300 0
205400 0
205500 1
205600 1
205700 2
205800 1
205900 1
206000 18
206100 151
206200 585
206300 708
206400 248
206500 19
206600 2
206700 0
206800 1
206900 0
207000 0
207100 0
207200 0
207300 0
207400 0
207500 1
207600 1
207700 0
207800 1
207900 1
208000 1
208100 1
208200 0
208300 1
208400 0
208500 0
208600 1
208700 0
208800 0
208900 0
209000 0
209100 0
209200 0
209300 1
209400 0
209500 1
209600 0
209700 1
209800 0
209900 0
210000 0
210100 0
210200 0
210300 0
210400 0
210500 0
210600 0
210700 0
210800 4
210900 0
211000 6
211100 15
211200 11
211300 3
211400 0
211500 1
211600 1
211700 0
211800 0
211900 0
212000 0
212100 0
212200 0
212300 1
212400 2
212500 4
212600 3
212700 2
212800 1
212900 2
213000 7
213100 6
213200 1
213300 1
213400 2
213500 0
213600 0
213700 0
213800 0
213900 0
214000 0
214100 0
214200 0
214300 0
214400 1
214500 1
214600 0
214700 0
214800 0
214900 0
215000 0
215100 1
215200 0
215300 0
215400 0
215500 0
215600 0
215700 0
215800 0
215900 0
216000 0
216100 0
216200 0
216300 0
216400 0
216500 1
216600 0
216700 0
216800 0
216900 0
217000 0
217100 0
217200 1
217300 0
217400 0
217500 0
217600 4
217700 0
217800 0
217900 1
218000 0
218100 0
218200 1
218300 0
218400 0
218500 2
218600 0
218700 1
218800 0
218900 0
219000 0
219100 6
219200 59
219300 403
219400 768
219500 376
219600 72
219700 8
219800 1
219900 0
220000 1
220100 0
220200 0
220300 0
220400 0
220500 0
220600 0
220700 0
220800 3
220900 0
221000 1
221100 3
221200 0
221300 1
221400 0
221500 0
221600 0
221700 0
221800 0
221900 1
222000 0
222100 0
222200 0
222300 1
222400 1
222500 0
222600 0
222700 0
222800 1
222900 0
223000 0
223100 2
223200 0
223300 0
223400 0
223500 0
223600 0
223700 0
223800 0
223900 0
224000 2
224100 4
224200 13
224300 16
224400 9
224500 0
224600 1
224700 1
224800 2
224900 0
225000 0
225100 2
225200 0
225300 0
225400 0
225500 1
225600 1
225700 5
225800 3
225900 2
226000 3
226100 7
226200 7
226300 4
226400 2
226500 0
226600 0
226700 0
226800 1
226900 0
227000 0
227100 1
227200 0
227300 0
227400 1
227500 1
227600 0
227700 0
227800 0
227900 1
228000 0
228100 0
228200 1
228300 1
228400 0
228500 0
228600 0
228700 1
228800 0
228900 0
229000 1
229100 2
229200 0
229300 1
229400 0
229500 0
229600 1
229700 0
229800 0
229900 1
230000 1
230100 0
230200 0
230300 1
230400 0
230500 0
230600 0
230700 0
230800 0
230900 0
231000 2
231100 1
231200 1
231300 0
231400 0
231500 1
231600 0
231700 1
231800 0
231900 2
232000 1
232100 1
232200 4
232300 36
232400 287
232500 738
232600 516
232700 127
232800 3
232900 0
233000 1
233100 0
233200 1
233300 1
233400 0
233500 0
233600 0
233700 0
233800 0
233900 1
234000 0
234100 1
234200 0
234300 0
234400 0
234500 0
234600 1
234700 0
234800 0
234900 0
235000 0
235100 1
235200 0
235300 0
235400 0
235500 1
235600 1
235700 0
235800 0
235900 0
236000 0
236100 0
236200 0
236300 0
236400 1
236500 2
236600 0
236700 1
236800 1
236900 2
237000 0
237100 0
237200 0
237300 9
237400 22
237500 7
237600 1
237700 1
237800 0
237900 0
238000 0
238100 0
238200 0
238300 1
238400 0
238500 1
238600 0
238700 1
238800 0
238900 3
239000 1
239100 1
239200 6
239300 7
239400 4
239500 3
239600 1
239700 0
239800 1
239900 0
240000 1
240100 0
240200 1
240300 0
240400 0
240500 1
240600 1
240700 1
240800 0
240900 0
241000 0
241100 0
241200 0
241300 0
241400 1
241500 0
241600 0
241700 0
241800 0
241900 0
242000 1
242100 0
242200 0
242300 1
242400 0
242500 0
242600 0
242700 0
242800 1
242900 0
243000 0
243100 0
243200 1
243300 0
243400 0
243500 0
243600 0
243700 0
243800 1
243900 0
244000 4
244100 1
244200 1
244300 1
244400 0
244500 0
244600 0
244700 1
244800 0
244900 1
245000 2
245100 0
245200 0
245300 1
245400 11
245500 153
245600 620
245700 727
245800 280
245900 35
246000 1
246100 2
246200 1
246300 0
246400 1
246500 0
246600 0
246700 2
246800 0
246900 0
247000 0
247100 1
247200 2
247300 0
247400 0
247500 1
247600 0
247700 0
247800 0
247900 1
248000 0
248100 0
248200 0
248300 0
248400 0
248500 0
248600 1
248700 0
248800 1
248900 0
249000 0
249100 2
249200 0
249300 0
249400 1
249500 1
249600 0
249700 0
249800 0
249900 0
250000 1
250100 0
250200 1
250300 1
250400 6
250500 23
250600 19
250700 8
250800 0
250900 1
251000 0
251100 0
251200 0
251300 0
251400 1
251500 1
251600 0
251700 0
251800 3
251900 3
252000 6
252100 5
252200 1
252300 4
252400 2
252500 7
252600 6
252700 1
252800 1
252900 1
253000 0
253100 0
253200 0
253300 0
253400 0
253500 0
253600 3
253700 0
253800 1
253900 0
254000 0
254100 0
254200 0
254300 0
254400 0
254500 0
254600 1
254700 0
254800 1
254900 1
255000 0
255100 0
255200 1
255300 0
255400 1
255500 0
255600 0
255700 2
255800 1
255900 0
256000 0
256100 0
256200 0
256300 1
256400 0
256500 0
256600 0
256700 2
256800 1
256900 0
257000 3
257100 0
257200 2
257300 0
257400 1
257500 0
257600 0
257700 0
257800 0
257900 0
258000 1
258100 4
258200 1
258300 0
258400 0
258500 7
258600 75
258700 455
258800 759
258900 388
259000 65
259100 0
259200 1
259300 0
259400 1
259500 0
259600 0
259700 0
259800 0
259900 0
260000 0
260100 1
260200 1
260300 1
260400 1
260500 2
260600 0
260700 1
260800 1
260900 0
261000 0
261100 0
261200 0
261300 1
261400 0
261500 0
261600 0
261700 0
261800 1
261900 0
262000 0
262100 0
262200 2
262300 0
262400 0
262500 0
262600 0
262700 0
262800 0
262900 1
263000 1
263100 0
263200 1
263300 2
263400 0
263500 2
263600 9
263700 24
263800 6
263900 0
264000 0
264100 0
264200 0
264300 1
264400 0
264500 1
264600 0
264700 1
264800 0
264900 0
265000 4
265100 5
265200 4
265300 0
265400 2
265500 3
265600 4
265700 2
265800 1
265900 0
266000 0
266100 1
266200 0
266300 0
266400 1
266500 0
266600 0
266700 2
266800 0
266900 1
267000 0
267100 0
267200 1
267300 0
267400 0
267500 0
267600 0
267700 0
267800 0
267900 0
268000 0
268100 0
268200 0
268300 0
268400 2
268500 0
268600 0
268700 1
268800 1
268900 0
269000 1
269100 0
269200 0
269300 1
269400 0
269500 0
269600 0
269700 0
269800 0
269900 0
270000 1
270100 1
270200 0
270300 1
270400 2
270500 1
270600 0
270700 0
270800 0
270900 0
271000 0
271100 0
271200 1
271300 0
271400 1
271500 1
271600 3
271700 23
271800 250
271900 703
272000 574
272100 148
272200 6
272300 1
272400 0
272500 1
272600 0
272700 0
272800 0
272900 1
273000 2
273100 1
273200 0
273300 1
273400 0
273500 0
273600 0
273700 0
273800 1
273900 1
274000 1
274100 0
274200 0
274300 0
274400 0
274500 0
274600 0
274700 0
274800 0
274900 0
275000 0
275100 1
275200 0
275300 3
275400 0
275500 1
275600 0
275700 0
275800 0
275900 0
276000 0
276100 1
276200 1
276300 0
276400 0
276500 1
276600 1
276700 11
276800 19
276900 17
277000 1
277100 1
277200 0
277300 0
277400 0
277500 1
277600 0
277700 0
277800 0
277900 0
278000 2
278100 1
278200 6
278300 3
278400 0
278500 1
278600 3
278700 5
278800 6
278900 1
279000 2
279100 1
279200 1
279300 1
279400 0
279500 0
279600 1
279700 0
279800 2
279900 0
280000 1
280100 1
280200 0
280300 1
280400 0
280500 1
280600 0
280700 0
280800 1
280900 1
281000 0
281100 0
281200 0
281300 0
281400 0
281500 0
281600 0
281700 0
281800 1
281900 0
282000 1
282100 0
282200 0
282300 0
282400 0
282500 0
282600 0
282700 0
282800 1
282900 0
283000 0
283100 0
283200 2
283300 0
283400 0
283500 0
283600 3
283700 0
283800 1
283900 1
284000 0
284100 0
284200 0
284300 2
284400 0
284500 0
284600 0
284700 3
284800 21
284900 159
285000 581
285100 678
285200 245
285300 26
285400 5
285500 2
285600 0
285700 3
285800 1
285900 0
286000 0
286100 0
286200 1
286300 2
286400 0
286500 0
286600 0
286700 3
286800 1
286900 1
287000 1
287100 0
287200 0
287300 0
287400 0
287500 0
287600 0
287700 1
287800 0
287900 0
288000 1
288100 0
288200 0
288300 0
288400 0
288500 0
288600 3
288700 0
288800 1
288900 0
289000 0
289100 0
289200 0
289300 0
289400 0
289500 0
289600 0
289700 1
289800 1
289900 19
290000 22
290100 6
290200 3
290300 1
290400 0
290500 1
290600 0
290700 0
290800 1
290900 0
291000 1
291100 0
291200 0
291300 4
291400 4
291500 2
291600 1
291700 4
291800 5
291900 2
292000 4
292100 0
292200 0
292300 0
292400 1
292500 0
292600 0
292700 0
292800 1
292900 0
293000 0
293100 0
293200 0
293300 0
293400 0
293500 2
293600 1
293700 0
293800 0
293900 0
294000 0
294100 0
294200 0
294300 0
294400 0
294500 0
294600 0
294700 0
294800 2
294900 2
295000 0
295100 0
295200 0
295300 0
295400 2
295500 2
295600 0
295700 0
295800 0
295900 0
296000 1
296100 1
296200 0
296300 0
296400 0
296500 1
296600 0
296700 1
296800 0
296900 0
297000 1
297100 0
297200 0
297300 0
297400 0
297500 0
297600 0
297700 1
297800 0
297900 5
298000 72
298100 376
298200 738
298300 467
298400 73
298500 3
298600 1
298700 2
298800 0
298900 1
299000 0
299100 1
299200 1
299300 0
299400 0
299500 0
299600 0
299700 0
299800 1
299900 0
