-191000 1
-190900 0
-190800 1
-190700 0
-190600 0
-190500 0
-190400 1
-190300 0
-190200 0
-190100 0
-190000 0
-189900 0
-189800 1
-189700 0
-189600 0
-189500 0
-189400 0
-189300 0
-189200 0
-189100 0
-189000 0
-188900 0
-188800 0
-188700 1
-188600 1
-188500 0
-188400 0
-188300 2
-188200 2
-188100 12
-188000 128
-187900 542
-187800 931
-187700 577
-187600 101
-187500 14
-187400 1
-187300 2
-187200 0
-187100 0
-187000 0
-186900 0
-186800 0
-186700 1
-186600 1
-186500 1
-186400 1
-186300 1
-186200 0
-186100 0
-186000 0
-185900 1
-185800 1
-185700 0
-185600 0
-185500 0
-185400 0
-185300 0
-185200 0
-185100 0
-185000 0
-184900 0
-184800 0
-184700 0
-184600 0
-184500 0
-184400 0
-184300 0
-184200 0
-184100 0
-184000 0
-183900 0
-183800 0
-183700 0
-183600 0
-183500 0
-183400 0
-183300 0
-183200 0
-183100 4
-183000 10
-182900 14
-182800 5
-182700 1
-182600 0
-182500 2
-182400 1
-182300 0
-182200 0
-182100 1
-182000 0
-181900 1
-181800 1
-181700 0
-181600 3
-181500 2
-181400 5
-181300 2
-181200 2
-181100 4
-181000 4
-180900 4
-180800 1
-180700 1
-180600 0
-180500 0
-180400 0
-180300 0
-180200 0
-180100 0
-180000 0
-179900 0
-179800 1
-179700 0
-179600 0
-179500 0
-179400 0
-179300 1
-179200 0
-179100 1
-179000 0
-178900 0
-178800 0
-178700 0
-178600 0
-178500 0
-178400 0
-178300 0
-178200 0
-178100 0
-178000 2
-177900 0
-177800 0
-177700 0
-177600 0
-177500 0
-177400 0
-177300 0
-177200 0
-177100 0
-177000 0
-176900 0
-176800 0
-176700 0
-176600 0
-176500 0
-176400 0
-176300 0
-176200 0
-176100 0
-176000 0
-175900 0
-175800 0
-175700 0
-175600 0
-175500 0
-175400 0
-175300 0
-175200 0
-175100 1
-175000 6
-174900 44
-174800 326
-174700 837
-174600 764
-174500 267
-174400 43
-174300 2
-174200 0
-174100 0
-174000 0
-173900 0
-173800 0
-173700 0
-173600 0
-173500 0
-173400 0
-173300 0
-173200 2
-173100 1
-173000 0
-172900 0
-172800 2
-172700 0
-172600 0
-172500 1
-172400 0
-172300 0
-172200 0
-172100 1
-172000 0
-171900 0
-171800 0
-171700 0
-171600 0
-171500 0
-171400 0
-171300 0
-171200 1
-171100 0
-171000 0
-170900 0
-170800 0
-170700 0
-170600 0
-170500 0
-170400 0
-170300 0
-170200 0
-170100 0
-170000 0
-169900 1
-169800 6
-169700 11
-169600 5
-169500 1
-169400 1
-169300 1
-169200 0
-169100 1
-169000 1
-168900 1
-168800 0
-168700 1
-168600 0
-168500 0
-168400 4
-168300 3
-168200 1
-168100 2
-168000 4
-167900 6
-167800 6
-167700 3
-167600 2
-167500 0
-167400 1
-167300 0
-167200 0
-167100 0
-167000 0
-166900 0
-166800 0
-166700 0
-166600 1
-166500 0
-166400 0
-166300 0
-166200 0
-166100 0
-166000 0
-165900 0
-165800 0
-165700 0
-165600 0
-165500 0
-165400 0
-165300 0
-165200 0
-165100 0
-165000 0
-164900 0
-164800 0
-164700 0
-164600 0
-164500 0
-164400 0
-164300 1
-164200 0
-164100 0
-164000 1
-163900 0
-163800 0
-163700 0
-163600 0
-163500 2
-163400 1
-163300 9
-163200 7
-163100 5
-163000 5
-162900 2
-162800 1
-162700 0
-162600 0
-162500 1
-162400 1
-162300 0
-162200 1
-162100 2
-162000 2
-161900 1
-161800 23
-161700 212
-161600 627
-161500 894
-161400 402
-161300 77
-161200 8
-161100 1
-161000 2
-160900 0
-160800 0
-160700 0
-160600 0
-160500 0
-160400 0
-160300 0
-160200 3
-160100 0
-160000 0
-159900 1
-159800 0
-159700 0
-159600 0
-159500 1
-159400 0
-159300 0
-159200 1
-159100 0
-159000 0
-158900 0
-158800 1
-158700 0
-158600 0
-158500 0
-158400 0
-158300 0
-158200 0
-158100 0
-158000 0
-157900 0
-157800 1
-157700 0
-157600 0
-157500 0
-157400 0
-157300 1
-157200 0
-157100 0
-157000 0
-156900 0
-156800 3
-156700 14
-156600 12
-156500 1
-156400 1
-156300 2
-156200 0
-156100 0
-156000 0
-155900 0
-155800 1
-155700 0
-155600 0
-155500 0
-155400 1
-155300 2
-155200 4
-155100 3
-155000 1
-154900 2
-154800 3
-154700 6
-154600 5
-154500 1
-154400 0
-154300 1
-154200 1
-154100 0
-154000 0
-153900 0
-153800 0
-153700 0
-153600 0
-153500 1
-153400 0
-153300 0
-153200 0
-153100 0
-153000 0
-152900 0
-152800 0
-152700 0
-152600 0
-152500 0
-152400 0
-152300 0
-152200 0
-152100 0
-152000 0
-151900 0
-151800 0
-151700 0
-151600 2
-151500 0
-151400 0
-151300 0
-151200 0
-151100 0
-151000 0
-150900 0
-150800 0
-150700 0
-150600 0
-150500 0
-150400 0
-150300 0
-150200 1
-150100 0
-150000 0
-149900 2
-149800 0
-149700 0
-149600 0
-149500 0
-149400 0
-149300 0
-149200 0
-149100 1
-149000 0
-148900 0
-148800 3
-148700 8
-148600 94
-148500 473
-148400 882
-148300 600
-148200 148
-148100 19
-148000 3
-147900 1
-147800 0
-147700 1
-147600 1
-147500 0
-147400 0
-147300 0
-147200 0
-147100 0
-147000 0
-146900 1
-146800 0
-146700 1
-146600 2
-146500 0
-146400 0
-146300 0
-146200 0
-146100 0
-146000 1
-145900 0
-145800 0
-145700 0
-145600 0
-145500 0
-145400 0
-145300 0
-145200 0
-145100 0
-145000 1
-144900 0
-144800 0
-144700 0
-144600 0
-144500 0
-144400 0
-144300 0
-144200 0
-144100 0
-144000 0
-143900 0
-143800 0
-143700 2
-143600 5
-143500 13
-143400 9
-143300 2
-143200 1
-143100 1
-143000 1
-142900 0
-142800 0
-142700 0
-142600 0
-142500 0
-142400 0
-142300 1
-142200 5
-142100 9
-142000 2
-141900 3
-141800 1
-141700 2
-141600 7
-141500 4
-141400 2
-141300 0
-141200 0
-141100 0
-141000 1
-140900 0
-140800 0
-140700 0
-140600 0
-140500 0
-140400 0
-140300 2
-140200 1
-140100 1
-140000 0
-139900 1
-139800 0
-139700 1
-139600 0
-139500 0
-139400 0
-139300 0
-139200 0
-139100 0
-139000 0
-138900 0
-138800 2
-138700 0
-138600 0
-138500 1
-138400 0
-138300 0
-138200 0
-138100 0
-138000 1
-137900 0
-137800 0
-137700 0
-137600 0
-137500 0
-137400 0
-137300 0
-137200 1
-137100 0
-137000 0
-136900 0
-136800 1
-136700 0
-136600 0
-136500 0
-136400 0
-136300 0
-136200 0
-136100 0
-136000 1
-135900 0
-135800 0
-135700 1
-135600 5
-135500 36
-135400 263
-135300 812
-135200 845
-135100 279
-135000 40
-134900 5
-134800 3
-134700 2
-134600 2
-134500 0
-134400 1
-134300 0
-134200 0
-134100 0
-134000 0
-133900 0
-133800 0
-133700 1
-133600 0
-133500 0
-133400 0
-133300 0
-133200 0
-133100 0
-133000 0
-132900 0
-132800 0
-132700 0
-132600 0
-132500 0
-132400 0
-132300 0
-132200 0
-132100 0
-132000 0
-131900 0
-131800 0
-131700 0
-131600 0
-131500 0
-131400 0
-131300 0
-131200 0
-131100 0
-131000 0
-130900 1
-130800 0
-130700 0
-130600 0
-130500 3
-130400 14
-130300 9
-130200 10
-130100 1
-130000 0
-129900 1
-129800 0
-129700 0
-129600 0
-129500 0
-129400 0
-129300 0
-129200 0
-129100 3
-129000 1
-128900 3
-128800 3
-128700 0
-128600 3
-128500 6
-128400 5
-128300 1
-128200 1
-128100 0
-128000 1
-127900 0
-127800 1
-127700 0
-127600 2
-127500 0
-127400 0
-127300 0
-127200 2
-127100 0
-127000 0
-126900 0
-126800 1
-126700 0
-126600 0
-126500 2
-126400 0
-126300 0
-126200 0
-126100 0
-126000 0
-125900 0
-125800 0
-125700 1
-125600 0
-125500 0
-125400 0
-125300 1
-125200 0
-125100 0
-125000 0
-124900 0
-124800 1
-124700 0
-124600 0
-124500 0
-124400 0
-124300 0
-124200 0
-124100 0
-124000 0
-123900 0
-123800 1
-123700 1
-123600 0
-123500 0
-123400 0
-123300 0
-123200 0
-123100 0
-123000 0
-122900 0
-122800 1
-122700 2
-122600 2
-122500 0
-122400 16
-122300 172
-122200 624
-122100 902
-122000 437
-121900 75
-121800 10
-121700 5
-121600 0
-121500 0
-121400 0
-121300 0
-121200 1
-121100 0
-121000 0
-120900 0
-120800 1
-120700 0
-120600 0
-120500 0
-120400 0
-120300 1
-120200 0
-120100 0
-120000 0
-119900 0
-119800 0
-119700 0
-119600 1
-119500 0
-119400 0
-119300 1
-119200 0
-119100 0
-119000 0
-118900 0
-118800 0
-118700 0
-118600 0
-118500 0
-118400 0
-118300 0
-118200 0
-118100 0
-118000 0
-117900 0
-117800 0
-117700 0
-117600 0
-117500 2
-117400 2
-117300 11
-117200 15
-117100 5
-117000 2
-116900 1
-116800 2
-116700 0
-116600 0
-116500 0
-116400 0
-116300 0
-116200 0
-116100 0
-116000 0
-115900 1
-115800 4
-115700 3
-115600 0
-115500 1
-115400 7
-115300 2
-115200 4
-115100 2
-115000 3
-114900 0
-114800 1
-114700 1
-114600 1
-114500 0
-114400 0
-114300 0
-114200 0
-114100 0
-114000 0
-113900 1
-113800 0
-113700 0
-113600 1
-113500 0
-113400 0
-113300 0
-113200 1
-113100 0
-113000 0
-112900 0
-112800 0
-112700 0
-112600 0
-112500 0
-112400 0
-112300 0
-112200 1
-112100 0
-112000 0
-111900 0
-111800 0
-111700 0
-111600 0
-111500 0
-111400 1
-111300 0
-111200 0
-111100 0
-111000 0
-110900 0
-110800 0
-110700 0
-110600 1
-110500 1
-110400 0
-110300 0
-110200 0
-110100 0
-110000 0
-109900 0
-109800 0
-109700 0
-109600 1
-109500 3
-109400 2
-109300 10
-109200 71
-109100 440
-109000 917
-108900 620
-108800 134
-108700 22
-108600 4
-108500 1
-108400 0
-108300 1
-108200 0
-108100 0
-108000 0
-107900 0
-107800 0
-107700 0
-107600 0
-107500 0
-107400 0
-107300 0
-107200 1
-107100 0
-107000 0
-106900 0
-106800 0
-106700 0
-106600 0
-106500 1
-106400 0
-106300 0
-106200 0
-106100 0
-106000 0
-105900 0
-105800 0
-105700 0
-105600 0
-105500 0
-105400 0
-105300 0
-105200 0
-105100 0
-105000 0
-104900 0
-104800 1
-104700 0
-104600 0
-104500 0
-104400 1
-104300 3
-104200 6
-104100 13
-104000 9
-103900 2
-103800 1
-103700 1
-103600 0
-103500 0
-103400 0
-103300 0
-103200 1
-103100 1
-103000 1
-102900 0
-102800 7
-102700 6
-102600 3
-102500 0
-102400 0
-102300 1
-102200 6
-102100 7
-102000 2
-101900 0
-101800 0
-101700 1
-101600 0
-101500 0
-101400 0
-101300 1
-101200 0
-101100 1
-101000 0
-100900 0
-100800 1
-100700 0
-100600 1
-100500 2
-100400 0
-100300 0
-100200 0
-100100 0
-100000 0
-99900 0
-99800 0
-99700 0
-99600 0
-99500 0
-99400 0
-99300 0
-99200 0
-99100 0
-99000 1
-98900 0
-98800 0
-98700 0
-98600 0
-98500 0
-98400 0
-98300 0
-98200 0
-98100 0
-98000 0
-97900 0
-97800 0
-97700 1
-97600 0
-97500 0
-97400 0
-97300 0
-97200 2
-97100 0
-97000 0
-96900 0
-96800 1
-96700 0
-96600 1
-96500 1
-96400 0
-96300 3
-96200 1
-96100 29
-96000 232
-95900 747
-95800 885
-95700 340
-95600 59
-95500 1
-95400 0
-95300 1
-95200 0
-95100 0
-95000 0
-94900 0
-94800 0
-94700 0
-94600 1
-94500 1
-94400 0
-94300 0
-94200 0
-94100 0
-94000 0
-93900 0
-93800 0
-93700 1
-93600 0
-93500 0
-93400 0
-93300 0
-93200 0
-93100 0
-93000 0
-92900 0
-92800 0
-92700 0
-92600 1
-92500 0
-92400 0
-92300 0
-92200 0
-92100 0
-92000 0
-91900 0
-91800 0
-91700 0
-91600 2
-91500 0
-91400 1
-91300 0
-91200 1
-91100 2
-91000 7
-90900 12
-90800 7
-90700 2
-90600 2
-90500 1
-90400 0
-90300 0
-90200 0
-90100 0
-90000 0
-89900 0
-89800 0
-89700 1
-89600 4
-89500 3
-89400 4
-89300 2
-89200 0
-89100 6
-89000 9
-88900 2
-88800 3
-88700 2
-88600 0
-88500 0
-88400 1
-88300 2
-88200 0
-88100 0
-88000 0
-87900 0
-87800 3
-87700 0
-87600 0
-87500 1
-87400 0
-87300 2
-87200 0
-87100 0
-87000 0
-86900 0
-86800 0
-86700 0
-86600 0
-86500 0
-86400 1
-86300 0
-86200 0
-86100 0
-86000 1
-85900 0
-85800 0
-85700 0
-85600 1
-85500 0
-85400 0
-85300 0
-85200 0
-85100 0
-85000 0
-84900 0
-84800 0
-84700 0
-84600 0
-84500 0
-84400 1
-84300 0
-84200 2
-84100 0
-84000 0
-83900 0
-83800 0
-83700 0
-83600 0
-83500 0
-83400 0
-83300 0
-83200 1
-83100 2
-83000 7
-82900 88
-82800 479
-82700 972
-82600 626
-82500 147
-82400 15
-82300 1
-82200 0
-82100 0
-82000 0
-81900 0
-81800 0
-81700 1
-81600 0
-81500 0
-81400 1
-81300 0
-81200 0
-81100 1
-81000 0
-80900 0
-80800 0
-80700 0
-80600 0
-80500 0
-80400 0
-80300 1
-80200 0
-80100 0
-80000 0
-79900 0
-79800 0
-79700 0
-79600 0
-79500 0
-79400 0
-79300 0
-79200 0
-79100 0
-79000 0
-78900 1
-78800 0
-78700 0
-78600 0
-78500 0
-78400 0
-78300 0
-78200 1
-78100 1
-78000 0
-77900 10
-77800 10
-77700 8
-77600 2
-77500 0
-77400 0
-77300 2
-77200 1
-77100 0
-77000 0
-76900 0
-76800 0
-76700 0
-76600 6
-76500 4
-76400 1
-76300 5
-76200 1
-76100 5
-76000 3
-75900 6
-75800 4
-75700 2
-75600 1
-75500 1
-75400 0
-75300 0
-75200 0
-75100 0
-75000 1
-74900 1
-74800 0
-74700 0
-74600 0
-74500 0
-74400 0
-74300 0
-74200 0
-74100 0
-74000 1
-73900 0
-73800 0
-73700 0
-73600 1
-73500 0
-73400 0
-73300 0
-73200 0
-73100 1
-73000 0
-72900 0
-72800 0
-72700 0
-72600 0
-72500 0
-72400 0
-72300 0
-72200 0
-72100 0
-72000 0
-71900 0
-71800 0
-71700 0
-71600 0
-71500 0
-71400 1
-71300 1
-71200 0
-71100 0
-71000 0
-70900 0
-70800 0
-70700 0
-70600 0
-70500 0
-70400 0
-70300 0
-70200 0
-70100 1
-70000 1
-69900 10
-69800 80
-69700 459
-69600 921
-69500 618
-69400 144
-69300 13
-69200 2
-69100 2
-69000 1
-68900 0
-68800 1
-68700 0
-68600 0
-68500 0
-68400 1
-68300 0
-68200 0
-68100 0
-68000 2
-67900 0
-67800 0
-67700 0
-67600 0
-67500 0
-67400 0
-67300 0
-67200 0
-67100 1
-67000 0
-66900 0
-66800 0
-66700 0
-66600 0
-66500 0
-66400 0
-66300 0
-66200 1
-66100 0
-66000 0
-65900 0
-65800 0
-65700 0
-65600 0
-65500 0
-65400 0
-65300 0
-65200 0
-65100 0
-65000 1
-64900 1
-64800 7
-64700 9
-64600 10
-64500 3
-64400 1
-64300 1
-64200 1
-64100 0
-64000 0
-63900 0
-63800 0
-63700 0
-63600 0
-63500 1
-63400 6
-63300 2
-63200 9
-63100 3
-63000 2
-62900 5
-62800 4
-62700 2
-62600 2
-62500 0
-62400 0
-62300 0
-62200 1
-62100 0
-62000 0
-61900 2
-61800 0
-61700 0
-61600 0
-61500 0
-61400 0
-61300 0
-61200 0
-61100 0
-61000 0
-60900 1
-60800 0
-60700 0
-60600 0
-60500 0
-60400 0
-60300 0
-60200 0
-60100 1
-60000 0
-59900 1
-59800 0
-59700 0
-59600 0
-59500 0
-59400 0
-59300 0
-59200 0
-59100 0
-59000 0
-58900 0
-58800 0
-58700 0
-58600 0
-58500 0
-58400 0
-58300 0
-58200 0
-58100 1
-58000 0
-57900 0
-57800 0
-57700 2
-57600 0
-57500 0
-57400 0
-57300 0
-57200 0
-57100 0
-57000 2
-56900 4
-56800 13
-56700 61
-56600 340
-56500 853
-56400 773
-56300 226
-56200 35
-56100 3
-56000 3
-55900 1
-55800 0
-55700 0
-55600 1
-55500 2
-55400 0
-55300 0
-55200 0
-55100 0
-55000 0
-54900 1
-54800 1
-54700 1
-54600 0
-54500 0
-54400 0
-54300 0
-54200 0
-54100 0
-54000 0
-53900 0
-53800 0
-53700 0
-53600 0
-53500 0
-53400 0
-53300 0
-53200 0
-53100 0
-53000 0
-52900 0
-52800 0
-52700 1
-52600 0
-52500 0
-52400 0
-52300 0
-52200 0
-52100 0
-52000 1
-51900 1
-51800 1
-51700 3
-51600 10
-51500 12
-51400 3
-51300 0
-51200 2
-51100 2
-51000 0
-50900 0
-50800 0
-50700 0
-50600 0
-50500 0
-50400 0
-50300 2
-50200 4
-50100 5
-50000 8
-49900 2
-49800 1
-49700 2
-49600 3
-49500 1
-49400 3
-49300 1
-49200 0
-49100 0
-49000 1
-48900 0
-48800 0
-48700 0
-48600 0
-48500 0
-48400 0
-48300 0
-48200 0
-48100 0
-48000 0
-47900 0
-47800 0
-47700 0
-47600 0
-47500 0
-47400 0
-47300 0
-47200 0
-47100 0
-47000 0
-46900 0
-46800 0
-46700 0
-46600 0
-46500 0
-46400 0
-46300 0
-46200 0
-46100 0
-46000 0
-45900 1
-45800 0
-45700 0
-45600 0
-45500 2
-45400 0
-45300 0
-45200 0
-45100 1
-45000 0
-44900 0
-44800 0
-44700 1
-44600 0
-44500 1
-44400 0
-44300 0
-44200 0
-44100 0
-44000 1
-43900 0
-43800 6
-43700 20
-43600 41
-43500 124
-43400 550
-43300 943
-43200 512
-43100 96
-43000 12
-42900 2
-42800 2
-42700 1
-42600 0
-42500 0
-42400 0
-42300 0
-42200 0
-42100 0
-42000 0
-41900 0
-41800 0
-41700 0
-41600 0
-41500 1
-41400 1
-41300 0
-41200 0
-41100 0
-41000 0
-40900 0
-40800 0
-40700 0
-40600 0
-40500 0
-40400 0
-40300 0
-40200 1
-40100 0
-40000 0
-39900 0
-39800 0
-39700 0
-39600 0
-39500 0
-39400 0
-39300 0
-39200 0
-39100 1
-39000 0
-38900 0
-38800 0
-38700 1
-38600 1
-38500 7
-38400 20
-38300 12
-38200 3
-38100 0
-38000 1
-37900 1
-37800 0
-37700 0
-37600 0
-37500 1
-37400 0
-37300 0
-37200 0
-37100 3
-37000 3
-36900 5
-36800 0
-36700 0
-36600 6
-36500 3
-36400 2
-36300 2
-36200 0
-36100 0
-36000 0
-35900 0
-35800 0
-35700 1
-35600 1
-35500 0
-35400 0
-35300 3
-35200 0
-35100 1
-35000 0
-34900 0
-34800 0
-34700 1
-34600 0
-34500 0
-34400 0
-34300 0
-34200 0
-34100 0
-34000 0
-33900 0
-33800 0
-33700 0
-33600 1
-33500 0
-33400 1
-33300 1
-33200 0
-33100 1
-33000 0
-32900 0
-32800 1
-32700 1
-32600 0
-32500 0
-32400 0
-32300 0
-32200 0
-32100 0
-32000 0
-31900 0
-31800 0
-31700 1
-31600 0
-31500 0
-31400 0
-31300 0
-31200 0
-31100 0
-31000 0
-30900 1
-30800 7
-30700 26
-30600 26
-30500 28
-30400 48
-30300 330
-30200 814
-30100 743
-30000 226
-29900 35
-29800 5
-29700 0
-29600 1
-29500 0
-29400 0
-29300 0
-29200 1
-29100 0
-29000 0
-28900 0
-28800 0
-28700 0
-28600 0
-28500 2
-28400 0
-28300 1
-28200 0
-28100 0
-28000 0
-27900 0
-27800 0
-27700 0
-27600 0
-27500 0
-27400 1
-27300 0
-27200 1
-27100 0
-27000 0
-26900 0
-26800 0
-26700 1
-26600 0
-26500 0
-26400 0
-26300 0
-26200 1
-26100 1
-26000 0
-25900 0
-25800 1
-25700 1
-25600 2
-25500 1
-25400 4
-25300 10
-25200 5
-25100 3
-25000 0
-24900 1
-24800 0
-24700 0
-24600 0
-24500 0
-24400 0
-24300 0
-24200 0
-24100 0
-24000 2
-23900 2
-23800 1
-23700 2
-23600 1
-23500 5
-23400 7
-23300 6
-23200 1
-23100 0
-23000 0
-22900 0
-22800 0
-22700 1
-22600 2
-22500 0
-22400 1
-22300 0
-22200 1
-22100 0
-22000 1
-21900 0
-21800 0
-21700 0
-21600 0
-21500 0
-21400 1
-21300 0
-21200 1
-21100 0
-21000 0
-20900 0
-20800 0
-20700 0
-20600 0
-20500 0
-20400 0
-20300 1
-20200 0
-20100 0
-20000 0
-19900 0
-19800 0
-19700 0
-19600 0
-19500 0
-19400 0
-19300 0
-19200 0
-19100 0
-19000 1
-18900 0
-18800 0
-18700 0
-18600 0
-18500 1
-18400 1
-18300 0
-18200 0
-18100 0
-18000 1
-17900 0
-17800 0
-17700 1
-17600 1
-17500 1
-17400 5
-17300 65
-17200 367
-17100 855
-17000 617
-16900 170
-16800 21
-16700 2
-16600 1
-16500 1
-16400 1
-16300 0
-16200 0
-16100 0
-16000 0
-15900 0
-15800 0
-15700 1
-15600 2
-15500 1
-15400 0
-15300 1
-15200 0
-15100 0
-15000 0
-14900 1
-14800 0
-14700 0
-14600 0
-14500 0
-14400 0
-14300 0
-14200 0
-14100 0
-14000 0
-13900 0
-13800 0
-13700 0
-13600 0
-13500 0
-13400 0
-13300 0
-13200 0
-13100 0
-13000 0
-12900 0
-12800 0
-12700 0
-12600 0
-12500 0
-12400 3
-12300 6
-12200 7
-12100 4
-12000 5
-11900 0
-11800 0
-11700 1
-11600 0
-11500 0
-11400 0
-11300 0
-11200 0
-11100 0
-11000 2
-10900 4
-10800 5
-10700 0
-10600 0
-10500 1
-10400 1
-10300 4
-10200 4
-10100 3
-10000 1
-9900 0
-9800 0
-9700 0
-9600 0
-9500 0
-9400 0
-9300 1
-9200 1
-9100 0
-9000 0
-8900 0
-8800 0
-8700 0
-8600 0
-8500 0
-8400 1
-8300 0
-8200 1
-8100 0
-8000 0
-7900 0
-7800 0
-7700 0
-7600 0
-7500 0
-7400 0
-7300 0
-7200 0
-7100 0
-7000 0
-6900 0
-6800 0
-6700 0
-6600 0
-6500 0
-6400 0
-6300 0
-6200 0
-6100 0
-6000 0
-5900 0
-5800 0
-5700 0
-5600 1
-5500 0
-5400 0
-5300 1
-5200 0
-5100 0
-5000 0
-4900 1
-4800 1
-4700 0
-4600 0
-4500 2
-4400 1
-4300 2
-4200 14
-4100 106
-4000 546
-3900 897
-3800 440
-3700 86
-3600 9
-3500 4
-3400 0
-3300 0
-3200 0
-3100 0
-3000 0
-2900 1
-2800 0
-2700 0
-2600 0
-2500 0
-2400 0
-2300 1
-2200 2
-2100 0
-2000 0
-1900 0
-1800 0
-1700 0
-1600 0
-1500 1
-1400 1
-1300 0
-1200 0
-1100 0
-1000 0
-900 0
-800 0
-700 1
-600 1
-500 0
-400 0
-300 0
-200 1
-100 0
0 0
100 0
200 0
300 0
400 0
500 0
600 1
700 0
800 2
900 8
1000 13
1100 12
1200 2
1300 1
1400 1
1500 0
1600 0
1700 0
1800 1
1900 0
2000 0
2100 0
2200 0
2300 2
2400 3
2500 3
2600 2
2700 0
2800 3
2900 1
3000 3
3100 5
3200 0
3300 0
3400 0
3500 0
3600 0
3700 0
3800 0
3900 0
4000 0
4100 0
4200 1
4300 0
4400 0
4500 0
4600 0
4700 1
4800 1
4900 0
5000 2
5100 0
5200 0
5300 0
5400 0
5500 0
5600 0
5700 0
5800 0
5900 1
6000 0
6100 0
6200 0
6300 0
6400 1
6500 0
6600 0
6700 0
6800 0
6900 0
7000 0
7100 0
7200 0
7300 0
7400 1
7500 0
7600 0
7700 1
7800 0
7900 0
8000 1
8100 1
8200 0
8300 0
8400 2
8500 0
8600 18
8700 22
8800 34
8900 102
9000 883
9100 7693
9200 23108
9300 23896
9400 8784
9500 1248
9600 77
9700 29
9800 18
9900 9
10000 3
10100 2
10200 0
10300 0
10400 0
10500 1
10600 0
10700 0
10800 0
10900 0
11000 0
11100 0
11200 0
11300 0
11400 0
11500 0
11600 0
11700 0
11800 0
11900 0
12000 0
12100 0
12200 0
12300 0
12400 1
12500 0
12600 0
12700 0
12800 0
12900 0
13000 0
13100 0
13200 0
13300 0
13400 0
13500 1
13600 0
13700 1
13800 0
13900 0
14000 3
14100 4
14200 15
14300 6
14400 1
14500 0
14600 0
14700 0
14800 0
14900 0
15000 0
15100 0
15200 0
15300 0
15400 4
15500 3
15600 4
15700 3
15800 0
15900 1
16000 4
16100 2
16200 2
16300 0
16400 1
16500 0
16600 0
16700 0
16800 0
16900 0
17000 0
17100 0
17200 0
17300 0
17400 0
17500 0
17600 0
17700 0
17800 0
17900 0
18000 0
18100 0
18200 0
18300 0
18400 0
18500 0
18600 1
18700 0
18800 0
18900 1
19000 0
19100 1
19200 1
19300 0
19400 0
19500 0
19600 1
19700 0
19800 0
19900 0
20000 0
20100 0
20200 0
20300 0
20400 0
20500 1
20600 1
20700 1
20800 1
20900 0
21000 0
21100 0
21200 1
21300 1
21400 0
21500 0
21600 0
21700 0
21800 0
21900 1
22000 4
22100 10
22200 102
22300 504
22400 896
22500 544
22600 113
22700 11
22800 2
22900 2
23000 1
23100 0
23200 0
23300 0
23400 0
23500 0
23600 0
23700 0
23800 0
23900 1
24000 0
24100 1
24200 1
24300 1
24400 0
24500 0
24600 1
24700 0
24800 1
24900 0
25000 0
25100 0
25200 0
25300 0
25400 0
25500 0
25600 0
25700 1
25800 0
25900 0
26000 0
26100 0
26200 0
26300 0
26400 0
26500 0
26600 0
26700 0
26800 0
26900 0
27000 1
27100 1
27200 7
27300 11
27400 4
27500 1
27600 1
27700 1
27800 0
27900 0
28000 0
28100 0
28200 0
28300 0
28400 1
28500 0
28600 2
28700 3
28800 0
28900 4
29000 1
29100 5
29200 4
29300 4
29400 0
29500 0
29600 0
29700 0
29800 0
29900 0
30000 0
30100 0
30200 0
30300 0
30400 0
30500 2
30600 1
30700 1
30800 2
30900 0
31000 0
31100 1
31200 0
31300 0
31400 0
31500 0
31600 0
31700 0
31800 0
31900 0
32000 0
32100 0
32200 0
32300 0
32400 0
32500 0
32600 0
32700 0
32800 1
32900 0
33000 0
33100 0
33200 0
33300 0
33400 0
33500 0
33600 0
33700 0
33800 0
33900 0
34000 1
34100 1
34200 0
34300 0
34400 0
34500 0
34600 0
34700 1
34800 0
34900 0
35000 4
35100 1
35200 17
35300 136
35400 601
35500 924
35600 471
35700 65
35800 6
35900 2
36000 0
36100 0
36200 0
36300 0
36400 0
36500 1
36600 0
36700 0
36800 0
36900 0
37000 3
37100 1
37200 1
37300 1
37400 1
37500 1
37600 0
37700 0
37800 0
37900 0
38000 0
38100 1
38200 0
38300 0
38400 1
38500 1
38600 0
38700 1
38800 0
38900 0
39000 0
39100 0
39200 0
39300 0
39400 0
39500 0
39600 1
39700 0
39800 0
39900 1
40000 0
40100 0
40200 2
40300 10
40400 18
40500 8
40600 2
40700 3
40800 0
40900 0
41000 0
41100 0
41200 0
41300 0
41400 1
41500 1
41600 1
41700 1
41800 7
41900 5
42000 1
42100 3
42200 7
42300 4
42400 2
42500 3
42600 0
42700 0
42800 1
42900 0
43000 0
43100 0
43200 0
43300 0
43400 1
43500 3
43600 1
43700 0
43800 0
43900 0
44000 0
44100 0
44200 0
44300 0
44400 0
44500 0
44600 0
44700 0
44800 0
44900 0
45000 0
45100 0
45200 0
45300 0
45400 0
45500 0
45600 0
45700 0
45800 0
45900 0
46000 0
46100 0
46200 0
46300 1
46400 0
46500 0
46600 0
46700 0
46800 0
46900 0
47000 0
47100 0
47200 0
47300 0
47400 0
47500 0
47600 0
47700 0
47800 0
47900 1
48000 2
48100 0
48200 1
48300 4
48400 39
48500 298
48600 837
48700 736
48800 210
48900 26
49000 22
49100 27
49200 19
49300 11
49400 1
49500 1
49600 0
49700 0
49800 0
49900 0
50000 0
50100 0
50200 0
50300 0
50400 1
50500 0
50600 0
50700 0
50800 0
50900 0
51000 0
51100 0
51200 0
51300 0
51400 0
51500 0
51600 0
51700 0
51800 0
51900 0
52000 0
52100 0
52200 0
52300 0
52400 0
52500 0
52600 0
52700 0
52800 0
52900 0
53000 0
53100 1
53200 2
53300 10
53400 99
53500 312
53600 326
53700 109
53800 14
53900 2
54000 2
54100 0
54200 0
54300 0
54400 1
54500 1
54600 0
54700 0
54800 0
54900 2
55000 7
55100 1
55200 0
55300 1
55400 6
55500 5
55600 2
55700 0
55800 0
55900 0
56000 0
56100 0
56200 0
56300 0
56400 0
56500 1
56600 0
56700 0
56800 1
56900 0
57000 0
57100 0
57200 0
57300 0
57400 0
57500 0
57600 0
57700 0
57800 0
57900 0
58000 0
58100 0
58200 1
58300 0
58400 1
58500 0
58600 0
58700 0
58800 0
58900 0
59000 0
59100 0
59200 0
59300 0
59400 0
59500 0
59600 0
59700 0
59800 0
59900 0
60000 1
60100 0
60200 1
60300 2
60400 1
60500 0
60600 0
60700 0
60800 0
60900 0
61000 0
61100 1
61200 2
61300 3
61400 1
61500 15
61600 142
61700 543
61800 859
61900 472
62000 120
62100 34
62200 9
62300 3
62400 1
62500 0
62600 0
62700 0
62800 0
62900 0
63000 0
63100 0
63200 1
63300 2
63400 0
63500 0
63600 0
63700 0
63800 0
63900 0
64000 0
64100 0
64200 0
64300 0
64400 0
64500 0
64600 0
64700 0
64800 0
64900 0
65000 0
65100 0
65200 0
65300 0
65400 0
65500 0
65600 0
65700 0
65800 0
65900 0
66000 0
66100 0
66200 2
66300 0
66400 1
66500 1
66600 14
66700 13
66800 6
66900 2
67000 1
67100 1
67200 0
67300 0
67400 0
67500 0
67600 1
67700 0
67800 1
67900 1
68000 1
68100 5
68200 2
68300 0
68400 0
68500 6
68600 14
68700 1
68800 0
68900 1
69000 0
69100 0
69200 0
69300 0
69400 0
69500 0
69600 0
69700 0
69800 0
69900 0
70000 0
70100 0
70200 0
70300 0
70400 0
70500 1
70600 0
70700 0
70800 0
70900 0
71000 0
71100 1
71200 0
71300 0
71400 0
71500 0
71600 1
71700 0
71800 0
71900 0
72000 0
72100 1
72200 0
72300 0
72400 1
72500 0
72600 0
72700 0
72800 0
72900 1
73000 0
73100 0
73200 0
73300 0
73400 0
73500 0
73600 3
73700 0
73800 0
73900 0
74000 0
74100 0
74200 0
74300 0
74400 1
74500 5
74600 11
74700 111
74800 481
74900 898
75000 609
75100 139
75200 15
75300 4
75400 1
75500 2
75600 0
75700 1
75800 0
75900 0
76000 0
76100 0
76200 0
76300 0
76400 0
76500 0
76600 0
76700 0
76800 0
76900 0
77000 1
77100 0
77200 0
77300 0
77400 0
77500 0
77600 0
77700 0
77800 0
77900 0
78000 0
78100 0
78200 0
78300 0
78400 2
78500 0
78600 0
78700 0
78800 0
78900 0
79000 0
79100 0
79200 1
79300 0
79400 0
79500 1
79600 0
79700 8
79800 13
79900 8
80000 4
80100 2
80200 2
80300 0
80400 0
80500 0
80600 1
80700 0
80800 0
80900 0
81000 2
81100 3
81200 1
81300 2
81400 2
81500 1
81600 0
81700 7
81800 7
81900 1
82000 1
82100 0
82200 1
82300 1
82400 0
82500 0
82600 0
82700 2
82800 1
82900 0
83000 2
83100 0
83200 0
83300 0
83400 0
83500 1
83600 0
83700 0
83800 0
83900 0
84000 0
84100 0
84200 1
84300 0
84400 0
84500 0
84600 0
84700 0
84800 0
84900 0
85000 0
85100 0
85200 1
85300 0
85400 1
85500 0
85600 0
85700 0
85800 1
85900 0
86000 0
86100 0
86200 1
86300 1
86400 1
86500 0
86600 0
86700 0
86800 1
86900 0
87000 1
87100 0
87200 0
87300 0
87400 1
87500 0
87600 6
87700 8
87800 52
87900 358
88000 891
88100 693
88200 200
88300 29
88400 2
88500 2
88600 1
88700 1
88800 0
88900 0
89000 0
89100 1
89200 1
89300 0
89400 0
89500 0
89600 1
89700 1
89800 0
89900 1
90000 1
90100 0
90200 0
90300 0
90400 0
90500 0
90600 0
90700 1
90800 0
90900 0
91000 0
91100 0
91200 0
91300 0
91400 0
91500 0
91600 0
91700 0
91800 0
91900 0
92000 0
92100 0
92200 0
92300 0
92400 0
92500 0
92600 0
92700 0
92800 1
92900 6
93000 14
93100 4
93200 2
93300 0
93400 1
93500 0
93600 0
93700 1
93800 1
93900 0
94000 0
94100 1
94200 1
94300 3
94400 4
94500 2
94600 1
94700 2
94800 4
94900 5
95000 2
95100 0
95200 0
95300 0
95400 0
95500 0
95600 0
95700 0
95800 0
95900 0
96000 0
96100 0
96200 0
96300 0
96400 0
96500 0
96600 0
96700 0
96800 0
96900 0
97000 0
97100 0
97200 1
97300 0
97400 0
97500 0
97600 0
97700 0
97800 8
97900 4
98000 0
98100 0
98200 0
98300 0
98400 0
98500 0
98600 0
98700 0
98800 0
98900 1
99000 0
99100 0
99200 0
99300 2
99400 0
99500 0
99600 0
99700 1
99800 1
99900 0
100000 0
100100 1
100200 0
100300 0
100400 0
100500 0
100600 2
100700 0
100800 1
100900 23
101000 147
101100 650
101200 970
101300 404
101400 75
101500 7
101600 1
101700 3
101800 0
101900 0
102000 0
102100 0
102200 0
102300 0
102400 0
102500 0
102600 1
102700 1
102800 0
102900 0
103000 0
103100 0
103200 1
103300 0
103400 1
103500 0
103600 0
103700 0
103800 0
103900 0
104000 0
104100 0
104200 0
104300 0
104400 0
104500 0
104600 0
104700 0
104800 0
104900 1
105000 0
105100 0
105200 0
105300 0
105400 1
105500 1
105600 2
105700 0
105800 0
105900 2
106000 10
106100 15
106200 8
106300 3
106400 0
106500 1
106600 1
106700 1
106800 0
106900 1
107000 0
107100 0
107200 0
107300 1
107400 3
107500 3
107600 5
107700 2
107800 2
107900 2
108000 8
108100 1
108200 3
108300 0
108400 0
108500 2
108600 0
108700 1
108800 1
108900 0
109000 0
109100 0
109200 1
109300 0
109400 0
109500 0
109600 0
109700 1
109800 0
109900 0
110000 0
110100 1
110200 0
110300 0
110400 0
110500 0
110600 0
110700 0
110800 0
110900 0
111000 0
111100 0
111200 0
111300 0
111400 0
111500 0
111600 0
111700 0
111800 0
111900 0
112000 1
112100 0
112200 0
112300 0
112400 0
112500 0
112600 1
112700 0
112800 2
112900 1
113000 0
113100 1
113200 0
113300 1
113400 1
113500 0
113600 0
113700 0
113800 0
113900 5
114000 10
114100 80
114200 464
114300 880
114400 636
114500 152
114600 17
114700 2
114800 1
114900 0
115000 0
115100 0
115200 0
115300 0
115400 0
115500 0
115600 0
115700 2
115800 0
115900 0
116000 0
116100 1
116200 0
116300 1
116400 0
116500 0
116600 0
116700 0
116800 1
116900 0
117000 0
117100 0
117200 0
117300 0
117400 0
117500 0
117600 0
117700 0
117800 0
117900 0
118000 0
118100 0
118200 0
118300 1
118400 0
118500 0
118600 0
118700 0
118800 1
118900 1
119000 2
119100 2
119200 15
119300 13
119400 2
119500 1
119600 1
119700 0
119800 0
119900 0
120000 0
120100 0
120200 0
120300 0
120400 2
120500 3
120600 6
120700 2
120800 3
120900 2
121000 1
121100 6
121200 6
121300 2
121400 1
121500 0
121600 1
121700 1
121800 0
121900 0
122000 0
122100 0
122200 3
122300 1
122400 0
122500 0
122600 0
122700 0
122800 0
122900 1
123000 0
123100 0
123200 0
123300 0
123400 0
123500 0
123600 0
123700 0
123800 0
123900 0
124000 0
124100 0
124200 1
124300 0
124400 0
124500 0
124600 0
124700 0
124800 0
124900 0
125000 0
125100 0
125200 0
125300 0
125400 1
125500 0
125600 0
125700 1
125800 0
125900 1
126000 2
126100 0
126200 1
126300 0
126400 0
126500 0
126600 0
126700 0
126800 0
126900 2
127000 2
127100 3
127200 53
127300 306
127400 845
127500 857
127600 254
127700 38
127800 3
127900 1
128000 2
128100 0
128200 0
128300 0
128400 0
128500 0
128600 0
128700 0
128800 0
128900 0
129000 0
129100 0
129200 1
129300 0
129400 0
129500 1
129600 0
129700 0
129800 1
129900 0
130000 0
130100 0
130200 0
130300 0
130400 0
130500 0
130600 0
130700 0
130800 0
130900 0
131000 0
131100 0
131200 0
131300 0
131400 0
131500 0
131600 0
131700 1
131800 0
131900 1
132000 2
132100 0
132200 2
132300 20
132400 12
132500 3
132600 3
132700 0
132800 0
132900 0
133000 0
133100 0
133200 2
133300 1
133400 0
133500 1
133600 3
133700 1
133800 5
133900 4
134000 2
134100 1
134200 4
134300 4
134400 4
134500 1
134600 0
134700 0
134800 0
134900 0
135000 0
135100 0
135200 0
135300 0
135400 3
135500 0
135600 0
135700 0
135800 0
135900 0
136000 2
136100 0
136200 0
136300 0
136400 1
136500 0
136600 0
136700 0
136800 0
136900 0
137000 1
137100 0
137200 0
137300 0
137400 0
137500 0
137600 0
137700 0
137800 0
137900 1
138000 0
138100 0
138200 0
138300 0
138400 0
138500 0
138600 0
138700 0
138800 0
138900 1
139000 0
139100 2
139200 2
139300 0
139400 0
139500 0
139600 0
139700 0
139800 0
139900 2
140000 0
140100 2
140200 1
140300 13
140400 146
140500 677
140600 968
140700 474
140800 91
140900 9
141000 4
141100 3
141200 1
141300 0
141400 0
141500 0
141600 0
141700 0
141800 1
141900 0
142000 0
142100 0
142200 1
142300 4
142400 0
142500 1
142600 1
142700 0
142800 0
142900 0
143000 0
143100 1
143200 0
143300 0
143400 0
143500 0
143600 0
143700 0
143800 0
143900 0
144000 0
144100 0
144200 0
144300 0
144400 0
144500 0
144600 0
144700 0
144800 0
144900 0
145000 1
145100 0
145200 0
145300 3
145400 12
145500 15
145600 6
145700 3
145800 2
145900 0
146000 0
146100 0
146200 0
146300 0
146400 0
146500 0
146600 0
146700 0
146800 1
146900 6
147000 2
147100 0
147200 2
147300 5
147400 11
147500 4
147600 2
147700 2
147800 0
147900 0
148000 0
148100 0
148200 0
148300 0
148400 0
148500 0
148600 0
148700 1
148800 0
148900 0
149000 1
149100 0
149200 0
149300 0
149400 0
149500 0
149600 0
149700 0
149800 0
149900 0
150000 1
150100 0
150200 0
150300 0
150400 0
150500 0
150600 0
150700 0
150800 0
150900 0
151000 0
151100 0
151200 0
151300 0
151400 0
151500 0
151600 0
151700 0
151800 0
151900 1
152000 0
152100 2
152200 2
152300 0
152400 0
152500 1
152600 0
152700 0
152800 0
152900 0
153000 0
153100 0
153200 0
153300 0
153400 6
153500 62
153600 368
153700 899
153800 733
153900 175
154000 23
154100 3
154200 0
154300 1
154400 0
154500 0
154600 0
154700 0
154800 0
154900 0
155000 0
155100 0
155200 1
155300 1
155400 0
155500 2
155600 0
155700 0
155800 1
155900 0
156000 0
156100 1
156200 0
156300 0
156400 0
156500 1
156600 0
156700 0
156800 0
156900 0
157000 0
157100 0
157200 0
157300 0
157400 0
157500 0
157600 0
157700 1
157800 0
157900 0
158000 0
158100 0
158200 0
158300 1
158400 2
158500 6
158600 16
158700 8
158800 3
158900 0
159000 2
159100 0
159200 0
159300 0
159400 0
159500 0
159600 2
159700 0
159800 3
159900 4
160000 3
160100 3
160200 5
160300 1
160400 5
160500 8
160600 8
160700 3
160800 0
160900 0
161000 0
161100 0
161200 0
161300 0
161400 1
161500 0
161600 0
161700 0
161800 0
161900 0
162000 0
162100 0
162200 0
162300 0
162400 0
162500 0
162600 1
162700 0
162800 1
162900 0
163000 0
163100 0
163200 2
163300 0
163400 0
163500 0
163600 0
163700 1
163800 0
163900 1
164000 0
164100 0
164200 1
164300 0
164400 0
164500 0
164600 0
164700 0
164800 0
164900 0
165000 0
165100 1
165200 1
165300 1
165400 4
165500 0
165600 0
165700 0
165800 0
165900 0
166000 0
166100 0
166200 1
166300 1
166400 1
166500 6
166600 34
166700 241
166800 766
166900 857
167000 321
167100 37
167200 5
167300 0
167400 3
167500 1
167600 0
167700 0
167800 0
167900 0
168000 0
168100 0
168200 0
168300 1
168400 1
168500 0
168600 0
168700 0
168800 1
168900 0
169000 0
169100 0
169200 1
169300 0
169400 1
169500 0
169600 0
169700 0
169800 0
169900 0
170000 1
170100 0
170200 1
170300 0
170400 0
170500 0
170600 0
170700 0
170800 1
170900 0
171000 0
171100 0
171200 0
171300 0
171400 0
171500 0
171600 2
171700 19
171800 15
171900 3
172000 3
172100 0
172200 1
172300 0
172400 0
172500 0
172600 0
172700 0
172800 0
172900 0
173000 0
173100 5
173200 2
173300 3
173400 2
173500 1
173600 3
173700 9
173800 1
173900 1
174000 1
174100 0
174200 0
174300 0
174400 0
174500 0
174600 0
174700 0
174800 0
174900 0
175000 0
175100 0
175200 0
175300 0
175400 1
175500 0
175600 1
175700 0
175800 0
175900 1
176000 0
176100 0
176200 0
176300 0
176400 0
176500 0
176600 0
176700 0
176800 0
176900 2
177000 0
177100 0
177200 0
177300 0
177400 1
177500 1
177600 1
177700 0
177800 0
177900 0
178000 0
178100 0
178200 1
178300 0
178400 0
178500 0
178600 0
178700 0
178800 0
178900 0
179000 1
179100 0
179200 1
179300 2
179400 2
179500 1
179600 2
179700 11
179800 143
179900 590
180000 922
180100 485
180200 82
180300 10
180400 0
180500 0
180600 3
180700 0
180800 0
180900 0
181000 0
181100 0
181200 0
181300 1
181400 5
181500 8
181600 12
181700 13
181800 5
181900 0
182000 0
182100 0
182200 0
182300 0
182400 0
182500 0
182600 0
182700 1
182800 0
182900 1
183000 0
183100 0
183200 0
183300 0
183400 0
183500 0
183600 0
183700 0
183800 0
183900 0
184000 0
184100 0
184200 0
184300 0
184400 0
184500 0
184600 0
184700 0
184800 11
184900 9
185000 7
185100 6
185200 2
185300 0
185400 0
185500 1
185600 0
185700 0
185800 0
185900 0
186000 0
186100 0
186200 2
186300 4
186400 2
186500 0
186600 3
186700 0
186800 9
186900 9
187000 0
187100 1
187200 0
187300 0
187400 0
187500 2
187600 0
187700 0
187800 1
187900 0
188000 0
188100 2
188200 1
188300 0
188400 0
188500 0
188600 1
188700 0
188800 0
188900 0
189000 0
189100 0
189200 1
189300 0
189400 0
189500 0
189600 0
189700 0
189800 0
189900 1
190000 0
190100 0
190200 0
190300 0
190400 1
190500 0
190600 0
190700 0
190800 0
190900 0
191000 0
191100 1
191200 1
191300 0
191400 0
191500 0
191600 2
191700 1
191800 1
191900 0
192000 0
192100 0
192200 1
192300 0
192400 0
192500 1
192600 3
192700 4
192800 4
192900 51
193000 328
193100 823
193200 737
193300 213
193400 30
193500 5
193600 2
193700 1
193800 0
193900 0
194000 0
194100 0
194200 0
194300 0
194400 0
194500 0
194600 1
194700 1
194800 2
194900 1
195000 0
195100 0
195200 0
195300 0
195400 0
195500 0
195600 0
195700 0
195800 1
195900 0
196000 0
196100 0
196200 1
196300 0
196400 0
196500 0
196600 1
196700 0
196800 0
196900 0
197000 0
197100 0
197200 1
197300 0
197400 0
197500 0
197600 0
197700 0
197800 1
197900 3
198000 13
198100 11
198200 2
198300 1
198400 1
198500 1
198600 0
198700 0
198800 0
198900 1
199000 0
199100 0
199200 0
199300 1
199400 4
199500 4
199600 2
199700 0
199800 2
199900 2
200000 2
200100 4
200200 1
200300 1
200400 1
200500 0
200600 0
200700 0
200800 0
200900 0
201000 0
201100 0
201200 0
201300 0
201400 0
201500 0
201600 1
201700 0
201800 0
201900 0
202000 0
202100 0
202200 0
202300 0
202400 0
202500 0
202600 0
202700 0
202800 0
202900 0
203000 1
203100 1
203200 0
203300 0
203400 0
203500 0
203600 0
203700 0
203800 0
203900 0
204000 0
204100 0
204200 0
204300 0
204400 0
204500 1
204600 0
204700 0
204800 1
204900 0
205000 0
205100 1
205200 0
205300 0
205400 0
205500 0
205600 0
205700 1
205800 1
205900 5
206000 38
206100 201
206200 746
206300 847
206400 349
206500 64
206600 4
206700 1
206800 0
206900 1
207000 0
207100 0
207200 0
207300 0
207400 0
207500 0
207600 0
207700 0
207800 1
207900 0
208000 3
208100 0
208200 0
208300 0
208400 0
208500 0
208600 0
208700 0
208800 0
208900 0
