-300000 0
-299900 3
-299800 4
-299700 8
-299600 9
-299500 0
-299400 1
-299300 5
-299200 11
-299100 12
-299000 3
-298900 0
-298800 1
-298700 0
-298600 0
-298500 0
-298400 1
-298300 0
-298200 0
-298100 2
-298000 0
-297900 0
-297800 0
-297700 0
-297600 0
-297500 2
-297400 3
-297300 0
-297200 0
-297100 0
-297000 0
-296900 3
-296800 0
-296700 0
-296600 1
-296500 0
-296400 0
-296300 0
-296200 1
-296100 1
-296000 1
-295900 0
-295800 0
-295700 0
-295600 0
-295500 0
-295400 0
-295300 0
-295200 0
-295100 0
-295000 1
-294900 1
-294800 1
-294700 1
-294600 0
-294500 3
-294400 1
-294300 2
-294200 1
-294100 0
-294000 0
-293900 0
-293800 0
-293700 0
-293600 1
-293500 0
-293400 2
-293300 6
-293200 8
-293100 117
-293000 952
-292900 2477
-292800 1994
-292700 539
-292600 47
-292500 6
-292400 3
-292300 1
-292200 1
-292100 0
-292000 1
-291900 0
-291800 0
-291700 1
-291600 0
-291500 0
-291400 1
-291300 1
-291200 0
-291100 0
-291000 0
-290900 0
-290800 0
-290700 2
-290600 1
-290500 0
-290400 0
-290300 1
-290200 0
-290100 2
-290000 0
-289900 0
-289800 0
-289700 0
-289600 0
-289500 1
-289400 1
-289300 0
-289200 0
-289100 0
-289000 2
-288900 1
-288800 1
-288700 0
-288600 0
-288500 0
-288400 1
-288300 6
-288200 4
-288100 6
-288000 11
-287900 12
-287800 3
-287700 4
-287600 1
-287500 2
-287400 1
-287300 1
-287200 1
-287100 1
-287000 1
-286900 0
-286800 1
-286700 4
-286600 6
-286500 9
-286400 4
-286300 2
-286200 4
-286100 6
-286000 13
-285900 9
-285800 0
-285700 1
-285600 0
-285500 0
-285400 0
-285300 1
-285200 0
-285100 0
-285000 4
-284900 0
-284800 0
-284700 0
-284600 1
-284500 0
-284400 0
-284300 0
-284200 2
-284100 1
-284000 1
-283900 0
-283800 2
-283700 0
-283600 0
-283500 1
-283400 1
-283300 0
-283200 0
-283100 0
-283000 1
-282900 0
-282800 0
-282700 0
-282600 1
-282500 0
-282400 1
-282300 2
-282200 1
-282100 0
-282000 0
-281900 1
-281800 0
-281700 0
-281600 0
-281500 1
-281400 1
-281300 0
-281200 1
-281100 2
-281000 0
-280900 0
-280800 2
-280700 0
-280600 1
-280500 1
-280400 2
-280300 2
-280200 2
-280100 4
-280000 32
-279900 440
-279800 1842
-279700 2443
-279600 999
-279500 126
-279400 7
-279300 5
-279200 1
-279100 1
-279000 1
-278900 2
-278800 1
-278700 0
-278600 1
-278500 1
-278400 0
-278300 0
-278200 0
-278100 0
-278000 0
-277900 0
-277800 1
-277700 0
-277600 0
-277500 0
-277400 1
-277300 0
-277200 2
-277100 0
-277000 2
-276900 0
-276800 0
-276700 0
-276600 0
-276500 0
-276400 0
-276300 1
-276200 0
-276100 0
-276000 0
-275900 0
-275800 0
-275700 0
-275600 0
-275500 0
-275400 0
-275300 0
-275200 0
-275100 0
-275000 7
-274900 13
-274800 18
-274700 4
-274600 2
-274500 2
-274400 0
-274300 2
-274200 0
-274100 1
-274000 0
-273900 0
-273800 1
-273700 0
-273600 5
-273500 4
-273400 7
-273300 6
-273200 2
-273100 0
-273000 8
-272900 9
-272800 10
-272700 5
-272600 1
-272500 0
-272400 1
-272300 2
-272200 0
-272100 0
-272000 0
-271900 0
-271800 2
-271700 3
-271600 0
-271500 0
-271400 0
-271300 2
-271200 0
-271100 0
-271000 1
-270900 0
-270800 0
-270700 0
-270600 0
-270500 1
-270400 0
-270300 2
-270200 1
-270100 0
-270000 1
-269900 2
-269800 2
-269700 0
-269600 0
-269500 0
-269400 1
-269300 0
-269200 0
-269100 0
-269000 1
-268900 1
-268800 0
-268700 1
-268600 1
-268500 0
-268400 0
-268300 0
-268200 2
-268100 3
-268000 4
-267900 1
-267800 1
-267700 0
-267600 1
-267500 2
-267400 0
-267300 1
-267200 0
-267100 1
-267000 6
-266900 9
-266800 186
-266700 1244
-266600 2529
-266500 1489
-266400 276
-266300 18
-266200 3
-266100 3
-266000 4
-265900 0
-265800 0
-265700 1
-265600 0
-265500 0
-265400 0
-265300 1
-265200 0
-265100 2
-265000 0
-264900 0
-264800 0
-264700 0
-264600 1
-264500 0
-264400 0
-264300 1
-264200 0
-264100 0
-264000 1
-263900 0
-263800 0
-263700 0
-263600 0
-263500 0
-263400 0
-263300 0
-263200 2
-263100 1
-263000 0
-262900 0
-262800 0
-262700 0
-262600 1
-262500 0
-262400 1
-262300 0
-262200 0
-262100 2
-262000 0
-261900 3
-261800 9
-261700 18
-261600 12
-261500 2
-261400 0
-261300 0
-261200 0
-261100 0
-261000 0
-260900 1
-260800 0
-260700 1
-260600 1
-260500 7
-260400 6
-260300 10
-260200 2
-260100 1
-260000 3
-259900 4
-259800 11
-259700 12
-259600 2
-259500 1
-259400 0
-259300 0
-259200 0
-259100 1
-259000 1
-258900 1
-258800 1
-258700 1
-258600 0
-258500 0
-258400 0
-258300 0
-258200 0
-258100 0
-258000 1
-257900 0
-257800 0
-257700 0
-257600 1
-257500 1
-257400 0
-257300 0
-257200 0
-257100 0
-257000 0
-256900 0
-256800 1
-256700 0
-256600 0
-256500 2
-256400 1
-256300 1
-256200 2
-256100 0
-256000 0
-255900 1
-255800 1
-255700 0
-255600 1
-255500 0
-255400 4
-255300 0
-255200 0
-255100 0
-255000 1
-254900 1
-254800 0
-254700 0
-254600 0
-254500 2
-254400 0
-254300 0
-254200 2
-254100 0
-254000 3
-253900 4
-253800 6
-253700 82
-253600 815
-253500 2475
-253400 2086
-253300 512
-253200 36
-253100 3
-253000 3
-252900 0
-252800 2
-252700 0
-252600 0
-252500 0
-252400 0
-252300 0
-252200 0
-252100 2
-252000 0
-251900 1
-251800 0
-251700 0
-251600 1
-251500 0
-251400 0
-251300 0
-251200 1
-251100 0
-251000 1
-250900 0
-250800 0
-250700 0
-250600 0
-250500 0
-250400 0
-250300 1
-250200 0
-250100 1
-250000 0
-249900 0
-249800 1
-249700 1
-249600 0
-249500 0
-249400 0
-249300 1
-249200 0
-249100 1
-249000 0
-248900 0
-248800 3
-248700 6
-248600 17
-248500 14
-248400 5
-248300 1
-248200 2
-248100 1
-248000 1
-247900 1
-247800 1
-247700 0
-247600 1
-247500 0
-247400 3
-247300 7
-247200 10
-247100 8
-247000 2
-246900 2
-246800 3
-246700 7
-246600 13
-246500 6
-246400 2
-246300 3
-246200 1
-246100 0
-246000 0
-245900 0
-245800 0
-245700 1
-245600 1
-245500 2
-245400 3
-245300 0
-245200 0
-245100 0
-245000 5
-244900 2
-244800 0
-244700 1
-244600 0
-244500 0
-244400 1
-244300 1
-244200 0
-244100 1
-244000 0
-243900 1
-243800 0
-243700 0
-243600 1
-243500 1
-243400 1
-243300 0
-243200 0
-243100 1
-243000 0
-242900 0
-242800 0
-242700 0
-242600 0
-242500 1
-242400 0
-242300 3
-242200 0
-242100 2
-242000 1
-241900 3
-241800 3
-241700 3
-241600 1
-241500 0
-241400 0
-241300 1
-241200 1
-241100 0
-241000 0
-240900 1
-240800 4
-240700 6
-240600 34
-240500 364
-240400 1864
-240300 2516
-240200 1076
-240100 141
-240000 10
-239900 5
-239800 2
-239700 1
-239600 0
-239500 0
-239400 0
-239300 0
-239200 0
-239100 2
-239000 0
-238900 1
-238800 1
-238700 0
-238600 1
-238500 0
-238400 0
-238300 2
-238200 0
-238100 1
-238000 0
-237900 0
-237800 0
-237700 1
-237600 1
-237500 1
-237400 0
-237300 1
-237200 0
-237100 0
-237000 0
-236900 1
-236800 0
-236700 0
-236600 0
-236500 0
-236400 1
-236300 0
-236200 0
-236100 0
-236000 1
-235900 1
-235800 1
-235700 1
-235600 4
-235500 11
-235400 15
-235300 10
-235200 2
-235100 2
-235000 1
-234900 0
-234800 1
-234700 0
-234600 1
-234500 1
-234400 0
-234300 1
-234200 3
-234100 7
-234000 8
-233900 7
-233800 3
-233700 2
-233600 3
-233500 13
-233400 8
-233300 2
-233200 1
-233100 1
-233000 0
-232900 0
-232800 1
-232700 0
-232600 1
-232500 1
-232400 2
-232300 0
-232200 2
-232100 0
-232000 0
-231900 1
-231800 3
-231700 0
-231600 0
-231500 0
-231400 1
-231300 0
-231200 2
-231100 0
-231000 1
-230900 2
-230800 0
-230700 1
-230600 2
-230500 0
-230400 1
-230300 0
-230200 0
-230100 0
-230000 1
-229900 0
-229800 0
-229700 1
-229600 0
-229500 1
-229400 0
-229300 0
-229200 0
-229100 0
-229000 1
-228900 0
-228800 1
-228700 1
-228600 1
-228500 1
-228400 0
-228300 0
-228200 0
-228100 0
-228000 1
-227900 1
-227800 1
-227700 3
-227600 0
-227500 7
-227400 134
-227300 1073
-227200 2604
-227100 1682
-227000 318
-226900 22
-226800 1
-226700 2
-226600 6
-226500 1
-226400 1
-226300 1
-226200 0
-226100 0
-226000 1
-225900 1
-225800 0
-225700 1
-225600 0
-225500 1
-225400 0
-225300 0
-225200 0
-225100 1
-225000 2
-224900 0
-224800 1
-224700 1
-224600 0
-224500 0
-224400 1
-224300 0
-224200 0
-224100 1
-224000 1
-223900 2
-223800 0
-223700 0
-223600 0
-223500 2
-223400 0
-223300 2
-223200 0
-223100 0
-223000 0
-222900 1
-222800 0
-222700 1
-222600 2
-222500 1
-222400 9
-222300 15
-222200 10
-222100 1
-222000 2
-221900 0
-221800 1
-221700 1
-221600 0
-221500 0
-221400 2
-221300 1
-221200 2
-221100 0
-221000 8
-220900 9
-220800 5
-220700 2
-220600 0
-220500 2
-220400 11
-220300 8
-220200 8
-220100 1
-220000 0
-219900 0
-219800 1
-219700 2
-219600 1
-219500 1
-219400 1
-219300 0
-219200 1
-219100 0
-219000 1
-218900 0
-218800 0
-218700 2
-218600 1
-218500 0
-218400 0
-218300 0
-218200 0
-218100 1
-218000 0
-217900 0
-217800 0
-217700 0
-217600 2
-217500 0
-217400 2
-217300 0
-217200 1
-217100 0
-217000 0
-216900 1
-216800 0
-216700 0
-216600 0
-216500 0
-216400 0
-216300 2
-216200 1
-216100 1
-216000 0
-215900 2
-215800 0
-215700 0
-215600 0
-215500 0
-215400 0
-215300 0
-215200 1
-215100 1
-215000 1
-214900 0
-214800 0
-214700 3
-214600 2
-214500 1
-214400 12
-214300 83
-214200 810
-214100 2413
-214000 2053
-213900 491
-213800 39
-213700 4
-213600 4
-213500 3
-213400 1
-213300 1
-213200 0
-213100 0
-213000 0
-212900 1
-212800 2
-212700 0
-212600 0
-212500 3
-212400 1
-212300 0
-212200 1
-212100 0
-212000 0
-211900 0
-211800 1
-211700 0
-211600 0
-211500 0
-211400 0
-211300 0
-211200 0
-211100 1
-211000 0
-210900 0
-210800 0
-210700 1
-210600 1
-210500 0
-210400 1
-210300 1
-210200 0
-210100 0
-210000 0
-209900 0
-209800 0
-209700 0
-209600 0
-209500 2
-209400 0
-209300 10
-209200 18
-209100 13
-209000 5
-208900 2
-208800 1
-208700 0
-208600 0
-208500 2
-208400 0
-208300 0
-208200 0
-208100 1
-208000 2
-207900 15
-207800 21
-207700 4
-207600 2
-207500 3
-207400 6
-207300 18
-207200 24
-207100 6
-207000 0
-206900 2
-206800 0
-206700 1
-206600 0
-206500 0
-206400 0
-206300 0
-206200 0
-206100 1
-206000 2
-205900 2
-205800 0
-205700 1
-205600 1
-205500 1
-205400 0
-205300 0
-205200 0
-205100 1
-205000 0
-204900 0
-204800 0
-204700 1
-204600 0
-204500 1
-204400 0
-204300 0
-204200 1
-204100 1
-204000 1
-203900 0
-203800 0
-203700 1
-203600 1
-203500 0
-203400 1
-203300 0
-203200 0
-203100 0
-203000 0
-202900 0
-202800 1
-202700 0
-202600 0
-202500 2
-202400 0
-202300 0
-202200 1
-202100 0
-202000 1
-201900 0
-201800 2
-201700 1
-201600 3
-201500 2
-201400 1
-201300 5
-201200 44
-201100 457
-201000 1944
-200900 2474
-200800 874
-200700 80
-200600 9
-200500 2
-200400 2
-200300 0
-200200 0
-200100 0
-200000 1
-199900 1
-199800 0
-199700 0
-199600 0
-199500 0
-199400 2
-199300 0
-199200 1
-199100 0
-199000 2
-198900 1
-198800 0
-198700 2
-198600 0
-198500 0
-198400 0
-198300 0
-198200 0
-198100 0
-198000 0
-197900 0
-197800 0
-197700 1
-197600 1
-197500 0
-197400 0
-197300 0
-197200 1
-197100 1
-197000 0
-196900 0
-196800 0
-196700 1
-196600 0
-196500 1
-196400 2
-196300 1
-196200 2
-196100 13
-196000 15
-195900 2
-195800 5
-195700 1
-195600 1
-195500 1
-195400 0
-195300 0
-195200 0
-195100 1
-195000 1
-194900 0
-194800 5
-194700 6
-194600 7
-194500 3
-194400 2
-194300 2
-194200 8
-194100 11
-194000 7
-193900 0
-193800 0
-193700 0
-193600 0
-193500 0
-193400 1
-193300 1
-193200 1
-193100 1
-193000 1
-192900 0
-192800 2
-192700 0
-192600 0
-192500 0
-192400 2
-192300 1
-192200 1
-192100 2
-192000 0
-191900 0
-191800 0
-191700 0
-191600 3
-191500 0
-191400 0
-191300 1
-191200 1
-191100 0
-191000 2
-190900 2
-190800 0
-190700 1
-190600 1
-190500 0
-190400 1
-190300 0
-190200 0
-190100 0
-190000 1
-189900 1
-189800 0
-189700 1
-189600 1
-189500 0
-189400 0
-189300 0
-189200 2
-189100 2
-189000 0
-188900 0
-188800 0
-188700 2
-188600 0
-188500 3
-188400 2
-188300 2
-188200 6
-188100 11
-188000 188
-187900 1260
-187800 2647
-187700 1521
-187600 247
-187500 17
-187400 2
-187300 2
-187200 1
-187100 0
-187000 1
-186900 1
-186800 0
-186700 0
-186600 1
-186500 0
-186400 0
-186300 0
-186200 2
-186100 0
-186000 0
-185900 0
-185800 1
-185700 0
-185600 1
-185500 0
-185400 1
-185300 1
-185200 0
-185100 1
-185000 0
-184900 1
-184800 0
-184700 0
-184600 0
-184500 1
-184400 2
-184300 1
-184200 0
-184100 0
-184000 0
-183900 1
-183800 0
-183700 1
-183600 0
-183500 1
-183400 1
-183300 1
-183200 0
-183100 6
-183000 6
-182900 19
-182800 9
-182700 3
-182600 1
-182500 2
-182400 0
-182300 1
-182200 0
-182100 0
-182000 1
-181900 0
-181800 0
-181700 3
-181600 10
-181500 5
-181400 9
-181300 2
-181200 2
-181100 5
-181000 8
-180900 10
-180800 1
-180700 1
-180600 0
-180500 1
-180400 1
-180300 0
-180200 0
-180100 0
-180000 2
-179900 0
-179800 0
-179700 0
-179600 1
-179500 0
-179400 0
-179300 2
-179200 1
-179100 1
-179000 0
-178900 1
-178800 1
-178700 0
-178600 0
-178500 0
-178400 3
-178300 1
-178200 0
-178100 0
-178000 0
-177900 0
-177800 1
-177700 1
-177600 1
-177500 1
-177400 0
-177300 1
-177200 0
-177100 0
-177000 0
-176900 0
-176800 1
-176700 0
-176600 2
-176500 0
-176400 0
-176300 1
-176200 0
-176100 3
-176000 0
-175900 1
-175800 0
-175700 0
-175600 2
-175500 0
-175400 0
-175300 1
-175200 3
-175100 2
-175000 8
-174900 57
-174800 639
-174700 2310
-174600 2279
-174500 611
-174400 51
-174300 4
-174200 4
-174100 2
-174000 0
-173900 0
-173800 0
-173700 2
-173600 1
-173500 0
-173400 0
-173300 0
-173200 0
-173100 1
-173000 1
-172900 1
-172800 1
-172700 1
-172600 3
-172500 0
-172400 0
-172300 2
-172200 1
-172100 1
-172000 0
-171900 0
-171800 0
-171700 1
-171600 1
-171500 0
-171400 0
-171300 0
-171200 2
-171100 0
-171000 0
-170900 1
-170800 0
-170700 1
-170600 1
-170500 3
-170400 0
-170300 0
-170200 0
-170100 0
-170000 2
-169900 4
-169800 14
-169700 16
-169600 6
-169500 2
-169400 0
-169300 0
-169200 0
-169100 0
-169000 0
-168900 0
-168800 0
-168700 0
-168600 4
-168500 7
-168400 6
-168300 9
-168200 4
-168100 0
-168000 1
-167900 3
-167800 10
-167700 12
-167600 3
-167500 3
-167400 0
-167300 0
-167200 0
-167100 0
-167000 1
-166900 0
-166800 1
-166700 0
-166600 2
-166500 0
-166400 0
-166300 0
-166200 1
-166100 1
-166000 0
-165900 0
-165800 1
-165700 0
-165600 0
-165500 0
-165400 0
-165300 1
-165200 0
-165100 0
-165000 1
-164900 1
-164800 1
-164700 1
-164600 0
-164500 0
-164400 0
-164300 0
-164200 1
-164100 0
-164000 0
-163900 0
-163800 0
-163700 1
-163600 0
-163500 2
-163400 0
-163300 0
-163200 1
-163100 5
-163000 3
-162900 2
-162800 1
-162700 1
-162600 3
-162500 0
-162400 0
-162300 0
-162200 0
-162100 2
-162000 3
-161900 1
-161800 24
-161700 339
-161600 1710
-161500 2607
-161400 1094
-161300 117
-161200 13
-161100 0
-161000 0
-160900 0
-160800 2
-160700 2
-160600 1
-160500 0
-160400 0
-160300 1
-160200 0
-160100 0
-160000 1
-159900 1
-159800 1
-159700 0
-159600 0
-159500 0
-159400 0
-159300 0
-159200 0
-159100 0
-159000 1
-158900 1
-158800 0
-158700 1
-158600 0
-158500 2
-158400 0
-158300 1
-158200 1
-158100 0
-158000 1
-157900 0
-157800 0
-157700 0
-157600 2
-157500 1
-157400 0
-157300 0
-157200 1
-157100 0
-157000 3
-156900 2
-156800 7
-156700 11
-156600 8
-156500 3
-156400 5
-156300 0
-156200 3
-156100 0
-156000 1
-155900 0
-155800 0
-155700 1
-155600 0
-155500 1
-155400 3
-155300 12
-155200 6
-155100 7
-155000 2
-154900 4
-154800 10
-154700 10
-154600 6
-154500 1
-154400 0
-154300 1
-154200 1
-154100 2
-154000 0
-153900 0
-153800 1
-153700 0
-153600 1
-153500 2
-153400 1
-153300 1
-153200 0
-153100 3
-153000 0
-152900 1
-152800 1
-152700 0
-152600 0
-152500 0
-152400 2
-152300 0
-152200 0
-152100 0
-152000 0
-151900 0
-151800 0
-151700 0
-151600 0
-151500 0
-151400 0
-151300 0
-151200 0
-151100 1
-151000 0
-150900 0
-150800 0
-150700 0
-150600 0
-150500 0
-150400 0
-150300 1
-150200 0
-150100 0
-150000 3
-149900 1
-149800 2
-149700 2
-149600 0
-149500 1
-149400 2
-149300 1
-149200 1
-149100 1
-149000 1
-148900 1
-148800 0
-148700 6
-148600 127
-148500 1159
-148400 2585
-148300 1650
-148200 310
-148100 22
-148000 7
-147900 2
-147800 0
-147700 0
-147600 0
-147500 1
-147400 1
-147300 2
-147200 0
-147100 0
-147000 0
-146900 2
-146800 0
-146700 0
-146600 1
-146500 1
-146400 0
-146300 2
-146200 1
-146100 2
-146000 0
-145900 1
-145800 0
-145700 0
-145600 1
-145500 2
-145400 0
-145300 2
-145200 0
-145100 1
-145000 1
-144900 0
-144800 0
-144700 0
-144600 0
-144500 0
-144400 1
-144300 1
-144200 0
-144100 0
-144000 1
-143900 1
-143800 1
-143700 3
-143600 9
-143500 17
-143400 9
-143300 2
-143200 0
-143100 1
-143000 0
-142900 0
-142800 0
-142700 2
-142600 0
-142500 1
-142400 0
-142300 1
-142200 9
-142100 11
-142000 12
-141900 5
-141800 3
-141700 2
-141600 11
-141500 8
-141400 4
-141300 0
-141200 2
-141100 0
-141000 1
-140900 0
-140800 0
-140700 0
-140600 1
-140500 0
-140400 2
-140300 2
-140200 0
-140100 0
-140000 1
-139900 1
-139800 2
-139700 0
-139600 2
-139500 0
-139400 0
-139300 1
-139200 0
-139100 0
-139000 0
-138900 0
-138800 1
-138700 2
-138600 1
-138500 0
-138400 0
-138300 0
-138200 0
-138100 0
-138000 0
-137900 2
-137800 0
-137700 0
-137600 1
-137500 0
-137400 0
-137300 0
-137200 0
-137100 1
-137000 4
-136900 0
-136800 0
-136700 3
-136600 0
-136500 0
-136400 1
-136300 1
-136200 0
-136100 2
-136000 1
-135900 1
-135800 3
-135700 3
-135600 2
-135500 46
-135400 563
-135300 2257
-135200 2373
-135100 654
-135000 42
-134900 2
-134800 0
-134700 3
-134600 1
-134500 1
-134400 1
-134300 2
-134200 1
-134100 0
-134000 3
-133900 0
-133800 1
-133700 0
-133600 0
-133500 1
-133400 1
-133300 0
-133200 0
-133100 0
-133000 0
-132900 0
-132800 0
-132700 0
-132600 0
-132500 1
-132400 0
-132300 0
-132200 1
-132100 0
-132000 2
-131900 1
-131800 0
-131700 0
-131600 1
-131500 0
-131400 1
-131300 1
-131200 1
-131100 0
-131000 0
-130900 0
-130800 1
-130700 0
-130600 3
-130500 5
-130400 12
-130300 20
-130200 4
-130100 0
-130000 0
-129900 0
-129800 0
-129700 1
-129600 0
-129500 1
-129400 1
-129300 1
-129200 1
-129100 2
-129000 6
-128900 5
-128800 3
-128700 1
-128600 3
-128500 11
-128400 11
-128300 6
-128200 1
-128100 1
-128000 0
-127900 0
-127800 0
-127700 0
-127600 0
-127500 2
-127400 0
-127300 0
-127200 1
-127100 2
-127000 1
-126900 2
-126800 1
-126700 1
-126600 1
-126500 0
-126400 0
-126300 0
-126200 0
-126100 0
-126000 0
-125900 1
-125800 1
-125700 1
-125600 1
-125500 0
-125400 0
-125300 0
-125200 2
-125100 0
-125000 0
-124900 1
-124800 0
-124700 0
-124600 0
-124500 0
-124400 2
-124300 1
-124200 0
-124100 0
-124000 0
-123900 1
-123800 0
-123700 2
-123600 2
-123500 2
-123400 0
-123300 2
-123200 0
-123100 0
-123000 2
-122900 0
-122800 0
-122700 0
-122600 4
-122500 6
-122400 24
-122300 265
-122200 1651
-122100 2685
-122000 1131
-121900 192
-121800 10
-121700 3
-121600 5
-121500 0
-121400 2
-121300 2
-121200 0
-121100 1
-121000 1
-120900 3
-120800 0
-120700 0
-120600 0
-120500 1
-120400 0
-120300 1
-120200 0
-120100 1
-120000 0
-119900 0
-119800 2
-119700 0
-119600 1
-119500 0
-119400 0
-119300 1
-119200 0
-119100 0
-119000 0
-118900 1
-118800 1
-118700 0
-118600 1
-118500 0
-118400 2
-118300 0
-118200 0
-118100 0
-118000 0
-117900 0
-117800 0
-117700 1
-117600 1
-117500 1
-117400 3
-117300 14
-117200 17
-117100 5
-117000 1
-116900 2
-116800 1
-116700 0
-116600 2
-116500 0
-116400 1
-116300 0
-116200 0
-116100 1
-116000 3
-115900 9
-115800 9
-115700 5
-115600 0
-115500 0
-115400 7
-115300 12
-115200 7
-115100 1
-115000 1
-114900 2
-114800 1
-114700 1
-114600 0
-114500 0
-114400 0
-114300 2
-114200 0
-114100 1
-114000 5
-113900 0
-113800 1
-113700 0
-113600 1
-113500 1
-113400 0
-113300 0
-113200 0
-113100 1
-113000 1
-112900 0
-112800 0
-112700 0
-112600 3
-112500 0
-112400 1
-112300 1
-112200 3
-112100 0
-112000 0
-111900 0
-111800 0
-111700 0
-111600 0
-111500 0
-111400 1
-111300 0
-111200 0
-111100 0
-111000 1
-110900 0
-110800 1
-110700 3
-110600 2
-110500 1
-110400 1
-110300 0
-110200 0
-110100 1
-110000 0
-109900 0
-109800 0
-109700 1
-109600 2
-109500 0
-109400 3
-109300 7
-109200 119
-109100 1020
-109000 2565
-108900 1761
-108800 335
-108700 27
-108600 1
-108500 3
-108400 1
-108300 0
-108200 0
-108100 2
-108000 0
-107900 0
-107800 1
-107700 0
-107600 1
-107500 0
-107400 1
-107300 0
-107200 0
-107100 0
-107000 0
-106900 0
-106800 3
-106700 1
-106600 1
-106500 1
-106400 1
-106300 0
-106200 1
-106100 0
-106000 0
-105900 0
-105800 0
-105700 0
-105600 0
-105500 0
-105400 1
-105300 1
-105200 0
-105100 0
-105000 0
-104900 0
-104800 0
-104700 3
-104600 1
-104500 2
-104400 2
-104300 0
-104200 10
-104100 15
-104000 6
-103900 2
-103800 0
-103700 1
-103600 0
-103500 1
-103400 0
-103300 0
-103200 0
-103100 0
-103000 1
-102900 1
-102800 8
-102700 8
-102600 5
-102500 1
-102400 0
-102300 10
-102200 8
-102100 12
-102000 2
-101900 1
-101800 2
-101700 1
-101600 0
-101500 0
-101400 0
-101300 2
-101200 0
-101100 1
-101000 1
-100900 2
-100800 1
-100700 1
-100600 1
-100500 2
-100400 0
-100300 0
-100200 0
-100100 1
-100000 0
-99900 0
-99800 0
-99700 0
-99600 0
-99500 0
-99400 1
-99300 0
-99200 0
-99100 1
-99000 3
-98900 0
-98800 0
-98700 0
-98600 0
-98500 1
-98400 0
-98300 1
-98200 0
-98100 0
-98000 0
-97900 0
-97800 0
-97700 0
-97600 1
-97500 1
-97400 2
-97300 1
-97200 1
-97100 1
-97000 0
-96900 1
-96800 0
-96700 1
-96600 0
-96500 1
-96400 2
-96300 1
-96200 6
-96100 42
-96000 453
-95900 2022
-95800 2518
-95700 818
-95600 94
-95500 2
-95400 4
-95300 2
-95200 2
-95100 5
-95000 1
-94900 0
-94800 0
-94700 2
-94600 1
-94500 0
-94400 0
-94300 0
-94200 0
-94100 1
-94000 0
-93900 0
-93800 0
-93700 1
-93600 0
-93500 0
-93400 0
-93300 0
-93200 0
-93100 0
-93000 0
-92900 0
-92800 2
-92700 1
-92600 1
-92500 1
-92400 0
-92300 0
-92200 0
-92100 0
-92000 0
-91900 0
-91800 0
-91700 2
-91600 0
-91500 0
-91400 0
-91300 1
-91200 1
-91100 2
-91000 12
-90900 14
-90800 4
-90700 4
-90600 2
-90500 1
-90400 0
-90300 1
-90200 1
-90100 0
-90000 0
-89900 0
-89800 1
-89700 6
-89600 13
-89500 12
-89400 7
-89300 1
-89200 4
-89100 6
-89000 11
-88900 8
-88800 0
-88700 2
-88600 2
-88500 0
-88400 1
-88300 0
-88200 0
-88100 0
-88000 1
-87900 1
-87800 0
-87700 0
-87600 0
-87500 0
-87400 1
-87300 1
-87200 0
-87100 1
-87000 2
-86900 0
-86800 0
-86700 0
-86600 0
-86500 0
-86400 0
-86300 3
-86200 0
-86100 1
-86000 1
-85900 0
-85800 1
-85700 2
-85600 0
-85500 1
-85400 0
-85300 0
-85200 1
-85100 0
-85000 1
-84900 3
-84800 0
-84700 0
-84600 1
-84500 0
-84400 0
-84300 0
-84200 1
-84100 1
-84000 0
-83900 0
-83800 2
-83700 0
-83600 0
-83500 0
-83400 0
-83300 1
-83200 4
-83100 0
-83000 9
-82900 127
-82800 1245
-82700 2707
-82600 1638
-82500 242
-82400 12
-82300 2
-82200 4
-82100 1
-82000 1
-81900 0
-81800 0
-81700 0
-81600 1
-81500 0
-81400 0
-81300 3
-81200 1
-81100 1
-81000 0
-80900 1
-80800 0
-80700 1
-80600 0
-80500 0
-80400 1
-80300 0
-80200 0
-80100 1
-80000 0
-79900 0
-79800 0
-79700 1
-79600 0
-79500 0
-79400 0
-79300 0
-79200 0
-79100 0
-79000 1
-78900 0
-78800 1
-78700 1
-78600 0
-78500 0
-78400 0
-78300 1
-78200 1
-78100 2
-78000 1
-77900 8
-77800 21
-77700 9
-77600 4
-77500 2
-77400 2
-77300 1
-77200 1
-77100 0
-77000 0
-76900 0
-76800 0
-76700 1
-76600 4
-76500 7
-76400 11
-76300 4
-76200 2
-76100 1
-76000 7
-75900 8
-75800 5
-75700 6
-75600 1
-75500 0
-75400 0
-75300 0
-75200 0
-75100 1
-75000 0
-74900 0
-74800 1
-74700 2
-74600 1
-74500 1
-74400 0
-74300 0
-74200 1
-74100 0
-74000 1
-73900 0
-73800 0
-73700 0
-73600 0
-73500 1
-73400 1
-73300 0
-73200 1
-73100 1
-73000 1
-72900 2
-72800 0
-72700 0
-72600 0
-72500 1
-72400 0
-72300 0
-72200 0
-72100 1
-72000 0
-71900 0
-71800 2
-71700 0
-71600 0
-71500 0
-71400 1
-71300 0
-71200 0
-71100 1
-71000 3
-70900 2
-70800 1
-70700 2
-70600 0
-70500 1
-70400 0
-70300 2
-70200 2
-70100 1
-70000 3
-69900 8
-69800 121
-69700 1074
-69600 2621
-69500 1683
-69400 307
-69300 23
-69200 1
-69100 3
-69000 2
-68900 1
-68800 0
-68700 0
-68600 0
-68500 0
-68400 0
-68300 0
-68200 1
-68100 1
-68000 1
-67900 1
-67800 0
-67700 0
-67600 1
-67500 1
-67400 1
-67300 1
-67200 0
-67100 0
-67000 1
-66900 1
-66800 0
-66700 0
-66600 1
-66500 0
-66400 0
-66300 1
-66200 0
-66100 0
-66000 1
-65900 3
-65800 0
-65700 2
-65600 1
-65500 0
-65400 0
-65300 0
-65200 1
-65100 1
-65000 2
-64900 0
-64800 13
-64700 18
-64600 4
-64500 2
-64400 1
-64300 1
-64200 0
-64100 0
-64000 0
-63900 0
-63800 0
-63700 1
-63600 2
-63500 3
-63400 4
-63300 4
-63200 5
-63100 3
-63000 1
-62900 5
-62800 6
-62700 14
-62600 3
-62500 1
-62400 2
-62300 0
-62200 1
-62100 0
-62000 0
-61900 0
-61800 0
-61700 1
-61600 2
-61500 0
-61400 2
-61300 1
-61200 0
-61100 0
-61000 0
-60900 2
-60800 1
-60700 1
-60600 0
-60500 1
-60400 0
-60300 0
-60200 2
-60100 1
-60000 0
-59900 0
-59800 0
-59700 0
-59600 0
-59500 0
-59400 1
-59300 0
-59200 1
-59100 1
-59000 1
-58900 0
-58800 0
-58700 0
-58600 0
-58500 0
-58400 0
-58300 1
-58200 1
-58100 0
-58000 1
-57900 1
-57800 2
-57700 0
-57600 1
-57500 0
-57400 1
-57300 1
-57200 0
-57100 1
-57000 2
-56900 3
-56800 6
-56700 74
-56600 730
-56500 2529
-56400 2230
-56300 507
-56200 40
-56100 1
-56000 2
-55900 2
-55800 0
-55700 0
-55600 0
-55500 0
-55400 0
-55300 0
-55200 0
-55100 0
-55000 3
-54900 2
-54800 0
-54700 0
-54600 0
-54500 0
-54400 0
-54300 1
-54200 0
-54100 0
-54000 2
-53900 0
-53800 0
-53700 0
-53600 0
-53500 1
-53400 1
-53300 0
-53200 0
-53100 0
-53000 0
-52900 0
-52800 2
-52700 1
-52600 0
-52500 0
-52400 1
-52300 0
-52200 1
-52100 0
-52000 1
-51900 1
-51800 2
-51700 5
-51600 15
-51500 10
-51400 3
-51300 1
-51200 0
-51100 2
-51000 0
-50900 0
-50800 2
-50700 2
-50600 1
-50500 0
-50400 1
-50300 2
-50200 10
-50100 12
-50000 6
-49900 0
-49800 2
-49700 7
-49600 11
-49500 8
-49400 5
-49300 1
-49200 2
-49100 1
-49000 0
-48900 0
-48800 0
-48700 0
-48600 1
-48500 0
-48400 0
-48300 2
-48200 0
-48100 0
-48000 0
-47900 0
-47800 0
-47700 2
-47600 0
-47500 1
-47400 0
-47300 0
-47200 0
-47100 0
-47000 0
-46900 0
-46800 0
-46700 0
-46600 2
-46500 0
-46400 2
-46300 0
-46200 0
-46100 0
-46000 1
-45900 0
-45800 1
-45700 1
-45600 0
-45500 0
-45400 0
-45300 1
-45200 1
-45100 1
-45000 0
-44900 1
-44800 0
-44700 2
-44600 0
-44500 1
-44400 1
-44300 0
-44200 1
-44100 0
-44000 0
-43900 0
-43800 1
-43700 1
-43600 12
-43500 173
-43400 1367
-43300 2723
-43200 1438
-43100 205
-43000 10
-42900 1
-42800 3
-42700 2
-42600 1
-42500 1
-42400 0
-42300 1
-42200 0
-42100 0
-42000 1
-41900 1
-41800 0
-41700 0
-41600 0
-41500 0
-41400 0
-41300 0
-41200 0
-41100 0
-41000 1
-40900 1
-40800 0
-40700 1
-40600 1
-40500 0
-40400 1
-40300 0
-40200 0
-40100 1
-40000 0
-39900 0
-39800 0
-39700 1
-39600 1
-39500 1
-39400 0
-39300 2
-39200 0
-39100 0
-39000 0
-38900 0
-38800 1
-38700 1
-38600 1
-38500 9
-38400 15
-38300 11
-38200 3
-38100 1
-38000 1
-37900 0
-37800 0
-37700 0
-37600 1
-37500 1
-37400 0
-37300 1
-37200 1
-37100 4
-37000 8
-36900 4
-36800 3
-36700 4
-36600 1
-36500 7
-36400 7
-36300 5
-36200 0
-36100 0
-36000 2
-35900 0
-35800 1
-35700 0
-35600 0
-35500 5
-35400 1
-35300 2
-35200 1
-35100 0
-35000 1
-34900 1
-34800 0
-34700 2
-34600 0
-34500 0
-34400 1
-34300 0
-34200 0
-34100 0
-34000 2
-33900 0
-33800 1
-33700 0
-33600 1
-33500 0
-33400 0
-33300 0
-33200 0
-33100 1
-33000 0
-32900 1
-32800 1
-32700 1
-32600 1
-32500 1
-32400 1
-32300 1
-32200 2
-32100 2
-32000 0
-31900 0
-31800 2
-31700 1
-31600 1
-31500 0
-31400 0
-31300 1
-31200 1
-31100 0
-31000 0
-30900 1
-30800 0
-30700 2
-30600 3
-30500 5
-30400 53
-30300 642
-30200 2442
-30100 2189
-30000 558
-29900 41
-29800 2
-29700 3
-29600 2
-29500 1
-29400 0
-29300 0
-29200 1
-29100 0
-29000 0
-28900 0
-28800 2
-28700 2
-28600 0
-28500 1
-28400 1
-28300 1
-28200 0
-28100 0
-28000 2
-27900 1
-27800 0
-27700 0
-27600 2
-27500 0
-27400 0
-27300 1
-27200 0
-27100 0
-27000 3
-26900 0
-26800 0
-26700 1
-26600 3
-26500 1
-26400 0
-26300 1
-26200 1
-26100 2
-26000 1
-25900 0
-25800 1
-25700 2
-25600 1
-25500 1
-25400 9
-25300 15
-25200 11
-25100 8
-25000 0
-24900 2
-24800 0
-24700 0
-24600 0
-24500 0
-24400 0
-24300 3
-24200 0
-24100 2
-24000 8
-23900 11
-23800 4
-23700 2
-23600 1
-23500 7
-23400 5
-23300 16
-23200 7
-23100 0
-23000 0
-22900 0
-22800 0
-22700 0
-22600 2
-22500 0
-22400 1
-22300 2
-22200 0
-22100 0
-22000 0
-21900 1
-21800 0
-21700 0
-21600 2
-21500 0
-21400 0
-21300 0
-21200 1
-21100 0
-21000 1
-20900 2
-20800 0
-20700 0
-20600 0
-20500 0
-20400 0
-20300 0
-20200 2
-20100 0
-20000 0
-19900 1
-19800 0
-19700 1
-19600 0
-19500 0
-19400 0
-19300 0
-19200 2
-19100 0
-19000 0
-18900 0
-18800 2
-18700 1
-18600 2
-18500 1
-18400 2
-18300 1
-18200 0
-18100 2
-18000 1
-17900 1
-17800 2
-17700 1
-17600 1
-17500 1
-17400 9
-17300 135
-17200 1004
-17100 2530
-17000 1819
-16900 399
-16800 22
-16700 5
-16600 2
-16500 1
-16400 0
-16300 1
-16200 1
-16100 0
-16000 0
-15900 1
-15800 0
-15700 0
-15600 0
-15500 0
-15400 0
-15300 1
-15200 0
-15100 0
-15000 2
-14900 0
-14800 0
-14700 1
-14600 0
-14500 2
-14400 1
-14300 1
-14200 1
-14100 0
-14000 0
-13900 2
-13800 0
-13700 1
-13600 0
-13500 0
-13400 0
-13300 0
-13200 1
-13100 2
-13000 1
-12900 0
-12800 0
-12700 1
-12600 1
-12500 3
-12400 2
-12300 5
-12200 18
-12100 12
-12000 0
-11900 3
-11800 0
-11700 3
-11600 1
-11500 0
-11400 0
-11300 0
-11200 0
-11100 1
-11000 1
-10900 6
-10800 8
-10700 9
-10600 1
-10500 1
-10400 1
-10300 5
-10200 9
-10100 8
-10000 2
-9900 4
-9800 0
-9700 1
-9600 0
-9500 1
-9400 0
-9300 0
-9200 2
-9100 2
-9000 0
-8900 2
-8800 1
-8700 1
-8600 1
-8500 1
-8400 1
-8300 0
-8200 0
-8100 1
-8000 1
-7900 1
-7800 0
-7700 0
-7600 0
-7500 0
-7400 0
-7300 0
-7200 0
-7100 2
-7000 1
-6900 0
-6800 0
-6700 1
-6600 0
-6500 2
-6400 1
-6300 0
-6200 2
-6100 0
-6000 0
-5900 0
-5800 0
-5700 1
-5600 0
-5500 0
-5400 1
-5300 2
-5200 2
-5100 0
-5000 1
-4900 0
-4800 1
-4700 1
-4600 1
-4500 2
-4400 2
-4300 4
-4200 20
-4100 231
-4000 1467
-3900 2605
-3800 1272
-3700 150
-3600 8
-3500 3
-3400 3
-3300 3
-3200 1
-3100 0
-3000 0
-2900 1
-2800 3
-2700 0
-2600 1
-2500 0
-2400 0
-2300 0
-2200 1
-2100 1
-2000 0
-1900 1
-1800 0
-1700 0
-1600 1
-1500 0
-1400 1
-1300 0
-1200 0
-1100 0
-1000 1
-900 0
-800 1
-700 0
-600 0
-500 2
-400 0
-300 1
-200 1
-100 0
0 1
100 0
200 0
300 0
400 1
500 1
600 0
700 4
800 2
900 10
1000 14
1100 15
1200 3
1300 2
1400 0
1500 0
1600 0
1700 0
1800 3
1900 1
2000 1
2100 2
2200 7
2300 7
2400 6
2500 8
2600 2
2700 2
2800 4
2900 11
3000 13
3100 7
3200 1
3300 1
3400 1
3500 1
3600 2
3700 0
3800 1
3900 1
4000 0
4100 0
4200 1
4300 0
4400 1
4500 1
4600 0
4700 0
4800 0
4900 0
5000 1
5100 0
5200 1
5300 0
5400 3
5500 0
5600 0
5700 0
5800 1
5900 3
6000 0
6100 1
6200 0
6300 2
6400 0
6500 1
6600 0
6700 1
6800 0
6900 2
7000 1
7100 0
7200 1
7300 1
7400 1
7500 2
7600 0
7700 0
7800 1
7900 0
8000 0
8100 1
8200 1
8300 0
8400 0
8500 2
8600 4
8700 3
8800 6
8900 12
9000 103
9100 1348
9200 5625
9300 6865
9400 2219
9500 202
9600 11
9700 5
9800 4
9900 3
10000 0
10100 0
10200 2
10300 0
10400 2
10500 0
10600 0
10700 0
10800 1
10900 0
11000 0
11100 0
11200 2
11300 0
11400 0
11500 1
11600 1
11700 0
11800 1
11900 0
12000 0
12100 0
12200 0
12300 0
12400 1
12500 0
12600 1
12700 1
12800 0
12900 1
13000 0
13100 0
13200 0
13300 0
13400 0
13500 2
13600 2
13700 0
13800 1
13900 0
14000 3
14100 23
14200 16
14300 8
14400 1
14500 1
14600 1
14700 0
14800 0
14900 0
15000 0
15100 0
15200 1
15300 0
15400 6
15500 9
15600 8
15700 3
15800 2
15900 1
16000 6
16100 8
16200 10
16300 2
16400 0
16500 0
16600 0
16700 1
16800 1
16900 0
17000 0
17100 2
17200 1
17300 1
17400 0
17500 1
17600 0
17700 1
17800 0
17900 3
18000 0
18100 0
18200 0
18300 0
18400 1
18500 0
18600 2
18700 1
18800 0
18900 0
19000 0
19100 1
19200 1
19300 0
19400 0
19500 1
19600 1
19700 0
19800 1
19900 0
20000 0
20100 0
20200 1
20300 0
20400 2
20500 0
20600 1
20700 1
20800 1
20900 2
21000 0
21100 2
21200 0
21300 1
21400 3
21500 1
21600 1
21700 0
21800 0
21900 2
22000 3
22100 6
22200 190
22300 1273
22400 2662
22500 1485
22600 216
22700 17
22800 10
22900 0
23000 2
23100 1
23200 1
23300 0
23400 2
23500 2
23600 1
23700 0
23800 0
23900 1
24000 0
24100 1
24200 0
24300 0
24400 1
24500 0
24600 2
24700 1
24800 1
24900 0
25000 0
25100 0
25200 0
25300 0
25400 1
25500 1
25600 0
25700 0
25800 1
25900 2
26000 1
26100 1
26200 0
26300 0
26400 1
26500 1
26600 0
26700 1
26800 0
26900 1
27000 1
27100 5
27200 18
27300 20
27400 4
27500 1
27600 0
27700 0
27800 1
27900 1
28000 0
28100 0
28200 1
28300 1
28400 0
28500 4
28600 5
28700 4
28800 4
28900 0
29000 2
29100 6
29200 11
29300 13
29400 3
29500 1
29600 1
29700 1
29800 0
29900 0
30000 1
30100 0
30200 0
30300 0
30400 0
30500 1
30600 1
30700 4
30800 1
30900 2
31000 3
31100 1
31200 0
31300 0
31400 0
31500 2
31600 0
31700 0
31800 0
31900 1
32000 0
32100 2
32200 1
32300 1
32400 0
32500 0
32600 0
32700 2
32800 0
32900 0
33000 0
33100 1
33200 0
33300 2
33400 2
33500 0
33600 0
33700 0
33800 0
33900 1
34000 3
34100 4
34200 1
34300 1
34400 0
34500 0
34600 0
34700 1
34800 2
34900 5
35000 2
35100 6
35200 15
35300 264
35400 1640
35500 2683
35600 1213
35700 163
35800 9
35900 3
36000 2
36100 3
36200 1
36300 0
36400 1
36500 0
36600 1
36700 1
36800 2
36900 0
37000 1
37100 0
37200 1
37300 0
37400 0
37500 0
37600 0
37700 1
37800 1
37900 0
38000 0
38100 0
38200 0
38300 1
38400 0
38500 0
38600 1
38700 0
38800 0
38900 1
39000 0
39100 0
39200 0
39300 0
39400 0
39500 2
39600 3
39700 1
39800 0
39900 1
40000 3
40100 3
40200 2
40300 14
40400 15
40500 4
40600 0
40700 0
40800 3
40900 1
41000 0
41100 1
41200 0
41300 0
41400 1
41500 0
41600 1
41700 7
41800 7
41900 5
42000 2
42100 0
42200 6
42300 7
42400 13
42500 3
42600 1
42700 0
42800 0
42900 0
43000 3
43100 0
43200 0
43300 0
43400 1
43500 4
43600 2
43700 0
43800 1
43900 2
44000 4
44100 3
44200 0
44300 1
44400 0
44500 1
44600 3
44700 0
44800 1
44900 0
45000 0
45100 2
45200 0
45300 1
45400 3
45500 0
45600 0
45700 0
45800 0
45900 0
46000 1
46100 0
46200 0
46300 1
46400 0
46500 2
46600 1
46700 2
46800 1
46900 0
47000 1
47100 1
47200 1
47300 0
47400 1
47500 0
47600 1
47700 0
47800 1
47900 3
48000 1
48100 1
48200 2
48300 3
48400 59
48500 720
48600 2389
48700 2197
48800 527
48900 41
49000 11
49100 7
49200 8
49300 2
49400 1
49500 0
49600 2
49700 0
49800 0
49900 0
50000 1
50100 1
50200 4
50300 1
50400 1
50500 1
50600 0
50700 0
50800 0
50900 0
51000 0
51100 1
51200 2
51300 2
51400 1
51500 0
51600 0
51700 2
51800 1
51900 1
52000 1
52100 0
52200 0
52300 0
52400 1
52500 0
52600 2
52700 1
52800 0
52900 1
53000 0
53100 1
53200 1
53300 0
53400 20
53500 56
53600 39
53700 12
53800 5
53900 1
54000 0
54100 1
54200 1
54300 0
54400 0
54500 1
54600 0
54700 2
54800 1
54900 5
55000 6
55100 5
55200 0
55300 3
55400 10
55500 3
55600 5
55700 4
55800 2
55900 0
56000 1
56100 0
56200 0
56300 1
56400 0
56500 0
56600 1
56700 2
56800 1
56900 0
57000 0
57100 2
57200 1
57300 1
57400 0
57500 0
57600 2
57700 0
57800 0
57900 0
58000 0
58100 0
58200 2
58300 0
58400 0
58500 0
58600 1
58700 0
58800 0
58900 0
59000 0
59100 0
59200 1
59300 1
59400 0
59500 2
59600 1
59700 1
59800 3
59900 0
60000 0
60100 2
60200 0
60300 2
60400 1
60500 0
60600 0
60700 1
60800 1
60900 0
61000 0
61100 0
61200 2
61300 2
61400 5
61500 11
61600 264
61700 1515
61800 2737
61900 1243
62000 156
62100 16
62200 5
62300 1
62400 2
62500 1
62600 0
62700 1
62800 1
62900 0
63000 0
63100 0
63200 1
63300 3
63400 0
63500 0
63600 0
63700 0
63800 0
63900 1
64000 1
64100 0
64200 2
64300 0
64400 0
64500 1
64600 2
64700 0
64800 1
64900 0
65000 0
65100 0
65200 0
65300 1
65400 0
65500 1
65600 1
65700 1
65800 2
65900 0
66000 0
66100 2
66200 1
66300 0
66400 1
66500 3
66600 13
66700 20
66800 6
66900 4
67000 2
67100 0
67200 0
67300 0
67400 0
67500 1
67600 0
67700 2
67800 0
67900 3
68000 12
68100 15
68200 6
68300 1
68400 3
68500 10
68600 12
68700 7
68800 3
68900 0
69000 1
69100 0
69200 1
69300 0
69400 0
69500 0
69600 1
69700 1
69800 1
69900 2
70000 0
70100 0
70200 0
70300 1
70400 2
70500 1
70600 0
70700 0
70800 1
70900 0
71000 1
71100 0
71200 1
71300 0
71400 2
71500 0
71600 1
71700 1
71800 0
71900 0
72000 0
72100 1
72200 0
72300 0
72400 0
72500 0
72600 0
72700 2
72800 0
72900 0
73000 0
73100 0
73200 0
73300 0
73400 1
73500 3
73600 0
73700 2
73800 0
73900 0
74000 1
74100 0
74200 1
74300 1
74400 1
74500 3
74600 13
74700 167
74800 1251
74900 2720
75000 1508
75100 219
75200 17
75300 2
75400 2
75500 2
75600 4
75700 1
75800 0
75900 0
76000 0
76100 0
76200 0
76300 0
76400 0
76500 2
76600 1
76700 2
76800 0
76900 1
77000 0
77100 1
77200 1
77300 1
77400 0
77500 3
77600 0
77700 0
77800 1
77900 1
78000 0
78100 0
78200 0
78300 1
78400 0
78500 0
78600 1
78700 1
78800 0
78900 2
79000 1
79100 0
79200 0
79300 0
79400 0
79500 3
79600 1
79700 12
79800 20
79900 11
80000 5
80100 1
80200 1
80300 0
80400 1
80500 0
80600 0
80700 0
80800 2
80900 2
81000 1
81100 3
81200 10
81300 2
81400 2
81500 2
81600 6
81700 5
81800 11
81900 5
82000 1
82100 0
82200 0
82300 3
82400 1
82500 0
82600 1
82700 1
82800 1
82900 2
83000 0
83100 0
83200 0
83300 0
83400 1
83500 2
83600 2
83700 0
83800 0
83900 0
84000 1
84100 0
84200 1
84300 0
84400 0
84500 0
84600 2
84700 1
84800 0
84900 1
85000 0
85100 0
85200 1
85300 1
85400 0
85500 1
85600 0
85700 1
85800 1
85900 1
86000 2
86100 0
86200 0
86300 1
86400 0
86500 2
86600 4
86700 1
86800 1
86900 1
87000 1
87100 0
87200 0
87300 0
87400 1
87500 0
87600 3
87700 5
87800 69
87900 831
88000 2485
88100 1977
88200 403
88300 38
88400 4
88500 3
88600 1
88700 0
88800 1
88900 2
89000 0
89100 2
89200 0
89300 3
89400 0
89500 2
89600 1
89700 0
89800 0
89900 0
90000 0
90100 0
90200 0
90300 0
90400 0
90500 0
90600 0
90700 0
90800 0
90900 1
91000 1
91100 0
91200 0
91300 1
91400 1
91500 1
91600 0
91700 2
91800 0
91900 0
92000 0
92100 2
92200 0
92300 0
92400 1
92500 0
92600 2
92700 1
92800 3
92900 22
93000 9
93100 0
93200 1
93300 1
93400 2
93500 0
93600 0
93700 0
93800 2
93900 2
94000 0
94100 1
94200 5
94300 9
94400 7
94500 1
94600 3
94700 0
94800 6
94900 6
95000 16
95100 3
95200 1
95300 0
95400 0
95500 1
95600 0
95700 0
95800 2
95900 0
96000 2
96100 0
96200 0
96300 0
96400 0
96500 0
96600 0
96700 1
96800 1
96900 0
97000 0
97100 0
97200 0
97300 0
97400 1
97500 0
97600 0
97700 1
97800 2
97900 0
98000 0
98100 0
98200 1
98300 0
98400 0
98500 0
98600 0
98700 2
98800 0
98900 2
99000 1
99100 1
99200 1
99300 0
99400 0
99500 0
99600 2
99700 1
99800 2
99900 1
100000 0
100100 0
100200 0
100300 0
100400 1
100500 0
100600 1
100700 3
100800 2
100900 15
101000 281
101100 1601
101200 2666
101300 1084
101400 151
101500 9
101600 0
101700 6
101800 4
101900 0
102000 1
102100 2
102200 1
102300 2
102400 0
102500 1
102600 1
102700 2
102800 1
102900 2
103000 0
103100 1
103200 1
103300 2
103400 1
103500 0
103600 0
103700 0
103800 0
103900 1
104000 0
104100 2
104200 0
104300 0
104400 0
104500 1
104600 2
104700 1
104800 0
104900 1
105000 0
105100 0
105200 1
105300 0
105400 0
105500 2
105600 0
105700 1
105800 3
105900 2
106000 12
106100 19
106200 6
106300 1
106400 1
106500 1
106600 2
106700 0
106800 1
106900 1
107000 0
107100 0
107200 1
107300 0
107400 11
107500 7
107600 3
107700 2
107800 1
107900 8
108000 7
108100 12
108200 1
108300 1
108400 0
108500 3
108600 0
108700 0
108800 0
108900 1
109000 1
109100 0
109200 1
109300 0
109400 0
109500 0
109600 0
109700 1
109800 1
109900 2
110000 1
110100 1
110200 0
110300 0
110400 0
110500 0
110600 0
110700 0
110800 1
110900 0
111000 1
111100 0
111200 0
111300 0
111400 1
111500 0
111600 0
111700 0
111800 1
111900 0
112000 2
112100 0
112200 1
112300 1
112400 0
112500 0
112600 1
112700 1
112800 1
112900 0
113000 1
113100 0
113200 0
113300 0
113400 2
113500 0
113600 0
113700 0
113800 5
113900 3
114000 11
114100 107
114200 1065
114300 2584
114400 1799
114500 308
114600 16
114700 5
114800 2
114900 1
115000 0
115100 0
115200 0
115300 0
115400 0
115500 0
115600 0
115700 1
115800 2
115900 1
116000 0
116100 0
116200 0
116300 0
116400 1
116500 0
116600 2
116700 0
116800 4
116900 0
117000 2
117100 0
117200 0
117300 0
117400 0
117500 0
117600 0
117700 0
117800 1
117900 1
118000 0
118100 0
118200 0
118300 0
118400 0
118500 0
118600 1
118700 0
118800 0
118900 1
119000 4
119100 4
119200 22
119300 8
119400 3
119500 1
119600 1
119700 1
119800 0
119900 0
120000 0
120100 1
120200 0
120300 0
120400 0
120500 8
120600 9
120700 9
120800 1
120900 1
121000 4
121100 10
121200 7
121300 5
121400 0
121500 0
121600 3
121700 0
121800 0
121900 1
122000 0
122100 1
122200 1
122300 3
122400 1
122500 0
122600 1
122700 1
122800 0
122900 2
123000 0
123100 0
123200 0
123300 2
123400 0
123500 0
123600 2
123700 0
123800 1
123900 0
124000 0
124100 1
124200 0
124300 0
124400 0
124500 2
124600 0
124700 0
124800 1
124900 1
125000 0
125100 0
125200 1
125300 0
125400 1
125500 1
125600 1
125700 1
125800 0
125900 0
126000 2
126100 0
126200 0
126300 0
126400 0
126500 0
126600 1
126700 0
126800 0
126900 2
127000 2
127100 3
127200 43
127300 622
127400 2343
127500 2362
127600 595
127700 53
127800 2
127900 3
128000 4
128100 3
128200 0
128300 0
128400 0
128500 2
128600 0
128700 1
128800 0
128900 1
129000 0
129100 1
129200 0
129300 0
129400 0
129500 2
129600 0
129700 0
129800 0
129900 1
130000 1
130100 1
130200 0
130300 0
130400 0
130500 0
130600 1
130700 0
130800 0
130900 2
131000 0
131100 0
131200 0
131300 2
131400 0
131500 0
131600 0
131700 1
131800 0
131900 1
132000 2
132100 2
132200 5
132300 13
132400 15
132500 6
132600 1
132700 0
132800 1
132900 0
133000 1
133100 1
133200 2
133300 1
133400 0
133500 0
133600 3
133700 8
133800 5
133900 1
134000 4
134100 2
134200 10
134300 7
134400 11
134500 6
134600 0
134700 1
134800 1
134900 1
135000 1
135100 0
135200 0
135300 0
135400 2
135500 0
135600 0
135700 0
135800 0
135900 0
136000 1
136100 0
136200 0
136300 0
136400 1
136500 1
136600 1
136700 0
136800 1
136900 0
137000 0
137100 0
137200 0
137300 0
137400 0
137500 0
137600 2
137700 0
137800 0
137900 0
138000 0
138100 0
138200 0
138300 0
138400 2
138500 1
138600 0
138700 0
138800 0
138900 0
139000 1
139100 0
139200 3
139300 0
139400 0
139500 1
139600 0
139700 0
139800 0
139900 0
140000 2
140100 2
140200 1
140300 27
140400 281
140500 1617
140600 2646
140700 1124
140800 141
140900 10
141000 2
141100 1
141200 0
141300 1
141400 0
141500 1
141600 0
141700 0
141800 0
141900 1
142000 0
142100 0
142200 1
142300 0
142400 0
142500 0
142600 0
142700 0
142800 0
142900 0
143000 0
143100 1
143200 0
143300 0
143400 0
143500 0
143600 0
143700 0
143800 0
143900 0
144000 1
144100 0
144200 0
144300 0
144400 0
144500 1
144600 0
144700 0
144800 1
144900 0
145000 2
145100 3
145200 0
145300 6
145400 13
145500 11
145600 6
145700 2
145800 0
145900 0
146000 0
146100 0
146200 0
146300 1
146400 2
146500 2
146600 1
146700 1
146800 3
146900 5
147000 3
147100 4
147200 5
147300 5
147400 6
147500 11
147600 1
147700 2
147800 0
147900 1
148000 1
148100 0
148200 0
148300 0
148400 0
148500 0
148600 1
148700 0
148800 2
148900 1
149000 0
149100 1
149200 1
149300 0
149400 0
149500 0
149600 1
149700 0
149800 0
149900 0
150000 0
150100 1
150200 0
150300 0
150400 1
150500 0
150600 1
150700 0
150800 0
150900 0
151000 0
151100 0
151200 0
151300 1
151400 0
151500 1
151600 1
151700 1
151800 1
151900 1
152000 2
152100 0
152200 1
152300 1
152400 2
152500 0
152600 0
152700 1
152800 1
152900 1
153000 0
153100 2
153200 2
153300 4
153400 8
153500 102
153600 981
153700 2559
153800 1856
153900 384
154000 37
154100 5
154200 3
154300 2
154400 1
154500 0
154600 0
154700 0
154800 1
154900 0
155000 1
155100 1
155200 1
155300 0
155400 0
155500 1
155600 1
155700 1
155800 1
155900 1
156000 1
156100 0
156200 0
156300 3
156400 0
156500 0
156600 0
156700 0
156800 0
156900 1
157000 0
157100 2
157200 0
157300 0
157400 1
157500 1
157600 0
157700 1
157800 0
157900 0
158000 1
158100 1
158200 0
158300 0
158400 1
158500 6
158600 19
158700 7
158800 2
158900 1
159000 1
159100 2
159200 0
159300 0
159400 2
159500 0
159600 0
159700 2
159800 1
159900 9
160000 12
160100 4
160200 2
160300 1
160400 9
160500 8
160600 8
160700 7
160800 2
160900 1
161000 1
161100 0
161200 1
161300 0
161400 0
161500 0
161600 1
161700 1
161800 1
161900 0
162000 2
162100 2
162200 1
162300 2
162400 1
162500 1
162600 0
162700 0
162800 0
162900 0
163000 1
163100 0
163200 0
163300 0
163400 0
163500 0
163600 1
163700 0
163800 2
163900 0
164000 0
164100 0
164200 1
164300 0
164400 2
164500 0
164600 1
164700 0
164800 0
164900 0
165000 2
165100 3
165200 1
165300 3
165400 0
165500 1
165600 1
165700 0
165800 0
165900 0
166000 0
166100 0
166200 0
166300 1
166400 1
166500 8
166600 46
166700 546
166800 2123
166900 2375
167000 752
167100 63
167200 5
167300 0
167400 0
167500 3
167600 0
167700 2
167800 0
167900 1
168000 0
168100 0
168200 1
168300 1
168400 2
168500 0
168600 0
168700 0
168800 0
168900 0
169000 0
169100 1
169200 1
169300 0
169400 0
169500 0
169600 1
169700 1
169800 0
169900 0
170000 0
170100 0
170200 0
170300 0
170400 0
170500 0
170600 0
170700 0
170800 0
170900 0
171000 0
171100 0
171200 1
171300 1
171400 3
171500 3
171600 1
171700 12
171800 10
171900 2
172000 2
172100 0
172200 1
172300 1
172400 1
172500 1
172600 0
172700 1
172800 0
172900 2
173000 3
173100 9
173200 11
173300 5
173400 2
173500 4
173600 11
173700 14
173800 13
173900 3
174000 3
174100 0
174200 1
174300 1
174400 0
174500 1
174600 0
174700 0
174800 3
174900 0
175000 0
175100 0
175200 1
175300 2
175400 0
175500 2
175600 0
175700 0
175800 0
175900 1
176000 0
176100 1
176200 1
176300 2
176400 1
176500 1
176600 0
176700 1
176800 0
176900 1
177000 1
177100 0
177200 0
177300 0
177400 0
177500 1
177600 0
177700 0
177800 0
177900 0
178000 0
178100 0
178200 0
178300 2
178400 1
178500 0
178600 1
178700 0
178800 0
178900 0
179000 0
179100 2
179200 0
179300 0
179400 4
179500 4
179600 2
179700 20
179800 249
179900 1501
180000 2636
180100 1255
180200 194
180300 15
180400 5
180500 2
180600 4
180700 0
180800 0
180900 1
181000 0
181100 1
181200 0
181300 1
181400 1
181500 2
181600 4
181700 0
181800 0
181900 0
182000 0
182100 0
182200 0
182300 0
182400 0
182500 0
182600 0
182700 3
182800 1
182900 1
183000 0
183100 1
183200 0
183300 0
183400 1
183500 0
183600 1
183700 0
183800 2
183900 1
184000 0
184100 0
184200 1
184300 2
184400 2
184500 1
184600 0
184700 4
184800 5
184900 18
185000 10
185100 2
185200 1
185300 0
185400 0
185500 0
185600 0
185700 0
185800 1
185900 0
186000 0
186100 2
186200 9
186300 10
186400 6
186500 2
186600 5
186700 2
186800 4
186900 9
187000 6
187100 0
187200 0
187300 0
187400 0
187500 1
187600 0
187700 1
187800 0
187900 0
188000 1
188100 0
188200 1
188300 0
188400 2
188500 2
188600 0
188700 1
188800 0
188900 1
189000 0
189100 0
189200 0
189300 0
189400 1
189500 0
189600 1
189700 0
189800 0
189900 0
190000 2
190100 0
190200 0
190300 0
190400 1
190500 1
190600 0
190700 1
190800 1
190900 1
191000 0
191100 1
191200 0
191300 0
191400 0
191500 2
191600 0
191700 2
191800 0
191900 0
192000 0
192100 0
192200 1
192300 1
192400 0
192500 0
192600 2
192700 1
192800 7
192900 91
193000 827
193100 2369
193200 1994
193300 473
193400 35
193500 4
193600 2
193700 1
193800 0
193900 1
194000 0
194100 0
194200 0
194300 0
194400 0
194500 0
194600 2
194700 4
194800 1
194900 1
195000 0
195100 0
195200 0
195300 0
195400 1
195500 0
195600 1
195700 1
195800 1
195900 0
196000 1
196100 0
196200 0
196300 0
196400 0
196500 0
196600 0
196700 2
196800 1
196900 0
197000 1
197100 2
197200 0
197300 1
197400 0
197500 0
197600 0
197700 1
197800 0
197900 4
198000 21
198100 22
198200 7
198300 3
198400 0
198500 0
198600 0
198700 0
198800 0
198900 1
199000 0
199100 0
199200 1
199300 9
199400 6
199500 7
199600 6
199700 1
199800 4
199900 12
200000 9
200100 9
200200 0
200300 1
200400 0
200500 1
200600 0
200700 3
200800 1
200900 2
201000 0
201100 1
201200 1
201300 0
201400 0
201500 0
201600 1
201700 2
201800 0
201900 0
202000 0
202100 0
202200 0
202300 1
202400 0
202500 0
202600 1
202700 0
202800 1
202900 2
203000 1
203100 1
203200 1
203300 0
203400 1
203500 0
203600 0
203700 0
203800 0
203900 0
204000 1
204100 0
204200 1
204300 0
204400 1
204500 0
204600 2
204700 0
204800 2
204900 0
205000 1
205100 0
205200 0
205300 0
205400 1
205500 2
205600 3
205700 0
205800 3
205900 5
206000 38
206100 471
206200 1959
206300 2511
206400 858
206500 77
206600 8
206700 1
206800 1
206900 0
207000 1
207100 0
207200 1
207300 1
207400 0
207500 1
207600 1
207700 1
207800 0
207900 0
208000 0
208100 1
208200 1
208300 1
208400 1
208500 0
208600 1
208700 0
208800 0
208900 2
209000 2
209100 1
209200 0
209300 3
209400 0
209500 1
209600 0
209700 1
209800 1
209900 0
210000 0
210100 0
210200 0
210300 0
210400 0
210500 1
210600 1
210700 3
210800 0
210900 0
211000 5
211100 19
211200 12
211300 5
211400 3
211500 0
211600 2
211700 0
211800 2
211900 0
212000 0
212100 1
212200 0
212300 2
212400 4
212500 7
212600 7
212700 1
212800 1
212900 3
213000 9
213100 13
213200 3
213300 2
213400 2
213500 0
213600 0
213700 0
213800 1
213900 0
214000 3
214100 0
214200 1
214300 1
214400 0
214500 0
214600 1
214700 1
214800 1
214900 1
215000 0
215100 0
215200 0
215300 0
215400 0
215500 0
215600 1
215700 0
215800 1
215900 0
216000 0
216100 1
216200 2
216300 0
216400 0
216500 1
216600 0
216700 0
216800 2
216900 0
217000 0
217100 1
217200 1
217300 0
217400 0
217500 1
217600 1
217700 1
217800 0
217900 2
218000 1
218100 0
218200 0
218300 0
218400 0
218500 2
218600 0
218700 0
218800 1
218900 1
219000 2
219100 12
219200 209
219300 1373
219400 2637
219500 1397
219600 229
219700 26
219800 3
219900 3
220000 0
220100 0
220200 1
220300 1
220400 1
220500 0
220600 0
220700 0
220800 1
220900 2
221000 0
221100 0
221200 0
221300 1
221400 1
221500 1
221600 1
221700 0
221800 0
221900 0
222000 0
222100 1
222200 0
222300 0
222400 1
222500 1
222600 0
222700 1
222800 0
222900 0
223000 2
223100 0
223200 1
223300 0
223400 0
223500 0
223600 0
223700 0
223800 1
223900 1
224000 1
224100 3
224200 13
224300 15
224400 9
224500 1
224600 0
224700 0
224800 1
224900 1
225000 0
225100 0
225200 2
225300 0
225400 0
225500 6
225600 7
225700 10
225800 15
225900 7
226000 5
226100 9
226200 21
226300 16
226400 20
226500 0
226600 1
226700 1
226800 1
226900 1
227000 0
227100 1
227200 0
227300 4
227400 1
227500 2
227600 1
227700 2
227800 1
227900 1
228000 2
228100 1
228200 0
228300 0
228400 0
228500 0
228600 0
228700 0
228800 2
228900 0
229000 1
229100 0
229200 1
229300 0
229400 0
229500 0
229600 0
229700 0
229800 1
229900 0
230000 1
230100 0
230200 0
230300 1
230400 0
230500 1
230600 1
230700 1
230800 0
230900 0
231000 3
231100 0
231200 0
231300 1
231400 0
231500 1
231600 0
231700 0
231800 0
231900 1
232000 1
232100 3
232200 9
232300 140
232400 1032
232500 2550
232600 1838
232700 357
232800 23
232900 3
233000 3
233100 0
233200 0
233300 0
233400 1
233500 2
233600 0
233700 1
233800 1
233900 0
234000 0
234100 1
234200 0
234300 0
234400 1
234500 1
234600 0
234700 1
234800 2
234900 1
235000 0
235100 1
235200 0
235300 0
235400 0
235500 2
235600 0
235700 0
235800 1
235900 1
236000 1
236100 0
236200 0
236300 1
236400 0
236500 0
236600 0
236700 0
236800 0
236900 1
237000 0
237100 0
237200 2
237300 8
237400 17
237500 12
237600 4
237700 2
237800 1
237900 2
238000 0
238100 1
238200 2
238300 0
238400 0
238500 2
238600 2
238700 6
238800 5
238900 2
239000 4
239100 2
239200 3
239300 11
239400 10
239500 10
239600 2
239700 0
239800 1
239900 0
240000 2
240100 3
240200 0
240300 1
240400 1
240500 1
240600 1
240700 1
240800 0
240900 2
241000 1
241100 1
241200 2
241300 1
241400 0
241500 0
241600 0
241700 0
241800 0
241900 0
242000 1
242100 0
242200 0
242300 0
242400 0
242500 0
242600 1
242700 1
242800 1
242900 0
243000 1
243100 1
243200 0
243300 2
243400 0
243500 0
243600 0
243700 0
243800 0
243900 0
244000 0
244100 3
244200 0
244300 2
244400 0
244500 0
244600 0
244700 0
244800 1
244900 0
245000 1
245100 4
245200 1
245300 6
245400 49
245500 507
245600 2012
245700 2307
245800 867
245900 93
246000 5
246100 3
246200 2
246300 1
246400 0
246500 0
246600 0
246700 1
246800 0
246900 2
247000 1
247100 0
247200 2
247300 0
247400 0
247500 0
247600 0
247700 0
247800 0
247900 1
248000 0
248100 0
248200 0
248300 2
248400 0
248500 2
248600 1
248700 1
248800 0
248900 2
249000 0
249100 0
249200 1
249300 2
249400 0
249500 0
249600 1
249700 0
249800 0
249900 0
250000 0
250100 2
250200 1
250300 2
250400 8
250500 6
250600 16
250700 6
250800 4
250900 1
251000 1
251100 0
251200 1
251300 0
251400 0
251500 0
251600 0
251700 0
251800 7
251900 13
252000 7
252100 3
252200 1
252300 2
252400 8
252500 10
252600 11
252700 1
252800 0
252900 0
253000 0
253100 0
253200 1
253300 0
253400 0
253500 0
253600 3
253700 2
253800 1
253900 0
254000 0
254100 1
254200 0
254300 3
254400 0
254500 0
254600 0
254700 0
254800 0
254900 0
255000 1
255100 2
255200 0
255300 1
255400 0
255500 1
255600 0
255700 0
255800 1
255900 0
256000 1
256100 0
256200 2
256300 1
256400 2
256500 0
256600 0
256700 0
256800 0
256900 0
257000 0
257100 1
257200 0
257300 3
257400 2
257500 1
257600 4
257700 2
257800 0
257900 1
258000 1
258100 1
258200 2
258300 4
258400 6
258500 14
258600 241
258700 1451
258800 2629
258900 1349
259000 214
259100 15
259200 4
259300 2
259400 0
259500 1
259600 0
259700 0
259800 1
259900 0
260000 1
260100 0
260200 0
260300 3
260400 0
260500 1
260600 0
260700 0
260800 1
260900 1
261000 0
261100 2
261200 1
261300 0
261400 1
261500 0
261600 0
261700 1
261800 0
261900 0
262000 0
262100 1
262200 0
262300 1
262400 1
262500 2
262600 1
262700 0
262800 0
262900 0
263000 0
263100 0
263200 1
263300 0
263400 1
263500 5
263600 12
263700 12
263800 8
263900 1
264000 1
264100 0
264200 0
264300 1
264400 0
264500 1
264600 0
264700 1
264800 1
264900 5
265000 10
265100 10
265200 3
265300 1
265400 4
265500 8
265600 11
265700 14
265800 3
265900 1
266000 3
266100 0
266200 0
266300 0
266400 1
266500 0
266600 0
266700 1
266800 0
266900 1
267000 1
267100 1
267200 1
267300 2
267400 1
267500 0
267600 0
267700 0
267800 0
267900 0
268000 0
268100 0
268200 0
268300 0
268400 0
268500 0
268600 2
268700 1
268800 0
268900 0
269000 1
269100 0
269200 0
269300 0
269400 0
269500 1
269600 0
269700 0
269800 1
269900 1
270000 2
270100 3
270200 0
270300 0
270400 1
270500 1
270600 0
270700 1
270800 0
270900 0
271000 2
271100 0
271200 1
271300 0
271400 1
271500 2
271600 6
271700 136
271800 935
271900 2483
272000 1928
272100 422
272200 29
272300 4
272400 2
272500 1
272600 1
272700 0
272800 1
272900 0
273000 0
273100 0
273200 0
273300 1
273400 3
273500 0
273600 0
273700 0
273800 0
273900 0
274000 0
274100 0
274200 1
274300 1
274400 1
274500 0
274600 1
274700 1
274800 0
274900 1
275000 1
275100 1
275200 0
275300 0
275400 0
275500 0
275600 0
275700 0
275800 0
275900 0
276000 0
276100 0
276200 0
276300 0
276400 1
276500 2
276600 2
276700 7
276800 13
276900 7
277000 5
277100 0
277200 0
277300 0
277400 0
277500 1
277600 2
277700 1
277800 0
277900 1
278000 2
278100 8
278200 6
278300 4
278400 2
278500 2
278600 3
278700 7
278800 15
278900 4
279000 2
279100 0
279200 1
279300 0
279400 0
279500 0
279600 0
279700 1
279800 1
279900 1
280000 2
280100 1
280200 0
280300 0
280400 0
280500 0
280600 0
280700 1
280800 0
280900 0
281000 1
281100 0
281200 1
281300 1
281400 1
281500 1
281600 1
281700 0
281800 1
281900 1
282000 1
282100 0
282200 0
282300 0
282400 0
282500 1
282600 0
282700 0
282800 0
282900 0
283000 0
283100 0
283200 0
283300 1
283400 2
283500 0
283600 3
283700 1
283800 0
283900 0
284000 0
284100 1
284200 0
284300 0
284400 2
284500 0
284600 5
284700 2
284800 49
284900 512
285000 2034
285100 2312
285200 824
285300 107
285400 7
285500 2
285600 2
285700 2
285800 0
285900 0
286000 0
286100 0
286200 1
286300 0
286400 0
286500 0
286600 0
286700 1
286800 1
286900 2
287000 0
287100 0
287200 0
287300 0
287400 0
287500 1
287600 1
287700 1
287800 0
287900 0
288000 0
288100 1
288200 0
288300 1
288400 1
288500 1
288600 2
288700 1
288800 0
288900 0
289000 0
289100 0
289200 0
289300 1
289400 1
289500 0
289600 0
289700 1
289800 5
289900 18
290000 20
290100 5
290200 3
290300 1
290400 2
290500 1
290600 1
290700 0
290800 1
290900 0
291000 1
291100 0
291200 5
291300 9
291400 8
291500 5
291600 1
291700 6
291800 7
291900 10
292000 10
292100 6
292200 0
292300 0
292400 0
292500 0
292600 0
292700 0
292800 0
292900 0
293000 1
293100 0
293200 2
293300 1
293400 0
293500 0
293600 1
293700 0
293800 0
293900 0
294000 0
294100 0
294200 0
294300 0
294400 1
294500 0
294600 0
294700 0
294800 1
294900 0
295000 0
295100 1
295200 0
295300 0
295400 1
295500 1
295600 0
295700 0
295800 1
295900 2
296000 1
296100 0
296200 1
296300 0
296400 0
296500 2
296600 1
296700 0
296800 1
296900 0
297000 0
297100 2
297200 1
297300 0
297400 1
297500 1
297600 2
297700 1
297800 4
297900 18
298000 241
298100 1380
298200 2522
298300 1471
298400 255
298500 14
298600 3
298700 4
298800 0
298900 1
299000 0
299100 1
299200 0
299300 0
299400 1
299500 1
299600 3
299700 1
299800 0
299900 0
