-300000 1
-299900 1
-299800 9
-299700 14
-299600 9
-299500 5
-299400 5
-299300 13
-299200 14
-299100 18
-299000 8
-298900 1
-298800 1
-298700 1
-298600 4
-298500 0
-298400 0
-298300 0
-298200 0
-298100 0
-298000 2
-297900 4
-297800 1
-297700 0
-297600 1
-297500 2
-297400 1
-297300 0
-297200 0
-297100 2
-297000 1
-296900 0
-296800 1
-296700 0
-296600 0
-296500 0
-296400 2
-296300 0
-296200 1
-296100 2
-296000 1
-295900 1
-295800 1
-295700 0
-295600 1
-295500 0
-295400 0
-295300 1
-295200 0
-295100 0
-295000 1
-294900 0
-294800 2
-294700 3
-294600 1
-294500 0
-294400 5
-294300 0
-294200 1
-294100 1
-294000 0
-293900 1
-293800 0
-293700 3
-293600 2
-293500 3
-293400 2
-293300 5
-293200 12
-293100 127
-293000 1066
-292900 2823
-292800 2318
-292700 604
-292600 57
-292500 4
-292400 2
-292300 2
-292200 0
-292100 0
-292000 0
-291900 0
-291800 0
-291700 2
-291600 0
-291500 2
-291400 6
-291300 3
-291200 2
-291100 4
-291000 1
-290900 2
-290800 0
-290700 0
-290600 1
-290500 0
-290400 0
-290300 0
-290200 1
-290100 0
-290000 1
-289900 0
-289800 0
-289700 0
-289600 0
-289500 0
-289400 0
-289300 0
-289200 0
-289100 0
-289000 0
-288900 0
-288800 0
-288700 1
-288600 0
-288500 2
-288400 1
-288300 0
-288200 4
-288100 26
-288000 80
-287900 69
-287800 12
-287700 2
-287600 1
-287500 2
-287400 0
-287300 0
-287200 1
-287100 0
-287000 1
-286900 0
-286800 3
-286700 2
-286600 13
-286500 8
-286400 7
-286300 5
-286200 11
-286100 18
-286000 35
-285900 22
-285800 1
-285700 1
-285600 0
-285500 1
-285400 2
-285300 1
-285200 1
-285100 2
-285000 1
-284900 0
-284800 2
-284700 1
-284600 0
-284500 3
-284400 2
-284300 3
-284200 1
-284100 0
-284000 2
-283900 0
-283800 0
-283700 0
-283600 0
-283500 0
-283400 0
-283300 1
-283200 2
-283100 2
-283000 0
-282900 0
-282800 2
-282700 1
-282600 0
-282500 1
-282400 2
-282300 0
-282200 0
-282100 0
-282000 1
-281900 0
-281800 0
-281700 2
-281600 3
-281500 1
-281400 1
-281300 4
-281200 2
-281100 0
-281000 0
-280900 1
-280800 1
-280700 1
-280600 0
-280500 1
-280400 0
-280300 0
-280200 3
-280100 7
-280000 51
-279900 512
-279800 2181
-279700 2882
-279600 1191
-279500 156
-279400 4
-279300 4
-279200 6
-279100 5
-279000 1
-278900 1
-278800 4
-278700 0
-278600 1
-278500 1
-278400 1
-278300 2
-278200 2
-278100 8
-278000 3
-277900 0
-277800 1
-277700 1
-277600 0
-277500 1
-277400 0
-277300 0
-277200 1
-277100 1
-277000 1
-276900 0
-276800 1
-276700 0
-276600 1
-276500 1
-276400 1
-276300 0
-276200 1
-276100 0
-276000 1
-275900 0
-275800 1
-275700 1
-275600 0
-275500 1
-275400 0
-275300 2
-275200 0
-275100 6
-275000 17
-274900 60
-274800 47
-274700 18
-274600 7
-274500 2
-274400 1
-274300 1
-274200 0
-274100 0
-274000 0
-273900 1
-273800 1
-273700 0
-273600 6
-273500 7
-273400 23
-273300 10
-273200 6
-273100 3
-273000 23
-272900 22
-272800 16
-272700 9
-272600 1
-272500 1
-272400 2
-272300 0
-272200 1
-272100 0
-272000 0
-271900 1
-271800 0
-271700 3
-271600 2
-271500 1
-271400 0
-271300 1
-271200 2
-271100 0
-271000 0
-270900 0
-270800 0
-270700 0
-270600 0
-270500 2
-270400 0
-270300 0
-270200 0
-270100 1
-270000 0
-269900 2
-269800 0
-269700 0
-269600 0
-269500 1
-269400 0
-269300 0
-269200 2
-269100 0
-269000 0
-268900 0
-268800 0
-268700 1
-268600 1
-268500 2
-268400 1
-268300 2
-268200 3
-268100 1
-268000 1
-267900 0
-267800 1
-267700 1
-267600 0
-267500 0
-267400 1
-267300 0
-267200 2
-267100 5
-267000 3
-266900 21
-266800 237
-266700 1514
-266600 2989
-266500 1721
-266400 338
-266300 25
-266200 2
-266100 1
-266000 4
-265900 0
-265800 1
-265700 0
-265600 1
-265500 0
-265400 0
-265300 0
-265200 1
-265100 4
-265000 5
-264900 3
-264800 1
-264700 2
-264600 0
-264500 0
-264400 1
-264300 0
-264200 1
-264100 0
-264000 0
-263900 1
-263800 1
-263700 2
-263600 0
-263500 1
-263400 1
-263300 0
-263200 1
-263100 1
-263000 1
-262900 0
-262800 0
-262700 0
-262600 0
-262500 1
-262400 2
-262300 0
-262200 1
-262100 1
-262000 1
-261900 10
-261800 40
-261700 78
-261600 34
-261500 8
-261400 0
-261300 1
-261200 2
-261100 0
-261000 0
-260900 0
-260800 0
-260700 0
-260600 1
-260500 2
-260400 12
-260300 17
-260200 21
-260100 12
-260000 5
-259900 17
-259800 26
-259700 15
-259600 7
-259500 1
-259400 0
-259300 0
-259200 0
-259100 1
-259000 0
-258900 0
-258800 2
-258700 3
-258600 0
-258500 3
-258400 1
-258300 2
-258200 0
-258100 0
-258000 0
-257900 0
-257800 0
-257700 0
-257600 0
-257500 0
-257400 1
-257300 0
-257200 1
-257100 0
-257000 1
-256900 0
-256800 3
-256700 4
-256600 1
-256500 2
-256400 1
-256300 0
-256200 0
-256100 0
-256000 1
-255900 0
-255800 0
-255700 1
-255600 0
-255500 1
-255400 1
-255300 0
-255200 2
-255100 1
-255000 1
-254900 3
-254800 1
-254700 2
-254600 0
-254500 0
-254400 0
-254300 0
-254200 1
-254100 1
-254000 3
-253900 5
-253800 12
-253700 96
-253600 938
-253500 2825
-253400 2367
-253300 620
-253200 58
-253100 9
-253000 7
-252900 3
-252800 2
-252700 0
-252600 0
-252500 0
-252400 0
-252300 0
-252200 2
-252100 1
-252000 3
-251900 6
-251800 4
-251700 0
-251600 2
-251500 1
-251400 2
-251300 1
-251200 1
-251100 0
-251000 2
-250900 0
-250800 1
-250700 0
-250600 2
-250500 2
-250400 2
-250300 0
-250200 0
-250100 2
-250000 0
-249900 0
-249800 0
-249700 1
-249600 0
-249500 0
-249400 1
-249300 0
-249200 1
-249100 0
-249000 0
-248900 7
-248800 5
-248700 28
-248600 83
-248500 55
-248400 12
-248300 2
-248200 2
-248100 1
-248000 0
-247900 0
-247800 1
-247700 1
-247600 1
-247500 0
-247400 1
-247300 5
-247200 15
-247100 11
-247000 13
-246900 2
-246800 4
-246700 18
-246600 16
-246500 11
-246400 5
-246300 1
-246200 1
-246100 1
-246000 0
-245900 0
-245800 1
-245700 2
-245600 2
-245500 4
-245400 0
-245300 0
-245200 0
-245100 0
-245000 0
-244900 1
-244800 0
-244700 1
-244600 2
-244500 0
-244400 0
-244300 0
-244200 1
-244100 1
-244000 0
-243900 2
-243800 1
-243700 0
-243600 0
-243500 0
-243400 0
-243300 1
-243200 0
-243100 2
-243000 1
-242900 0
-242800 0
-242700 1
-242600 0
-242500 0
-242400 0
-242300 2
-242200 2
-242100 1
-242000 0
-241900 1
-241800 1
-241700 2
-241600 3
-241500 2
-241400 0
-241300 1
-241200 2
-241100 3
-241000 2
-240900 1
-240800 3
-240700 7
-240600 39
-240500 468
-240400 2122
-240300 3053
-240200 1157
-240100 171
-240000 8
-239900 3
-239800 4
-239700 1
-239600 0
-239500 0
-239400 0
-239300 0
-239200 2
-239100 1
-239000 1
-238900 3
-238800 2
-238700 3
-238600 2
-238500 1
-238400 1
-238300 0
-238200 0
-238100 0
-238000 0
-237900 0
-237800 0
-237700 1
-237600 1
-237500 0
-237400 0
-237300 1
-237200 0
-237100 1
-237000 1
-236900 2
-236800 0
-236700 1
-236600 0
-236500 0
-236400 0
-236300 1
-236200 0
-236100 0
-236000 1
-235900 0
-235800 2
-235700 3
-235600 14
-235500 47
-235400 67
-235300 21
-235200 7
-235100 2
-235000 0
-234900 0
-234800 0
-234700 0
-234600 0
-234500 0
-234400 1
-234300 1
-234200 2
-234100 3
-234000 12
-233900 7
-233800 3
-233700 4
-233600 16
-233500 21
-233400 19
-233300 7
-233200 2
-233100 1
-233000 0
-232900 2
-232800 0
-232700 2
-232600 0
-232500 1
-232400 0
-232300 0
-232200 1
-232100 1
-232000 3
-231900 1
-231800 2
-231700 1
-231600 0
-231500 0
-231400 0
-231300 0
-231200 1
-231100 0
-231000 0
-230900 0
-230800 1
-230700 0
-230600 2
-230500 2
-230400 0
-230300 0
-230200 0
-230100 0
-230000 1
-229900 0
-229800 0
-229700 0
-229600 1
-229500 1
-229400 0
-229300 3
-229200 1
-229100 1
-229000 5
-228900 0
-228800 1
-228700 5
-228600 4
-228500 2
-228400 2
-228300 0
-228200 0
-228100 2
-228000 1
-227900 0
-227800 4
-227700 3
-227600 3
-227500 12
-227400 195
-227300 1305
-227200 3014
-227100 2007
-227000 399
-226900 31
-226800 6
-226700 2
-226600 2
-226500 0
-226400 1
-226300 0
-226200 0
-226100 1
-226000 1
-225900 0
-225800 3
-225700 6
-225600 2
-225500 3
-225400 2
-225300 4
-225200 1
-225100 0
-225000 0
-224900 1
-224800 1
-224700 0
-224600 0
-224500 0
-224400 0
-224300 0
-224200 1
-224100 0
-224000 0
-223900 1
-223800 0
-223700 0
-223600 0
-223500 2
-223400 1
-223300 1
-223200 0
-223100 3
-223000 0
-222900 2
-222800 0
-222700 2
-222600 1
-222500 8
-222400 40
-222300 87
-222200 33
-222100 6
-222000 0
-221900 2
-221800 1
-221700 1
-221600 0
-221500 0
-221400 0
-221300 1
-221200 0
-221100 4
-221000 4
-220900 16
-220800 8
-220700 2
-220600 6
-220500 19
-220400 18
-220300 25
-220200 12
-220100 1
-220000 1
-219900 0
-219800 3
-219700 0
-219600 0
-219500 2
-219400 2
-219300 2
-219200 1
-219100 1
-219000 2
-218900 1
-218800 0
-218700 2
-218600 1
-218500 2
-218400 0
-218300 1
-218200 0
-218100 0
-218000 1
-217900 1
-217800 0
-217700 1
-217600 0
-217500 0
-217400 3
-217300 1
-217200 1
-217100 2
-217000 0
-216900 1
-216800 1
-216700 0
-216600 0
-216500 1
-216400 0
-216300 0
-216200 0
-216100 2
-216000 0
-215900 1
-215800 4
-215700 0
-215600 0
-215500 1
-215400 0
-215300 0
-215200 1
-215100 0
-215000 0
-214900 0
-214800 0
-214700 2
-214600 3
-214500 1
-214400 14
-214300 120
-214200 955
-214100 2773
-214000 2426
-213900 583
-213800 53
-213700 3
-213600 2
-213500 2
-213400 0
-213300 1
-213200 2
-213100 0
-213000 2
-212900 0
-212800 1
-212700 1
-212600 4
-212500 2
-212400 6
-212300 1
-212200 2
-212100 1
-212000 0
-211900 0
-211800 0
-211700 0
-211600 0
-211500 1
-211400 0
-211300 0
-211200 0
-211100 0
-211000 1
-210900 2
-210800 2
-210700 1
-210600 0
-210500 0
-210400 1
-210300 0
-210200 0
-210100 0
-210000 0
-209900 0
-209800 0
-209700 1
-209600 3
-209500 1
-209400 7
-209300 30
-209200 59
-209100 54
-209000 17
-208900 6
-208800 2
-208700 0
-208600 1
-208500 2
-208400 2
-208300 5
-208200 1
-208100 3
-208000 2
-207900 11
-207800 14
-207700 12
-207600 7
-207500 7
-207400 12
-207300 38
-207200 23
-207100 17
-207000 3
-206900 0
-206800 1
-206700 3
-206600 1
-206500 1
-206400 1
-206300 1
-206200 0
-206100 2
-206000 2
-205900 1
-205800 2
-205700 0
-205600 2
-205500 3
-205400 2
-205300 0
-205200 1
-205100 0
-205000 0
-204900 2
-204800 1
-204700 1
-204600 1
-204500 0
-204400 0
-204300 2
-204200 1
-204100 0
-204000 1
-203900 0
-203800 0
-203700 1
-203600 0
-203500 0
-203400 0
-203300 0
-203200 0
-203100 1
-203000 0
-202900 3
-202800 1
-202700 3
-202600 2
-202500 3
-202400 2
-202300 0
-202200 2
-202100 1
-202000 0
-201900 1
-201800 2
-201700 1
-201600 0
-201500 0
-201400 7
-201300 4
-201200 58
-201100 581
-201000 2349
-200900 2803
-200800 1012
-200700 102
-200600 5
-200500 1
-200400 3
-200300 0
-200200 1
-200100 0
-200000 0
-199900 1
-199800 1
-199700 0
-199600 2
-199500 2
-199400 8
-199300 1
-199200 3
-199100 0
-199000 1
-198900 1
-198800 1
-198700 0
-198600 2
-198500 0
-198400 0
-198300 0
-198200 0
-198100 1
-198000 1
-197900 0
-197800 1
-197700 0
-197600 2
-197500 1
-197400 0
-197300 0
-197200 1
-197100 0
-197000 1
-196900 0
-196800 2
-196700 1
-196600 1
-196500 0
-196400 3
-196300 2
-196200 15
-196100 66
-196000 79
-195900 25
-195800 2
-195700 3
-195600 0
-195500 2
-195400 0
-195300 1
-195200 2
-195100 4
-195000 2
-194900 0
-194800 11
-194700 10
-194600 15
-194500 7
-194400 2
-194300 9
-194200 15
-194100 20
-194000 16
-193900 5
-193800 3
-193700 1
-193600 1
-193500 0
-193400 1
-193300 1
-193200 1
-193100 2
-193000 0
-192900 1
-192800 3
-192700 1
-192600 0
-192500 0
-192400 0
-192300 1
-192200 0
-192100 0
-192000 0
-191900 0
-191800 0
-191700 0
-191600 0
-191500 0
-191400 1
-191300 0
-191200 1
-191100 3
-191000 1
-190900 1
-190800 1
-190700 2
-190600 0
-190500 1
-190400 0
-190300 1
-190200 0
-190100 0
-190000 0
-189900 0
-189800 0
-189700 2
-189600 0
-189500 1
-189400 2
-189300 1
-189200 3
-189100 2
-189000 1
-188900 1
-188800 0
-188700 0
-188600 3
-188500 0
-188400 1
-188300 1
-188200 1
-188100 15
-188000 205
-187900 1482
-187800 3146
-187700 1837
-187600 300
-187500 24
-187400 1
-187300 5
-187200 0
-187100 0
-187000 1
-186900 2
-186800 0
-186700 0
-186600 1
-186500 3
-186400 0
-186300 4
-186200 3
-186100 6
-186000 3
-185900 1
-185800 0
-185700 1
-185600 1
-185500 0
-185400 0
-185300 1
-185200 0
-185100 1
-185000 1
-184900 0
-184800 1
-184700 0
-184600 1
-184500 0
-184400 0
-184300 0
-184200 0
-184100 0
-184000 1
-183900 0
-183800 1
-183700 1
-183600 1
-183500 1
-183400 0
-183300 3
-183200 1
-183100 12
-183000 36
-182900 78
-182800 39
-182700 8
-182600 0
-182500 1
-182400 0
-182300 0
-182200 1
-182100 0
-182000 0
-181900 1
-181800 0
-181700 2
-181600 8
-181500 16
-181400 20
-181300 7
-181200 4
-181100 6
-181000 24
-180900 13
-180800 8
-180700 3
-180600 0
-180500 2
-180400 1
-180300 1
-180200 1
-180100 0
-180000 1
-179900 0
-179800 1
-179700 0
-179600 1
-179500 1
-179400 0
-179300 2
-179200 1
-179100 0
-179000 0
-178900 0
-178800 0
-178700 2
-178600 1
-178500 0
-178400 2
-178300 0
-178200 0
-178100 1
-178000 4
-177900 1
-177800 0
-177700 1
-177600 1
-177500 1
-177400 0
-177300 0
-177200 0
-177100 0
-177000 0
-176900 0
-176800 2
-176700 0
-176600 2
-176500 2
-176400 1
-176300 1
-176200 1
-176100 4
-176000 0
-175900 0
-175800 0
-175700 0
-175600 0
-175500 1
-175400 6
-175300 1
-175200 2
-175100 3
-175000 7
-174900 75
-174800 755
-174700 2763
-174600 2717
-174500 713
-174400 56
-174300 3
-174200 3
-174100 4
-174000 0
-173900 1
-173800 1
-173700 1
-173600 0
-173500 0
-173400 0
-173300 3
-173200 5
-173100 6
-173000 5
-172900 2
-172800 1
-172700 0
-172600 1
-172500 0
-172400 0
-172300 0
-172200 1
-172100 1
-172000 0
-171900 0
-171800 0
-171700 0
-171600 0
-171500 2
-171400 1
-171300 0
-171200 0
-171100 3
-171000 0
-170900 1
-170800 0
-170700 0
-170600 0
-170500 1
-170400 0
-170300 1
-170200 1
-170100 3
-170000 5
-169900 17
-169800 68
-169700 53
-169600 16
-169500 1
-169400 1
-169300 1
-169200 2
-169100 0
-169000 0
-168900 3
-168800 2
-168700 3
-168600 0
-168500 9
-168400 15
-168300 17
-168200 4
-168100 1
-168000 11
-167900 29
-167800 15
-167700 8
-167600 2
-167500 3
-167400 0
-167300 0
-167200 2
-167100 0
-167000 0
-166900 0
-166800 1
-166700 0
-166600 1
-166500 2
-166400 0
-166300 1
-166200 1
-166100 3
-166000 2
-165900 1
-165800 1
-165700 0
-165600 0
-165500 1
-165400 1
-165300 0
-165200 1
-165100 1
-165000 0
-164900 0
-164800 1
-164700 1
-164600 1
-164500 0
-164400 0
-164300 0
-164200 0
-164100 0
-164000 0
-163900 0
-163800 1
-163700 1
-163600 0
-163500 0
-163400 2
-163300 2
-163200 3
-163100 2
-163000 0
-162900 0
-162800 0
-162700 0
-162600 0
-162500 1
-162400 0
-162300 1
-162200 1
-162100 4
-162000 4
-161900 2
-161800 26
-161700 383
-161600 2064
-161500 3085
-161400 1238
-161300 159
-161200 7
-161100 5
-161000 0
-160900 2
-160800 1
-160700 0
-160600 0
-160500 0
-160400 0
-160300 0
-160200 2
-160100 1
-160000 4
-159900 4
-159800 4
-159700 1
-159600 0
-159500 0
-159400 0
-159300 1
-159200 0
-159100 0
-159000 0
-158900 0
-158800 1
-158700 0
-158600 0
-158500 0
-158400 0
-158300 1
-158200 0
-158100 0
-158000 4
-157900 1
-157800 2
-157700 0
-157600 1
-157500 0
-157400 0
-157300 1
-157200 0
-157100 0
-157000 0
-156900 2
-156800 14
-156700 61
-156600 67
-156500 23
-156400 4
-156300 0
-156200 2
-156100 2
-156000 1
-155900 2
-155800 1
-155700 0
-155600 1
-155500 0
-155400 2
-155300 7
-155200 18
-155100 13
-155000 5
-154900 2
-154800 21
-154700 24
-154600 14
-154500 6
-154400 1
-154300 1
-154200 0
-154100 1
-154000 0
-153900 0
-153800 0
-153700 2
-153600 1
-153500 5
-153400 0
-153300 2
-153200 0
-153100 1
-153000 2
-152900 1
-152800 0
-152700 1
-152600 0
-152500 0
-152400 0
-152300 0
-152200 0
-152100 1
-152000 0
-151900 0
-151800 0
-151700 3
-151600 0
-151500 2
-151400 0
-151300 0
-151200 0
-151100 1
-151000 0
-150900 1
-150800 0
-150700 2
-150600 0
-150500 0
-150400 1
-150300 2
-150200 6
-150100 1
-150000 4
-149900 0
-149800 0
-149700 5
-149600 0
-149500 1
-149400 1
-149300 0
-149200 0
-149100 2
-149000 2
-148900 1
-148800 7
-148700 16
-148600 193
-148500 1330
-148400 3066
-148300 1943
-148200 376
-148100 23
-148000 7
-147900 4
-147800 0
-147700 2
-147600 1
-147500 0
-147400 0
-147300 0
-147200 0
-147100 1
-147000 4
-146900 7
-146800 4
-146700 3
-146600 4
-146500 2
-146400 0
-146300 2
-146200 0
-146100 0
-146000 1
-145900 1
-145800 0
-145700 0
-145600 0
-145500 0
-145400 0
-145300 0
-145200 1
-145100 0
-145000 1
-144900 0
-144800 0
-144700 0
-144600 0
-144500 0
-144400 1
-144300 1
-144200 0
-144100 0
-144000 1
-143900 1
-143800 1
-143700 3
-143600 38
-143500 76
-143400 39
-143300 8
-143200 4
-143100 0
-143000 0
-142900 2
-142800 1
-142700 1
-142600 1
-142500 0
-142400 1
-142300 1
-142200 5
-142100 15
-142000 17
-141900 6
-141800 5
-141700 4
-141600 19
-141500 14
-141400 5
-141300 0
-141200 0
-141100 3
-141000 2
-140900 1
-140800 0
-140700 0
-140600 1
-140500 0
-140400 1
-140300 3
-140200 0
-140100 0
-140000 0
-139900 2
-139800 4
-139700 0
-139600 1
-139500 0
-139400 0
-139300 1
-139200 0
-139100 0
-139000 0
-138900 2
-138800 0
-138700 0
-138600 0
-138500 1
-138400 1
-138300 0
-138200 0
-138100 1
-138000 1
-137900 0
-137800 0
-137700 4
-137600 0
-137500 0
-137400 1
-137300 1
-137200 1
-137100 2
-137000 4
-136900 1
-136800 1
-136700 1
-136600 1
-136500 1
-136400 0
-136300 0
-136200 0
-136100 0
-136000 1
-135900 2
-135800 1
-135700 1
-135600 10
-135500 60
-135400 694
-135300 2664
-135200 2753
-135100 791
-135000 63
-134900 4
-134800 3
-134700 1
-134600 0
-134500 1
-134400 0
-134300 2
-134200 2
-134100 2
-134000 1
-133900 3
-133800 1
-133700 5
-133600 5
-133500 5
-133400 0
-133300 0
-133200 1
-133100 0
-133000 0
-132900 0
-132800 0
-132700 0
-132600 0
-132500 0
-132400 0
-132300 0
-132200 1
-132100 3
-132000 0
-131900 0
-131800 0
-131700 0
-131600 0
-131500 1
-131400 0
-131300 0
-131200 0
-131100 2
-131000 1
-130900 0
-130800 0
-130700 0
-130600 1
-130500 21
-130400 60
-130300 58
-130200 22
-130100 3
-130000 3
-129900 0
-129800 1
-129700 0
-129600 0
-129500 2
-129400 2
-129300 0
-129200 3
-129100 1
-129000 13
-128900 16
-128800 13
-128700 4
-128600 12
-128500 23
-128400 22
-128300 15
-128200 1
-128100 3
-128000 1
-127900 0
-127800 1
-127700 0
-127600 0
-127500 0
-127400 0
-127300 0
-127200 2
-127100 1
-127000 1
-126900 0
-126800 2
-126700 2
-126600 3
-126500 1
-126400 1
-126300 0
-126200 0
-126100 1
-126000 0
-125900 1
-125800 1
-125700 1
-125600 2
-125500 1
-125400 1
-125300 2
-125200 0
-125100 1
-125000 2
-124900 0
-124800 1
-124700 1
-124600 0
-124500 1
-124400 0
-124300 1
-124200 0
-124100 1
-124000 4
-123900 2
-123800 0
-123700 1
-123600 1
-123500 0
-123400 1
-123300 2
-123200 0
-123100 1
-123000 2
-122900 1
-122800 0
-122700 2
-122600 3
-122500 6
-122400 26
-122300 357
-122200 1938
-122100 3154
-122000 1287
-121900 170
-121800 13
-121700 3
-121600 3
-121500 2
-121400 1
-121300 0
-121200 0
-121100 1
-121000 1
-120900 0
-120800 0
-120700 3
-120600 3
-120500 2
-120400 2
-120300 0
-120200 1
-120100 1
-120000 1
-119900 2
-119800 0
-119700 1
-119600 1
-119500 1
-119400 0
-119300 0
-119200 1
-119100 0
-119000 1
-118900 1
-118800 0
-118700 0
-118600 0
-118500 0
-118400 1
-118300 0
-118200 0
-118100 0
-118000 1
-117900 0
-117800 3
-117700 1
-117600 2
-117500 2
-117400 14
-117300 53
-117200 86
-117100 35
-117000 4
-116900 1
-116800 2
-116700 2
-116600 1
-116500 1
-116400 1
-116300 2
-116200 1
-116100 0
-116000 4
-115900 16
-115800 18
-115700 9
-115600 2
-115500 5
-115400 15
-115300 22
-115200 21
-115100 8
-115000 1
-114900 1
-114800 1
-114700 0
-114600 1
-114500 0
-114400 1
-114300 1
-114200 3
-114100 3
-114000 4
-113900 2
-113800 2
-113700 0
-113600 3
-113500 1
-113400 0
-113300 0
-113200 1
-113100 0
-113000 1
-112900 0
-112800 0
-112700 0
-112600 0
-112500 0
-112400 1
-112300 2
-112200 0
-112100 1
-112000 2
-111900 2
-111800 1
-111700 0
-111600 0
-111500 1
-111400 1
-111300 2
-111200 1
-111100 2
-111000 1
-110900 0
-110800 3
-110700 1
-110600 2
-110500 2
-110400 1
-110300 1
-110200 0
-110100 0
-110000 1
-109900 0
-109800 0
-109700 3
-109600 4
-109500 1
-109400 3
-109300 19
-109200 139
-109100 1215
-109000 3166
-108900 2092
-108800 376
-108700 28
-108600 3
-108500 3
-108400 2
-108300 3
-108200 1
-108100 0
-108000 2
-107900 1
-107800 2
-107700 0
-107600 3
-107500 5
-107400 1
-107300 6
-107200 4
-107100 1
-107000 1
-106900 2
-106800 0
-106700 1
-106600 2
-106500 0
-106400 1
-106300 1
-106200 1
-106100 1
-106000 1
-105900 1
-105800 0
-105700 1
-105600 2
-105500 0
-105400 0
-105300 1
-105200 0
-105100 1
-105000 1
-104900 0
-104800 0
-104700 0
-104600 2
-104500 1
-104400 1
-104300 4
-104200 23
-104100 94
-104000 42
-103900 8
-103800 1
-103700 1
-103600 1
-103500 0
-103400 0
-103300 1
-103200 0
-103100 2
-103000 2
-102900 2
-102800 9
-102700 22
-102600 11
-102500 6
-102400 1
-102300 17
-102200 19
-102100 16
-102000 10
-101900 5
-101800 0
-101700 0
-101600 1
-101500 2
-101400 1
-101300 1
-101200 1
-101100 1
-101000 2
-100900 3
-100800 1
-100700 2
-100600 1
-100500 2
-100400 2
-100300 1
-100200 0
-100100 0
-100000 0
-99900 0
-99800 0
-99700 2
-99600 0
-99500 0
-99400 1
-99300 1
-99200 0
-99100 2
-99000 0
-98900 1
-98800 2
-98700 1
-98600 0
-98500 0
-98400 0
-98300 1
-98200 0
-98100 1
-98000 0
-97900 1
-97800 1
-97700 0
-97600 0
-97500 2
-97400 2
-97300 3
-97200 0
-97100 0
-97000 0
-96900 0
-96800 0
-96700 0
-96600 1
-96500 2
-96400 1
-96300 6
-96200 6
-96100 33
-96000 547
-95900 2463
-95800 2976
-95700 947
-95600 103
-95500 7
-95400 2
-95300 5
-95200 0
-95100 1
-95000 1
-94900 1
-94800 0
-94700 0
-94600 0
-94500 1
-94400 2
-94300 3
-94200 3
-94100 3
-94000 0
-93900 0
-93800 1
-93700 1
-93600 1
-93500 0
-93400 0
-93300 0
-93200 0
-93100 1
-93000 1
-92900 0
-92800 1
-92700 1
-92600 2
-92500 1
-92400 0
-92300 1
-92200 0
-92100 0
-92000 0
-91900 0
-91800 1
-91700 0
-91600 0
-91500 1
-91400 1
-91300 2
-91200 4
-91100 27
-91000 69
-90900 86
-90800 21
-90700 6
-90600 3
-90500 0
-90400 0
-90300 1
-90200 2
-90100 1
-90000 5
-89900 0
-89800 1
-89700 4
-89600 9
-89500 15
-89400 16
-89300 1
-89200 4
-89100 15
-89000 23
-88900 12
-88800 1
-88700 1
-88600 1
-88500 3
-88400 0
-88300 1
-88200 0
-88100 2
-88000 1
-87900 2
-87800 3
-87700 0
-87600 2
-87500 1
-87400 0
-87300 0
-87200 1
-87100 0
-87000 1
-86900 0
-86800 0
-86700 0
-86600 0
-86500 0
-86400 1
-86300 1
-86200 2
-86100 0
-86000 0
-85900 2
-85800 2
-85700 0
-85600 2
-85500 0
-85400 0
-85300 1
-85200 1
-85100 1
-85000 1
-84900 0
-84800 1
-84700 0
-84600 1
-84500 1
-84400 1
-84300 4
-84200 1
-84100 1
-84000 2
-83900 0
-83800 2
-83700 0
-83600 0
-83500 1
-83400 1
-83300 3
-83200 3
-83100 10
-83000 9
-82900 153
-82800 1386
-82700 3275
-82600 1961
-82500 324
-82400 15
-82300 3
-82200 4
-82100 1
-82000 1
-81900 0
-81800 0
-81700 0
-81600 0
-81500 0
-81400 0
-81300 2
-81200 1
-81100 5
-81000 3
-80900 2
-80800 0
-80700 0
-80600 1
-80500 0
-80400 1
-80300 0
-80200 2
-80100 1
-80000 0
-79900 0
-79800 0
-79700 1
-79600 1
-79500 0
-79400 1
-79300 1
-79200 0
-79100 1
-79000 0
-78900 0
-78800 0
-78700 1
-78600 0
-78500 1
-78400 0
-78300 0
-78200 1
-78100 1
-78000 6
-77900 41
-77800 81
-77700 34
-77600 9
-77500 0
-77400 1
-77300 1
-77200 1
-77100 1
-77000 0
-76900 0
-76800 1
-76700 0
-76600 3
-76500 12
-76400 17
-76300 19
-76200 8
-76100 6
-76000 13
-75900 23
-75800 15
-75700 7
-75600 1
-75500 0
-75400 0
-75300 1
-75200 0
-75100 0
-75000 0
-74900 4
-74800 2
-74700 5
-74600 1
-74500 0
-74400 0
-74300 1
-74200 1
-74100 1
-74000 0
-73900 0
-73800 0
-73700 2
-73600 0
-73500 0
-73400 1
-73300 0
-73200 0
-73100 1
-73000 0
-72900 2
-72800 1
-72700 0
-72600 1
-72500 1
-72400 0
-72300 1
-72200 0
-72100 1
-72000 1
-71900 2
-71800 0
-71700 2
-71600 1
-71500 3
-71400 1
-71300 1
-71200 3
-71100 6
-71000 1
-70900 0
-70800 0
-70700 2
-70600 0
-70500 1
-70400 0
-70300 1
-70200 2
-70100 3
-70000 2
-69900 18
-69800 155
-69700 1287
-69600 3111
-69500 2061
-69400 382
-69300 25
-69200 5
-69100 3
-69000 5
-68900 2
-68800 1
-68700 0
-68600 0
-68500 2
-68400 2
-68300 1
-68200 1
-68100 7
-68000 3
-67900 3
-67800 3
-67700 0
-67600 0
-67500 0
-67400 1
-67300 3
-67200 0
-67100 0
-67000 1
-66900 1
-66800 0
-66700 0
-66600 1
-66500 1
-66400 1
-66300 1
-66200 0
-66100 1
-66000 0
-65900 1
-65800 0
-65700 0
-65600 1
-65500 0
-65400 0
-65300 0
-65200 1
-65100 0
-65000 3
-64900 11
-64800 49
-64700 72
-64600 48
-64500 7
-64400 6
-64300 3
-64200 0
-64100 0
-64000 3
-63900 1
-63800 2
-63700 0
-63600 0
-63500 3
-63400 5
-63300 10
-63200 10
-63100 7
-63000 2
-62900 13
-62800 15
-62700 18
-62600 5
-62500 0
-62400 0
-62300 0
-62200 1
-62100 0
-62000 2
-61900 0
-61800 0
-61700 5
-61600 4
-61500 0
-61400 1
-61300 1
-61200 1
-61100 0
-61000 2
-60900 3
-60800 1
-60700 0
-60600 0
-60500 0
-60400 0
-60300 0
-60200 3
-60100 0
-60000 0
-59900 1
-59800 3
-59700 1
-59600 0
-59500 0
-59400 0
-59300 0
-59200 1
-59100 0
-59000 0
-58900 0
-58800 0
-58700 0
-58600 0
-58500 1
-58400 2
-58300 5
-58200 2
-58100 1
-58000 2
-57900 1
-57800 1
-57700 0
-57600 0
-57500 2
-57400 0
-57300 0
-57200 0
-57100 4
-57000 1
-56900 2
-56800 11
-56700 81
-56600 819
-56500 2759
-56400 2592
-56300 620
-56200 40
-56100 6
-56000 2
-55900 3
-55800 1
-55700 0
-55600 0
-55500 0
-55400 1
-55300 0
-55200 0
-55100 2
-55000 0
-54900 3
-54800 2
-54700 6
-54600 1
-54500 0
-54400 0
-54300 0
-54200 0
-54100 0
-54000 0
-53900 1
-53800 1
-53700 0
-53600 1
-53500 0
-53400 0
-53300 0
-53200 1
-53100 0
-53000 2
-52900 0
-52800 1
-52700 0
-52600 0
-52500 0
-52400 2
-52300 1
-52200 0
-52100 0
-52000 3
-51900 0
-51800 1
-51700 15
-51600 70
-51500 55
-51400 25
-51300 2
-51200 3
-51100 0
-51000 0
-50900 1
-50800 2
-50700 0
-50600 0
-50500 0
-50400 0
-50300 5
-50200 11
-50100 18
-50000 8
-49900 4
-49800 6
-49700 31
-49600 23
-49500 11
-49400 3
-49300 0
-49200 0
-49100 2
-49000 0
-48900 0
-48800 0
-48700 2
-48600 0
-48500 1
-48400 1
-48300 1
-48200 1
-48100 1
-48000 0
-47900 0
-47800 4
-47700 2
-47600 1
-47500 2
-47400 1
-47300 0
-47200 1
-47100 0
-47000 0
-46900 0
-46800 0
-46700 2
-46600 1
-46500 1
-46400 0
-46300 0
-46200 0
-46100 1
-46000 0
-45900 1
-45800 0
-45700 0
-45600 0
-45500 2
-45400 0
-45300 0
-45200 0
-45100 5
-45000 1
-44900 3
-44800 1
-44700 2
-44600 0
-44500 0
-44400 2
-44300 1
-44200 0
-44100 1
-44000 0
-43900 2
-43800 2
-43700 7
-43600 15
-43500 197
-43400 1590
-43300 3313
-43200 1749
-43100 243
-43000 14
-42900 2
-42800 4
-42700 7
-42600 1
-42500 1
-42400 0
-42300 1
-42200 2
-42100 2
-42000 1
-41900 1
-41800 1
-41700 3
-41600 4
-41500 2
-41400 2
-41300 1
-41200 0
-41100 1
-41000 1
-40900 0
-40800 0
-40700 1
-40600 1
-40500 0
-40400 0
-40300 0
-40200 0
-40100 0
-40000 1
-39900 0
-39800 0
-39700 0
-39600 1
-39500 1
-39400 0
-39300 1
-39200 0
-39100 1
-39000 1
-38900 1
-38800 1
-38700 2
-38600 2
-38500 48
-38400 106
-38300 48
-38200 9
-38100 2
-38000 1
-37900 0
-37800 2
-37700 0
-37600 1
-37500 1
-37400 3
-37300 2
-37200 2
-37100 6
-37000 17
-36900 15
-36800 7
-36700 3
-36600 15
-36500 28
-36400 27
-36300 9
-36200 0
-36100 0
-36000 0
-35900 1
-35800 0
-35700 0
-35600 4
-35500 1
-35400 1
-35300 1
-35200 1
-35100 1
-35000 0
-34900 0
-34800 1
-34700 0
-34600 1
-34500 0
-34400 1
-34300 1
-34200 0
-34100 0
-34000 0
-33900 0
-33800 1
-33700 1
-33600 0
-33500 0
-33400 2
-33300 0
-33200 0
-33100 0
-33000 0
-32900 0
-32800 0
-32700 0
-32600 2
-32500 2
-32400 1
-32300 0
-32200 0
-32100 2
-32000 1
-31900 2
-31800 3
-31700 4
-31600 2
-31500 1
-31400 0
-31300 2
-31200 0
-31100 0
-31000 1
-30900 1
-30800 3
-30700 3
-30600 9
-30500 8
-30400 67
-30300 812
-30200 2821
-30100 2591
-30000 605
-29900 41
-29800 3
-29700 4
-29600 2
-29500 1
-29400 3
-29300 1
-29200 0
-29100 1
-29000 1
-28900 0
-28800 3
-28700 7
-28600 2
-28500 6
-28400 1
-28300 1
-28200 0
-28100 2
-28000 1
-27900 0
-27800 0
-27700 0
-27600 1
-27500 0
-27400 0
-27300 0
-27200 0
-27100 2
-27000 2
-26900 1
-26800 0
-26700 2
-26600 1
-26500 0
-26400 2
-26300 1
-26200 1
-26100 1
-26000 0
-25900 0
-25800 2
-25700 3
-25600 2
-25500 7
-25400 39
-25300 70
-25200 36
-25100 12
-25000 1
-24900 1
-24800 2
-24700 1
-24600 3
-24500 0
-24400 1
-24300 1
-24200 0
-24100 1
-24000 9
-23900 16
-23800 17
-23700 5
-23600 3
-23500 16
-23400 24
-23300 25
-23200 8
-23100 1
-23000 0
-22900 0
-22800 0
-22700 2
-22600 0
-22500 1
-22400 0
-22300 0
-22200 0
-22100 1
-22000 0
-21900 0
-21800 1
-21700 2
-21600 1
-21500 2
-21400 0
-21300 0
-21200 0
-21100 0
-21000 1
-20900 0
-20800 1
-20700 0
-20600 2
-20500 2
-20400 3
-20300 0
-20200 0
-20100 0
-20000 0
-19900 0
-19800 1
-19700 0
-19600 0
-19500 0
-19400 0
-19300 0
-19200 0
-19100 1
-19000 1
-18900 0
-18800 3
-18700 4
-18600 0
-18500 3
-18400 0
-18300 0
-18200 1
-18100 0
-18000 1
-17900 0
-17800 1
-17700 2
-17600 2
-17500 7
-17400 9
-17300 149
-17200 1159
-17100 2932
-17000 2273
-16900 419
-16800 34
-16700 4
-16600 1
-16500 4
-16400 1
-16300 0
-16200 1
-16100 1
-16000 0
-15900 0
-15800 1
-15700 1
-15600 0
-15500 2
-15400 4
-15300 1
-15200 0
-15100 0
-15000 0
-14900 2
-14800 0
-14700 0
-14600 1
-14500 0
-14400 1
-14300 1
-14200 0
-14100 1
-14000 1
-13900 1
-13800 1
-13700 0
-13600 0
-13500 1
-13400 0
-13300 2
-13200 0
-13100 1
-13000 1
-12900 0
-12800 0
-12700 0
-12600 2
-12500 1
-12400 4
-12300 42
-12200 95
-12100 50
-12000 11
-11900 3
-11800 5
-11700 1
-11600 1
-11500 0
-11400 0
-11300 1
-11200 1
-11100 0
-11000 3
-10900 5
-10800 15
-10700 14
-10600 12
-10500 2
-10400 12
-10300 26
-10200 23
-10100 8
-10000 3
-9900 0
-9800 0
-9700 2
-9600 1
-9500 1
-9400 1
-9300 1
-9200 3
-9100 2
-9000 3
-8900 0
-8800 0
-8700 1
-8600 0
-8500 1
-8400 0
-8300 0
-8200 0
-8100 0
-8000 0
-7900 2
-7800 0
-7700 0
-7600 0
-7500 0
-7400 2
-7300 4
-7200 2
-7100 1
-7000 0
-6900 0
-6800 1
-6700 0
-6600 1
-6500 1
-6400 3
-6300 1
-6200 2
-6100 2
-6000 0
-5900 1
-5800 2
-5700 1
-5600 1
-5500 0
-5400 1
-5300 1
-5200 1
-5100 0
-5000 0
-4900 0
-4800 0
-4700 1
-4600 2
-4500 3
-4400 2
-4300 5
-4200 11
-4100 279
-4000 1758
-3900 3158
-3800 1539
-3700 183
-3600 14
-3500 2
-3400 1
-3300 3
-3200 0
-3100 0
-3000 0
-2900 0
-2800 1
-2700 0
-2600 1
-2500 3
-2400 2
-2300 6
-2200 3
-2100 1
-2000 1
-1900 0
-1800 0
-1700 1
-1600 0
-1500 0
-1400 2
-1300 0
-1200 1
-1100 1
-1000 2
-900 0
-800 0
-700 1
-600 2
-500 0
-400 0
-300 0
-200 1
-100 2
0 0
100 2
200 0
300 1
400 0
500 0
600 1
700 2
800 11
900 46
1000 72
1100 35
1200 10
1300 0
1400 2
1500 2
1600 0
1700 0
1800 0
1900 3
2000 0
2100 0
2200 1
2300 6
2400 8
2500 11
2600 1
2700 4
2800 10
2900 21
3000 17
3100 4
3200 0
3300 1
3400 2
3500 0
3600 2
3700 2
3800 0
3900 0
4000 1
4100 1
4200 0
4300 1
4400 0
4500 0
4600 1
4700 0
4800 1
4900 0
5000 0
5100 0
5200 1
5300 1
5400 1
5500 0
5600 0
5700 0
5800 2
5900 1
6000 0
6100 0
6200 0
6300 1
6400 0
6500 0
6600 0
6700 0
6800 0
6900 0
7000 2
7100 0
7200 0
7300 1
7400 2
7500 1
7600 0
7700 1
7800 1
7900 1
8000 0
8100 1
8200 0
8300 0
8400 0
8500 0
8600 3
8700 5
8800 10
8900 13
9000 97
9100 924
9200 4158
9300 4895
9400 1567
9500 148
9600 9
9700 6
9800 2
9900 0
10000 3
10100 0
10200 2
10300 0
10400 1
10500 0
10600 1
10700 3
10800 1
10900 8
11000 3
11100 0
11200 0
11300 0
11400 0
11500 1
11600 0
11700 0
11800 1
11900 0
12000 2
12100 1
12200 0
12300 0
12400 0
12500 0
12600 2
12700 0
12800 1
12900 0
13000 0
13100 2
13200 0
13300 1
13400 0
13500 1
13600 0
13700 2
13800 0
13900 1
14000 9
14100 58
14200 81
14300 32
14400 3
14500 1
14600 0
14700 0
14800 1
14900 0
15000 0
15100 0
15200 0
15300 0
15400 2
15500 7
15600 18
15700 16
15800 5
15900 9
16000 14
16100 20
16200 10
16300 8
16400 1
16500 1
16600 2
16700 1
16800 0
16900 1
17000 1
17100 0
17200 1
17300 2
17400 3
17500 0
17600 0
17700 0
17800 2
17900 1
18000 2
18100 1
18200 1
18300 1
18400 1
18500 0
18600 1
18700 0
18800 1
18900 1
19000 1
19100 0
19200 0
19300 0
19400 1
19500 1
19600 0
19700 1
19800 1
19900 0
20000 0
20100 0
20200 0
20300 1
20400 2
20500 1
20600 1
20700 2
20800 0
20900 3
21000 2
21100 2
21200 1
21300 0
21400 0
21500 2
21600 0
21700 0
21800 2
21900 1
22000 7
22100 12
22200 201
22300 1499
22400 3219
22500 1791
22600 272
22700 24
22800 4
22900 1
23000 1
23100 1
23200 1
23300 2
23400 1
23500 1
23600 0
23700 0
23800 1
23900 4
24000 3
24100 3
24200 1
24300 1
24400 0
24500 0
24600 1
24700 0
24800 0
24900 0
25000 1
25100 2
25200 0
25300 2
25400 0
25500 0
25600 4
25700 0
25800 0
25900 0
26000 2
26100 0
26200 0
26300 2
26400 0
26500 0
26600 1
26700 0
26800 1
26900 2
27000 3
27100 15
27200 53
27300 92
27400 23
27500 2
27600 2
27700 0
27800 1
27900 0
28000 1
28100 0
28200 2
28300 0
28400 1
28500 8
28600 13
28700 23
28800 11
28900 5
29000 8
29100 16
29200 16
29300 13
29400 5
29500 4
29600 0
29700 0
29800 1
29900 2
30000 0
30100 0
30200 0
30300 1
30400 3
30500 2
30600 0
30700 0
30800 1
30900 1
31000 1
31100 1
31200 0
31300 2
31400 1
31500 1
31600 1
31700 0
31800 0
31900 1
32000 1
32100 2
32200 0
32300 1
32400 1
32500 0
32600 0
32700 0
32800 0
32900 0
33000 1
33100 0
33200 1
33300 0
33400 0
33500 0
33600 1
33700 4
33800 2
33900 2
34000 1
34100 5
34200 1
34300 2
34400 1
34500 0
34600 0
34700 0
34800 1
34900 4
35000 9
35100 5
35200 22
35300 317
35400 1816
35500 3164
35600 1475
35700 167
35800 8
35900 4
36000 1
36100 3
36200 2
36300 0
36400 1
36500 0
36600 2
36700 0
36800 0
36900 1
37000 6
37100 2
37200 3
37300 1
37400 0
37500 2
37600 0
37700 0
37800 0
37900 0
38000 0
38100 0
38200 1
38300 1
38400 0
38500 0
38600 0
38700 0
38800 0
38900 1
39000 0
39100 0
39200 0
39300 0
39400 1
39500 0
39600 0
39700 1
39800 1
39900 0
40000 1
40100 1
40200 4
40300 50
40400 67
40500 29
40600 9
40700 3
40800 1
40900 2
41000 1
41100 0
41200 0
41300 1
41400 4
41500 2
41600 3
41700 8
41800 16
41900 13
42000 5
42100 3
42200 8
42300 30
42400 19
42500 12
42600 2
42700 0
42800 0
42900 1
43000 0
43100 0
43200 0
43300 0
43400 2
43500 2
43600 3
43700 0
43800 0
43900 0
44000 0
44100 0
44200 1
44300 0
44400 1
44500 0
44600 0
44700 0
44800 1
44900 1
45000 1
45100 0
45200 3
45300 1
45400 0
45500 1
45600 0
45700 0
45800 0
45900 0
46000 0
46100 1
46200 0
46300 1
46400 0
46500 1
46600 2
46700 4
46800 0
46900 3
47000 3
47100 0
47200 1
47300 0
47400 0
47500 1
47600 2
47700 0
47800 0
47900 1
48000 1
48100 4
48200 3
48300 4
48400 78
48500 786
48600 2858
48700 2699
48800 567
48900 37
49000 5
49100 5
49200 1
49300 0
49400 0
49500 1
49600 1
49700 1
49800 0
49900 0
50000 5
50100 2
50200 1
50300 3
50400 5
50500 1
50600 0
50700 0
50800 0
50900 0
51000 1
51100 0
51200 0
51300 0
51400 1
51500 0
51600 0
51700 2
51800 1
51900 0
52000 1
52100 1
52200 0
52300 1
52400 0
52500 0
52600 0
52700 0
52800 0
52900 1
53000 1
53100 2
53200 0
53300 4
53400 36
53500 104
53600 106
53700 25
53800 5
53900 7
54000 2
54100 0
54200 0
54300 0
54400 0
54500 1
54600 0
54700 1
54800 4
54900 9
55000 10
55100 10
55200 1
55300 2
55400 24
55500 25
55600 14
55700 3
55800 0
55900 2
56000 0
56100 2
56200 0
56300 0
56400 1
56500 2
56600 5
56700 4
56800 2
56900 1
57000 0
57100 1
57200 1
57300 0
57400 0
57500 1
57600 0
57700 1
57800 0
57900 0
58000 2
58100 0
58200 0
58300 1
58400 0
58500 1
58600 1
58700 1
58800 1
58900 1
59000 1
59100 1
59200 0
59300 0
59400 0
59500 1
59600 1
59700 1
59800 0
59900 1
60000 0
60100 1
60200 2
60300 3
60400 2
60500 1
60600 0
60700 0
60800 0
60900 0
61000 0
61100 0
61200 3
61300 2
61400 8
61500 23
61600 301
61700 1777
61800 3193
61900 1481
62000 173
62100 10
62200 2
62300 0
62400 0
62500 1
62600 0
62700 2
62800 0
62900 0
63000 1
63100 0
63200 2
63300 2
63400 2
63500 4
63600 4
63700 1
63800 0
63900 3
64000 1
64100 0
64200 0
64300 1
64400 0
64500 1
64600 1
64700 1
64800 0
64900 0
65000 2
65100 0
65200 1
65300 1
65400 1
65500 2
65600 0
65700 0
65800 1
65900 1
66000 1
66100 0
66200 1
66300 1
66400 2
66500 10
66600 43
66700 81
66800 29
66900 4
67000 5
67100 1
67200 2
67300 0
67400 0
67500 0
67600 0
67700 1
67800 0
67900 3
68000 5
68100 11
68200 23
68300 1
68400 4
68500 10
68600 23
68700 7
68800 7
68900 1
69000 0
69100 1
69200 1
69300 0
69400 0
69500 0
69600 0
69700 3
69800 0
69900 2
70000 1
70100 0
70200 2
70300 0
70400 1
70500 2
70600 0
70700 1
70800 0
70900 0
71000 1
71100 0
71200 0
71300 0
71400 0
71500 1
71600 1
71700 1
71800 0
71900 0
72000 0
72100 0
72200 0
72300 2
72400 2
72500 0
72600 0
72700 1
72800 0
72900 0
73000 3
73100 2
73200 2
73300 3
73400 3
73500 2
73600 4
73700 1
73800 1
73900 2
74000 1
74100 0
74200 1
74300 0
74400 2
74500 3
74600 15
74700 216
74800 1462
74900 3151
75000 1833
75100 284
75200 12
75300 4
75400 4
75500 0
75600 0
75700 0
75800 0
75900 0
76000 0
76100 1
76200 0
76300 4
76400 1
76500 2
76600 4
76700 4
76800 0
76900 0
77000 0
77100 0
77200 2
77300 0
77400 1
77500 3
77600 1
77700 0
77800 1
77900 1
78000 0
78100 0
78200 0
78300 0
78400 0
78500 0
78600 2
78700 0
78800 1
78900 1
79000 0
79100 1
79200 1
79300 0
79400 0
79500 0
79600 12
79700 34
79800 89
79900 42
80000 10
80100 2
80200 1
80300 1
80400 0
80500 0
80600 0
80700 1
80800 0
80900 1
81000 2
81100 11
81200 19
81300 19
81400 3
81500 2
81600 26
81700 21
81800 17
81900 9
82000 0
82100 0
82200 0
82300 3
82400 1
82500 1
82600 1
82700 0
82800 1
82900 0
83000 1
83100 0
83200 0
83300 1
83400 2
83500 4
83600 2
83700 0
83800 1
83900 1
84000 1
84100 0
84200 0
84300 0
84400 0
84500 0
84600 1
84700 2
84800 0
84900 1
85000 0
85100 0
85200 1
85300 0
85400 0
85500 0
85600 1
85700 1
85800 0
85900 2
86000 1
86100 1
86200 3
86300 3
86400 1
86500 2
86600 1
86700 2
86800 1
86900 0
87000 1
87100 1
87200 0
87300 1
87400 2
87500 0
87600 1
87700 8
87800 89
87900 974
88000 2994
88100 2370
88200 514
88300 45
88400 6
88500 4
88600 4
88700 2
88800 0
88900 1
89000 0
89100 0
89200 0
89300 0
89400 3
89500 1
89600 1
89700 1
89800 2
89900 4
90000 0
90100 1
90200 0
90300 1
90400 1
90500 0
90600 0
90700 0
90800 0
90900 2
91000 0
91100 0
91200 0
91300 1
91400 0
91500 0
91600 0
91700 0
91800 1
91900 0
92000 1
92100 0
92200 1
92300 1
92400 4
92500 1
92600 0
92700 0
92800 33
92900 87
93000 60
93100 8
93200 2
93300 2
93400 0
93500 1
93600 1
93700 0
93800 0
93900 0
94000 2
94100 2
94200 5
94300 19
94400 15
94500 6
94600 2
94700 8
94800 21
94900 15
95000 11
95100 5
95200 2
95300 1
95400 1
95500 0
95600 0
95700 0
95800 2
95900 4
96000 4
96100 3
96200 0
96300 0
96400 2
96500 0
96600 0
96700 2
96800 2
96900 0
97000 0
97100 1
97200 0
97300 0
97400 0
97500 0
97600 1
97700 1
97800 4
97900 0
98000 1
98100 1
98200 0
98300 1
98400 0
98500 0
98600 1
98700 2
98800 2
98900 1
99000 0
99100 0
99200 1
99300 4
99400 0
99500 1
99600 2
99700 2
99800 3
99900 2
100000 1
100100 1
100200 1
100300 1
100400 0
100500 2
100600 3
100700 9
100800 11
100900 28
101000 343
101100 2002
101200 3105
101300 1347
101400 146
101500 9
101600 1
101700 3
101800 3
101900 1
102000 0
102100 1
102200 0
102300 0
102400 1
102500 0
102600 0
102700 2
102800 2
102900 1
103000 2
103100 1
103200 0
103300 0
103400 0
103500 0
103600 2
103700 2
103800 1
103900 0
104000 0
104100 0
104200 0
104300 1
104400 3
104500 1
104600 0
104700 0
104800 0
104900 0
105000 0
105100 1
105200 1
105300 0
105400 0
105500 1
105600 0
105700 1
105800 2
105900 16
106000 54
106100 79
106200 24
106300 5
106400 1
106500 1
106600 1
106700 1
106800 0
106900 0
107000 1
107100 0
107200 2
107300 1
107400 9
107500 19
107600 23
107700 6
107800 4
107900 18
108000 25
108100 19
108200 3
108300 3
108400 1
108500 2
108600 2
108700 2
108800 1
108900 0
109000 1
109100 0
109200 1
109300 6
109400 3
109500 0
109600 1
109700 1
109800 1
109900 1
110000 1
110100 0
110200 0
110300 0
110400 0
110500 1
110600 0
110700 2
110800 0
110900 1
111000 1
111100 1
111200 1
111300 0
111400 0
111500 2
111600 0
111700 0
111800 0
111900 2
112000 0
112100 0
112200 1
112300 0
112400 4
112500 1
112600 3
112700 0
112800 3
112900 0
113000 0
113100 0
113200 0
113300 0
113400 1
113500 0
113600 0
113700 0
113800 2
113900 4
114000 15
114100 153
114200 1236
114300 3138
114400 2068
114500 342
114600 20
114700 3
114800 5
114900 4
115000 0
115100 1
115200 0
115300 0
115400 0
115500 0
115600 2
115700 3
115800 2
115900 2
116000 1
116100 0
116200 1
116300 0
116400 0
116500 1
116600 0
116700 1
116800 2
116900 1
117000 1
117100 2
117200 0
117300 3
117400 0
117500 1
117600 0
117700 2
117800 1
117900 2
118000 0
118100 0
118200 1
118300 0
118400 0
118500 0
118600 0
118700 0
118800 0
118900 1
119000 9
119100 47
119200 73
119300 45
119400 4
119500 0
119600 2
119700 0
119800 1
119900 1
120000 0
120100 4
120200 0
120300 1
120400 1
120500 9
120600 24
120700 19
120800 8
120900 3
121000 12
121100 13
121200 21
121300 8
121400 1
121500 1
121600 1
121700 0
121800 0
121900 0
122000 1
122100 1
122200 0
122300 1
122400 2
122500 0
122600 1
122700 0
122800 0
122900 3
123000 0
123100 0
123200 0
123300 0
123400 0
123500 1
123600 1
123700 2
123800 2
123900 0
124000 1
124100 2
124200 0
124300 0
124400 0
124500 0
124600 0
124700 2
124800 0
124900 0
125000 1
125100 1
125200 1
125300 3
125400 2
125500 1
125600 1
125700 4
125800 3
125900 1
126000 1
126100 1
126200 0
126300 0
126400 1
126500 1
126600 0
126700 2
126800 0
126900 2
127000 6
127100 6
127200 60
127300 718
127400 2646
127500 2752
127600 699
127700 54
127800 8
127900 1
128000 1
128100 0
128200 0
128300 1
128400 0
128500 1
128600 0
128700 2
128800 2
128900 2
129000 4
129100 3
129200 2
129300 1
129400 1
129500 0
129600 1
129700 0
129800 0
129900 2
130000 0
130100 0
130200 0
130300 1
130400 1
130500 1
130600 1
130700 1
130800 1
130900 2
131000 1
131100 1
131200 0
131300 1
131400 0
131500 0
131600 0
131700 0
131800 2
131900 2
132000 4
132100 3
132200 31
132300 77
132400 64
132500 16
132600 1
132700 1
132800 1
132900 0
133000 1
133100 0
133200 2
133300 3
133400 3
133500 2
133600 4
133700 13
133800 19
133900 9
134000 5
134100 4
134200 26
134300 23
134400 11
134500 4
134600 3
134700 0
134800 0
134900 0
135000 1
135100 0
135200 0
135300 2
135400 3
135500 4
135600 2
135700 0
135800 0
135900 1
136000 0
136100 0
136200 1
136300 0
136400 1
136500 1
136600 1
136700 0
136800 0
136900 0
137000 1
137100 0
137200 0
137300 0
137400 2
137500 1
137600 1
137700 0
137800 1
137900 0
138000 0
138100 0
138200 1
138300 0
138400 0
138500 0
138600 0
138700 6
138800 0
138900 3
139000 2
139100 1
139200 1
139300 0
139400 0
139500 1
139600 1
139700 0
139800 1
139900 1
140000 0
140100 4
140200 3
140300 28
140400 360
140500 1938
140600 3166
140700 1361
140800 178
140900 9
141000 4
141100 3
141200 1
141300 1
141400 0
141500 0
141600 1
141700 0
141800 0
141900 2
142000 1
142100 6
142200 3
142300 1
142400 5
142500 1
142600 0
142700 0
142800 0
142900 0
143000 0
143100 0
143200 0
143300 0
143400 0
143500 0
143600 2
143700 0
143800 1
143900 0
144000 0
144100 0
144200 1
144300 1
144400 1
144500 1
144600 0
144700 3
144800 0
144900 1
145000 0
145100 3
145200 3
145300 11
145400 56
145500 85
145600 24
145700 10
145800 0
145900 0
146000 0
146100 0
146200 0
146300 0
146400 3
146500 1
146600 0
146700 9
146800 5
146900 16
147000 11
147100 7
147200 5
147300 9
147400 25
147500 17
147600 12
147700 3
147800 0
147900 1
148000 2
148100 0
148200 0
148300 0
148400 0
148500 2
148600 1
148700 2
148800 0
148900 1
149000 1
149100 0
149200 2
149300 2
149400 2
149500 0
149600 0
149700 1
149800 0
149900 0
150000 1
150100 2
150200 0
150300 0
150400 0
150500 1
150600 1
150700 1
150800 1
150900 0
151000 0
151100 0
151200 1
151300 0
151400 1
151500 0
151600 3
151700 2
151800 1
151900 3
152000 2
152100 5
152200 2
152300 0
152400 2
152500 0
152600 0
152700 0
152800 0
152900 0
153000 1
153100 1
153200 3
153300 3
153400 12
153500 134
153600 1139
153700 3088
153800 2279
153900 417
154000 29
154100 3
154200 4
154300 4
154400 2
154500 0
154600 0
154700 1
154800 1
154900 0
155000 0
155100 0
155200 6
155300 5
155400 2
155500 0
155600 1
155700 2
155800 0
155900 2
156000 0
156100 0
156200 1
156300 0
156400 0
156500 1
156600 0
156700 2
156800 1
156900 2
157000 1
157100 0
157200 0
157300 1
157400 0
157500 0
157600 1
157700 1
157800 0
157900 0
158000 1
158100 0
158200 2
158300 1
158400 5
158500 40
158600 76
158700 56
158800 10
158900 2
159000 3
159100 2
159200 0
159300 0
159400 0
159500 1
159600 1
159700 1
159800 2
159900 7
160000 14
160100 13
160200 7
160300 2
160400 20
160500 17
160600 24
160700 11
160800 4
160900 1
161000 0
161100 2
161200 0
161300 1
161400 1
161500 0
161600 2
161700 0
161800 3
161900 0
162000 1
162100 0
162200 2
162300 2
162400 1
162500 1
162600 0
162700 0
162800 0
162900 1
163000 0
163100 0
163200 0
163300 0
163400 1
163500 1
163600 1
163700 1
163800 2
163900 0
164000 1
164100 0
164200 0
164300 1
164400 0
164500 0
164600 0
164700 1
164800 2
164900 2
165000 1
165100 1
165200 1
165300 3
165400 4
165500 1
165600 0
165700 1
165800 0
165900 0
166000 0
166100 0
166200 0
166300 1
166400 10
166500 7
166600 44
166700 608
166800 2562
166900 2939
167000 905
167100 83
167200 7
167300 6
167400 3
167500 2
167600 3
167700 1
167800 1
167900 1
168000 0
168100 0
168200 0
168300 3
168400 5
168500 6
168600 0
168700 1
168800 1
168900 2
169000 2
169100 0
169200 0
169300 2
169400 0
169500 2
169600 0
169700 0
169800 0
169900 3
170000 0
170100 0
170200 0
170300 0
170400 0
170500 0
170600 3
170700 1
170800 0
170900 0
171000 1
171100 0
171200 0
171300 0
171400 3
171500 3
171600 23
171700 81
171800 70
171900 9
172000 1
172100 1
172200 1
172300 0
172400 2
172500 0
172600 1
172700 2
172800 1
172900 1
173000 3
173100 15
173200 11
173300 12
173400 5
173500 10
173600 17
173700 15
173800 10
173900 2
174000 2
174100 0
174200 1
174300 1
174400 1
174500 1
174600 0
174700 0
174800 0
174900 2
175000 0
175100 2
175200 0
175300 0
175400 1
175500 1
175600 0
175700 0
175800 1
175900 0
176000 0
176100 0
176200 0
176300 0
176400 1
176500 1
176600 2
176700 3
176800 1
176900 1
177000 0
177100 1
177200 2
177300 0
177400 0
177500 2
177600 0
177700 1
177800 2
177900 0
178000 1
178100 1
178200 1
178300 2
178400 3
178500 1
178600 0
178700 0
178800 1
178900 1
179000 1
179100 1
179200 2
179300 0
179400 3
179500 3
179600 8
179700 17
179800 293
179900 1791
180000 3133
180100 1482
180200 174
180300 14
180400 4
180500 1
180600 1
180700 0
180800 0
180900 0
181000 0
181100 0
181200 2
181300 1
181400 2
181500 5
181600 4
181700 9
181800 0
181900 1
182000 0
182100 0
182200 0
182300 1
182400 1
182500 2
182600 0
182700 0
182800 0
182900 1
183000 0
183100 0
183200 2
183300 0
183400 0
183500 0
183600 0
183700 1
183800 0
183900 0
184000 0
184100 0
184200 0
184300 0
184400 1
184500 1
184600 2
184700 9
184800 45
184900 69
185000 41
185100 8
185200 2
185300 0
185400 0
185500 2
185600 1
185700 1
185800 4
185900 1
186000 0
186100 2
186200 7
186300 24
186400 12
186500 9
186600 5
186700 15
186800 24
186900 16
187000 4
187100 1
187200 0
187300 1
187400 0
187500 2
187600 1
187700 0
187800 1
187900 4
188000 5
188100 0
188200 0
188300 0
188400 2
188500 2
188600 1
188700 2
188800 0
188900 0
189000 2
189100 1
189200 0
189300 0
189400 2
189500 0
189600 1
189700 4
189800 1
189900 0
190000 2
190100 0
190200 0
190300 1
190400 0
190500 0
190600 0
190700 0
190800 0
190900 0
191000 0
191100 0
191200 1
191300 0
191400 1
191500 1
191600 4
191700 4
191800 1
191900 1
192000 0
192100 0
192200 2
192300 0
192400 1
192500 4
192600 2
192700 7
192800 15
192900 104
193000 987
193100 2820
193200 2355
193300 595
193400 50
193500 3
193600 2
193700 0
193800 0
193900 1
194000 0
194100 0
194200 0
194300 0
194400 1
194500 3
194600 1
194700 5
194800 5
194900 2
195000 1
195100 1
195200 1
195300 1
195400 1
195500 0
195600 1
195700 1
195800 0
195900 0
196000 0
196100 0
196200 3
196300 1
196400 1
196500 1
196600 0
196700 0
196800 1
196900 0
197000 0
197100 3
197200 1
197300 2
197400 0
197500 0
197600 0
197700 0
197800 5
197900 28
198000 65
198100 49
198200 14
198300 1
198400 2
198500 2
198600 0
198700 0
198800 0
198900 0
199000 4
199100 1
199200 0
199300 7
199400 29
199500 14
199600 10
199700 2
199800 6
199900 22
200000 14
200100 6
200200 4
200300 1
200400 1
200500 0
200600 0
200700 1
200800 1
200900 2
201000 1
201100 2
201200 1
201300 1
201400 1
201500 1
201600 2
201700 0
201800 3
201900 1
202000 0
202100 0
202200 0
202300 0
202400 2
202500 1
202600 0
202700 0
202800 2
202900 0
203000 0
203100 0
203200 1
203300 1
203400 0
203500 0
203600 0
203700 0
203800 1
203900 1
204000 2
204100 0
204200 3
204300 0
204400 1
204500 1
204600 0
204700 2
204800 1
204900 2
205000 0
205100 0
205200 0
205300 0
205400 0
205500 1
205600 1
205700 2
205800 11
205900 8
206000 69
206100 542
206200 2318
206300 2870
206400 1019
206500 89
206600 6
206700 3
206800 4
206900 1
207000 0
207100 0
207200 0
207300 0
207400 1
207500 3
207600 2
207700 4
207800 1
207900 4
208000 4
208100 0
208200 1
208300 1
208400 1
208500 1
208600 0
208700 2
208800 0
208900 0
209000 0
209100 0
209200 0
209300 0
209400 1
209500 0
209600 2
209700 1
209800 1
209900 0
210000 0
210100 0
210200 1
210300 0
210400 1
210500 0
210600 0
210700 1
210800 1
210900 1
211000 22
211100 66
211200 73
211300 16
211400 3
211500 2
211600 2
211700 0
211800 0
211900 2
212000 3
212100 1
212200 0
212300 1
212400 6
212500 13
212600 13
212700 10
212800 5
212900 1
213000 21
213100 20
213200 10
213300 1
213400 2
213500 0
213600 1
213700 1
213800 2
213900 0
214000 1
214100 1
214200 0
214300 1
214400 0
214500 0
214600 2
214700 1
214800 2
214900 1
215000 2
215100 2
215200 0
215300 0
215400 0
215500 0
215600 0
215700 0
215800 2
215900 0
216000 0
216100 0
216200 0
216300 0
216400 0
216500 1
216600 3
216700 2
216800 0
216900 0
217000 1
217100 0
217200 1
217300 1
217400 0
217500 3
217600 2
217700 0
217800 3
217900 0
218000 3
218100 0
218200 0
218300 0
218400 0
218500 0
218600 2
218700 0
218800 3
218900 9
219000 7
219100 20
219200 235
219300 1645
219400 3071
219500 1704
219600 249
219700 17
219800 5
219900 6
220000 0
220100 0
220200 0
220300 0
220400 0
220500 1
220600 0
220700 0
220800 1
220900 2
221000 6
221100 5
221200 1
221300 2
221400 0
221500 0
221600 0
221700 1
221800 1
221900 1
222000 1
222100 1
222200 0
222300 1
222400 0
222500 0
222600 0
222700 0
222800 1
222900 0
223000 0
223100 0
223200 0
223300 0
223400 1
223500 1
223600 0
223700 0
223800 0
223900 2
224000 2
224100 20
224200 45
224300 91
224400 30
224500 9
224600 0
224700 3
224800 0
224900 1
225000 1
225100 1
225200 1
225300 2
225400 1
225500 2
225600 15
225700 14
225800 22
225900 7
226000 3
226100 19
226200 24
226300 26
226400 14
226500 1
226600 0
226700 2
226800 0
226900 0
227000 1
227100 0
227200 0
227300 1
227400 2
227500 1
227600 0
227700 1
227800 1
227900 0
228000 1
228100 0
228200 0
228300 0
228400 1
228500 1
228600 0
228700 1
228800 0
228900 0
229000 1
229100 1
229200 3
229300 0
229400 0
229500 2
229600 0
229700 0
229800 0
229900 0
230000 0
230100 1
230200 1
230300 0
230400 1
230500 2
230600 2
230700 2
230800 2
230900 2
231000 2
231100 2
231200 0
231300 2
231400 0
231500 0
231600 0
231700 0
231800 2
231900 2
232000 3
232100 7
232200 10
232300 178
232400 1188
232500 2991
232600 2142
232700 456
232800 43
232900 3
233000 1
233100 3
233200 2
233300 0
233400 2
233500 0
233600 0
233700 0
233800 0
233900 1
234000 3
234100 2
234200 1
234300 2
234400 3
234500 1
234600 0
234700 1
234800 0
234900 0
235000 0
235100 1
235200 0
235300 0
235400 0
235500 0
235600 0
235700 1
235800 0
235900 0
236000 1
236100 0
236200 1
236300 1
236400 0
236500 0
236600 1
236700 1
236800 1
236900 1
237000 1
237100 0
237200 8
237300 28
237400 91
237500 58
237600 8
237700 4
237800 2
237900 0
238000 1
238100 1
238200 0
238300 0
238400 0
238500 0
238600 1
238700 11
238800 9
238900 19
239000 7
239100 2
239200 5
239300 24
239400 16
239500 11
239600 3
239700 0
239800 1
239900 3
240000 0
240100 1
240200 0
240300 0
240400 1
240500 7
240600 0
240700 1
240800 4
240900 1
241000 2
241100 3
241200 1
241300 0
241400 2
241500 0
241600 0
241700 1
241800 1
241900 0
242000 1
242100 2
242200 0
242300 3
242400 1
242500 1
242600 0
242700 0
242800 0
242900 1
243000 0
243100 0
243200 0
243300 0
243400 1
243500 0
243600 0
243700 1
243800 1
243900 3
244000 1
244100 1
244200 2
244300 1
244400 1
244500 2
244600 0
244700 0
244800 1
244900 0
245000 0
245100 4
245200 1
245300 7
245400 45
245500 553
245600 2323
245700 2785
245800 1047
245900 115
246000 12
246100 5
246200 1
246300 2
246400 0
246500 0
246600 2
246700 1
246800 1
246900 2
247000 0
247100 2
247200 5
247300 1
247400 7
247500 1
247600 1
247700 1
247800 1
247900 1
248000 0
248100 1
248200 0
248300 1
248400 1
248500 0
248600 2
248700 0
248800 0
248900 0
249000 0
249100 0
249200 0
249300 0
249400 0
249500 2
249600 0
249700 0
249800 2
249900 0
250000 0
250100 1
250200 1
250300 2
250400 22
250500 74
250600 77
250700 21
250800 6
250900 1
251000 2
251100 0
251200 2
251300 0
251400 0
251500 0
251600 0
251700 0
251800 3
251900 9
252000 23
252100 7
252200 2
252300 3
252400 14
252500 18
252600 15
252700 2
252800 1
252900 2
253000 0
253100 1
253200 0
253300 1
253400 0
253500 0
253600 2
253700 3
253800 2
253900 1
254000 1
254100 1
254200 3
254300 2
254400 0
254500 0
254600 2
254700 0
254800 0
254900 0
255000 0
255100 1
255200 0
255300 1
255400 0
255500 2
255600 0
255700 1
255800 0
255900 1
256000 0
256100 0
256200 1
256300 0
256400 0
256500 0
256600 0
256700 0
256800 1
256900 1
257000 1
257100 4
257200 1
257300 3
257400 1
257500 2
257600 2
257700 0
257800 0
257900 0
258000 1
258100 1
258200 3
258300 1
258400 3
258500 21
258600 291
258700 1705
258800 3065
258900 1674
259000 224
259100 18
259200 4
259300 3
259400 1
259500 0
259600 1
259700 2
259800 0
259900 1
260000 1
260100 1
260200 4
260300 5
260400 7
260500 2
260600 0
260700 0
260800 1
260900 1
261000 0
261100 1
261200 0
261300 2
261400 0
261500 1
261600 1
261700 0
261800 1
261900 4
262000 0
262100 1
262200 0
262300 1
262400 0
262500 0
262600 1
262700 1
262800 2
262900 1
263000 2
263100 1
263200 0
263300 2
263400 4
263500 13
263600 51
263700 74
263800 30
263900 9
264000 2
264100 5
264200 0
264300 0
264400 1
264500 0
264600 1
264700 2
264800 0
264900 5
265000 7
265100 15
265200 13
265300 4
265400 5
265500 21
265600 14
265700 22
265800 4
265900 1
266000 0
266100 4
266200 3
266300 1
266400 0
266500 0
266600 0
266700 0
266800 0
266900 1
267000 0
267100 0
267200 1
267300 2
267400 0
267500 0
267600 0
267700 1
267800 1
267900 0
268000 0
268100 0
268200 0
268300 2
268400 0
268500 1
268600 0
268700 5
268800 0
268900 0
269000 0
269100 1
269200 0
269300 0
269400 0
269500 0
269600 0
269700 2
269800 0
269900 3
270000 5
270100 3
270200 5
270300 1
270400 1
270500 2
270600 0
270700 2
270800 0
270900 0
271000 0
271100 1
271200 0
271300 0
271400 1
271500 3
271600 9
271700 155
271800 1169
271900 2979
272000 2228
272100 550
272200 50
272300 5
272400 4
272500 1
272600 1
272700 0
272800 1
272900 0
273000 0
273100 0
273200 2
273300 4
273400 4
273500 2
273600 1
273700 3
273800 4
273900 1
274000 0
274100 0
274200 1
274300 0
274400 0
274500 1
274600 0
274700 0
274800 0
274900 0
275000 0
275100 2
275200 0
275300 0
275400 0
275500 0
275600 1
275700 0
275800 0
275900 0
276000 0
276100 2
276200 0
276300 0
276400 4
276500 1
276600 4
276700 28
276800 67
276900 37
277000 13
277100 3
277200 2
277300 2
277400 1
277500 1
277600 0
277700 2
277800 1
277900 0
278000 1
278100 9
278200 18
278300 20
278400 9
278500 4
278600 8
278700 22
278800 18
278900 9
279000 2
279100 0
279200 3
279300 3
279400 0
279500 0
279600 3
279700 1
279800 0
279900 2
280000 2
280100 1
280200 0
280300 0
280400 2
280500 2
280600 1
280700 0
280800 0
280900 1
281000 0
281100 0
281200 0
281300 0
281400 0
281500 1
281600 3
281700 2
281800 1
281900 2
282000 0
282100 1
282200 3
282300 0
282400 0
282500 0
282600 0
282700 0
282800 0
282900 0
283000 1
283100 1
283200 2
283300 0
283400 1
283500 1
283600 1
283700 2
283800 1
283900 0
284000 1
284100 0
284200 1
284300 0
284400 0
284500 5
284600 3
284700 9
284800 73
284900 618
285000 2353
285100 2788
285200 1016
285300 108
285400 11
285500 2
285600 2
285700 1
285800 0
285900 0
286000 0
286100 0
286200 1
286300 0
286400 0
286500 0
286600 4
286700 5
286800 5
286900 1
287000 1
287100 0
287200 0
287300 1
287400 0
287500 1
287600 0
287700 0
287800 0
287900 1
288000 1
288100 0
288200 0
288300 0
288400 2
288500 1
288600 1
288700 3
288800 0
288900 1
289000 1
289100 0
289200 0
289300 0
289400 1
289500 1
289600 3
289700 6
289800 21
289900 65
290000 74
290100 18
290200 2
290300 3
290400 1
290500 1
290600 0
290700 1
290800 0
290900 1
291000 0
291100 0
291200 6
291300 12
291400 17
291500 13
291600 5
291700 5
291800 18
291900 20
292000 18
292100 5
292200 0
292300 0
292400 1
292500 0
292600 0
292700 3
292800 0
292900 1
293000 3
293100 2
293200 1
293300 0
293400 0
293500 0
293600 0
293700 3
293800 1
293900 1
294000 1
294100 1
294200 1
294300 1
294400 0
294500 0
294600 0
294700 1
294800 1
294900 1
295000 1
295100 0
295200 1
295300 1
295400 0
295500 0
295600 0
295700 0
295800 1
295900 0
296000 1
296100 0
296200 2
296300 3
296400 2
296500 1
296600 0
296700 5
296800 1
296900 0
297000 0
297100 1
297200 0
297300 0
297400 0
297500 1
297600 2
297700 2
297800 2
297900 29
298000 273
298100 1599
298200 3081
298300 1774
298400 292
298500 21
298600 3
298700 0
298800 2
298900 1
299000 0
299100 0
299200 0
299300 1
299400 2
299500 2
299600 5
299700 4
299800 3
299900 2
