-300000 4
-299900 18
-299800 27
-299700 47
-299600 32
-299500 6
-299400 6
-299300 26
-299200 58
-299100 49
-299000 23
-298900 7
-298800 0
-298700 5
-298600 2
-298500 2
-298400 2
-298300 4
-298200 3
-298100 3
-298000 7
-297900 3
-297800 1
-297700 1
-297600 0
-297500 3
-297400 5
-297300 0
-297200 3
-297100 1
-297000 1
-296900 0
-296800 2
-296700 1
-296600 3
-296500 2
-296400 3
-296300 2
-296200 2
-296100 3
-296000 1
-295900 0
-295800 1
-295700 2
-295600 1
-295500 2
-295400 3
-295300 4
-295200 1
-295100 0
-295000 2
-294900 3
-294800 1
-294700 0
-294600 1
-294500 6
-294400 7
-294300 9
-294200 3
-294100 0
-294000 1
-293900 1
-293800 2
-293700 3
-293600 5
-293500 14
-293400 22
-293300 51
-293200 79
-293100 719
-293000 5320
-292900 14383
-292800 12233
-292700 3245
-292600 317
-292500 44
-292400 28
-292300 34
-292200 9
-292100 3
-292000 1
-291900 0
-291800 4
-291700 3
-291600 1
-291500 0
-291400 5
-291300 4
-291200 0
-291100 0
-291000 1
-290900 1
-290800 1
-290700 2
-290600 1
-290500 2
-290400 1
-290300 1
-290200 1
-290100 1
-290000 0
-289900 0
-289800 1
-289700 0
-289600 0
-289500 1
-289400 1
-289300 1
-289200 2
-289100 1
-289000 0
-288900 0
-288800 0
-288700 0
-288600 2
-288500 2
-288400 3
-288300 1
-288200 11
-288100 45
-288000 103
-287900 82
-287800 19
-287700 8
-287600 2
-287500 5
-287400 5
-287300 0
-287200 0
-287100 2
-287000 3
-286900 2
-286800 5
-286700 31
-286600 56
-286500 39
-286400 18
-286300 6
-286200 22
-286100 43
-286000 54
-285900 53
-285800 11
-285700 1
-285600 0
-285500 3
-285400 1
-285300 2
-285200 1
-285100 2
-285000 3
-284900 7
-284800 3
-284700 2
-284600 1
-284500 3
-284400 4
-284300 5
-284200 4
-284100 3
-284000 1
-283900 1
-283800 4
-283700 1
-283600 3
-283500 1
-283400 3
-283300 1
-283200 1
-283100 4
-283000 0
-282900 2
-282800 1
-282700 2
-282600 0
-282500 0
-282400 0
-282300 1
-282200 1
-282100 2
-282000 1
-281900 0
-281800 1
-281700 1
-281600 1
-281500 0
-281400 0
-281300 5
-281200 8
-281100 2
-281000 2
-280900 0
-280800 2
-280700 0
-280600 1
-280500 1
-280400 10
-280300 19
-280200 31
-280100 57
-280000 270
-279900 2495
-279800 11045
-279700 15109
-279600 6199
-279500 858
-279400 73
-279300 32
-279200 31
-279100 18
-279000 3
-278900 1
-278800 2
-278700 1
-278600 1
-278500 1
-278400 2
-278300 3
-278200 4
-278100 0
-278000 1
-277900 1
-277800 0
-277700 2
-277600 1
-277500 3
-277400 1
-277300 1
-277200 0
-277100 4
-277000 2
-276900 3
-276800 0
-276700 1
-276600 2
-276500 0
-276400 2
-276300 2
-276200 1
-276100 2
-276000 0
-275900 0
-275800 0
-275700 1
-275600 1
-275500 1
-275400 2
-275300 5
-275200 7
-275100 15
-275000 17
-274900 79
-274800 92
-274700 52
-274600 8
-274500 6
-274400 2
-274300 1
-274200 3
-274100 3
-274000 1
-273900 3
-273800 4
-273700 9
-273600 24
-273500 49
-273400 50
-273300 28
-273200 13
-273100 19
-273000 39
-272900 64
-272800 47
-272700 21
-272600 2
-272500 2
-272400 2
-272300 4
-272200 4
-272100 0
-272000 3
-271900 0
-271800 4
-271700 8
-271600 5
-271500 2
-271400 1
-271300 5
-271200 5
-271100 8
-271000 1
-270900 2
-270800 0
-270700 0
-270600 2
-270500 0
-270400 3
-270300 1
-270200 1
-270100 0
-270000 0
-269900 1
-269800 3
-269700 0
-269600 0
-269500 0
-269400 2
-269300 1
-269200 3
-269100 1
-269000 1
-268900 2
-268800 1
-268700 0
-268600 0
-268500 3
-268400 3
-268300 0
-268200 6
-268100 5
-268000 8
-267900 2
-267800 1
-267700 1
-267600 0
-267500 0
-267400 0
-267300 7
-267200 15
-267100 38
-267000 44
-266900 121
-266800 1245
-266700 7686
-266600 15684
-266500 9637
-266400 1796
-266300 160
-266200 35
-266100 42
-266000 21
-265900 8
-265800 1
-265700 2
-265600 1
-265500 3
-265400 0
-265300 1
-265200 4
-265100 6
-265000 1
-264900 2
-264800 3
-264700 2
-264600 2
-264500 1
-264400 1
-264300 0
-264200 3
-264100 3
-264000 1
-263900 1
-263800 1
-263700 0
-263600 2
-263500 2
-263400 4
-263300 2
-263200 1
-263100 0
-263000 2
-262900 4
-262800 0
-262700 0
-262600 0
-262500 2
-262400 3
-262300 1
-262200 5
-262100 4
-262000 4
-261900 14
-261800 49
-261700 121
-261600 71
-261500 14
-261400 9
-261300 0
-261200 3
-261100 3
-261000 1
-260900 3
-260800 1
-260700 4
-260600 8
-260500 21
-260400 43
-260300 48
-260200 37
-260100 10
-260000 10
-259900 25
-259800 63
-259700 62
-259600 25
-259500 5
-259400 3
-259300 3
-259200 5
-259100 3
-259000 2
-258900 1
-258800 6
-258700 5
-258600 1
-258500 3
-258400 3
-258300 1
-258200 5
-258100 0
-258000 3
-257900 3
-257800 0
-257700 3
-257600 2
-257500 0
-257400 2
-257300 1
-257200 2
-257100 1
-257000 2
-256900 1
-256800 2
-256700 2
-256600 2
-256500 0
-256400 2
-256300 0
-256200 0
-256100 2
-256000 0
-255900 3
-255800 0
-255700 3
-255600 1
-255500 0
-255400 1
-255300 3
-255200 1
-255100 4
-255000 8
-254900 11
-254800 7
-254700 2
-254600 1
-254500 1
-254400 3
-254300 2
-254200 2
-254100 5
-254000 24
-253900 41
-253800 82
-253700 551
-253600 4765
-253500 14463
-253400 12645
-253300 3400
-253200 334
-253100 47
-253000 32
-252900 22
-252800 11
-252700 0
-252600 1
-252500 0
-252400 1
-252300 2
-252200 4
-252100 2
-252000 4
-251900 2
-251800 1
-251700 3
-251600 3
-251500 2
-251400 3
-251300 1
-251200 3
-251100 1
-251000 1
-250900 1
-250800 3
-250700 0
-250600 2
-250500 0
-250400 2
-250300 1
-250200 0
-250100 0
-250000 2
-249900 5
-249800 1
-249700 0
-249600 1
-249500 1
-249400 3
-249300 0
-249200 2
-249100 3
-249000 3
-248900 3
-248800 10
-248700 38
-248600 116
-248500 90
-248400 10
-248300 2
-248200 3
-248100 4
-248000 3
-247900 1
-247800 2
-247700 2
-247600 1
-247500 1
-247400 6
-247300 38
-247200 48
-247100 39
-247000 32
-246900 6
-246800 24
-246700 49
-246600 65
-246500 43
-246400 13
-246300 3
-246200 5
-246100 2
-246000 1
-245900 0
-245800 2
-245700 2
-245600 1
-245500 4
-245400 3
-245300 1
-245200 0
-245100 0
-245000 6
-244900 7
-244800 5
-244700 1
-244600 3
-244500 2
-244400 1
-244300 0
-244200 1
-244100 0
-244000 1
-243900 1
-243800 0
-243700 0
-243600 0
-243500 2
-243400 1
-243300 2
-243200 1
-243100 1
-243000 0
-242900 1
-242800 1
-242700 2
-242600 0
-242500 0
-242400 1
-242300 0
-242200 0
-242100 0
-242000 2
-241900 6
-241800 14
-241700 5
-241600 6
-241500 2
-241400 0
-241300 4
-241200 3
-241100 4
-241000 3
-240900 22
-240800 34
-240700 52
-240600 234
-240500 2331
-240400 10990
-240300 15382
-240200 6405
-240100 870
-240000 77
-239900 30
-239800 29
-239700 7
-239600 8
-239500 3
-239400 0
-239300 2
-239200 2
-239100 1
-239000 2
-238900 5
-238800 6
-238700 2
-238600 0
-238500 3
-238400 1
-238300 0
-238200 2
-238100 2
-238000 1
-237900 1
-237800 0
-237700 0
-237600 0
-237500 0
-237400 3
-237300 2
-237200 0
-237100 1
-237000 1
-236900 1
-236800 1
-236700 1
-236600 1
-236500 0
-236400 3
-236300 3
-236200 0
-236100 0
-236000 1
-235900 1
-235800 4
-235700 11
-235600 30
-235500 71
-235400 96
-235300 36
-235200 7
-235100 6
-235000 1
-234900 1
-234800 2
-234700 3
-234600 2
-234500 0
-234400 2
-234300 3
-234200 20
-234100 46
-234000 52
-233900 33
-233800 6
-233700 11
-233600 42
-233500 61
-233400 60
-233300 22
-233200 3
-233100 2
-233000 3
-232900 1
-232800 1
-232700 0
-232600 3
-232500 4
-232400 4
-232300 3
-232200 2
-232100 1
-232000 1
-231900 2
-231800 6
-231700 9
-231600 1
-231500 2
-231400 3
-231300 0
-231200 2
-231100 2
-231000 4
-230900 1
-230800 6
-230700 3
-230600 1
-230500 2
-230400 1
-230300 1
-230200 0
-230100 1
-230000 1
-229900 2
-229800 0
-229700 0
-229600 0
-229500 1
-229400 1
-229300 0
-229200 3
-229100 3
-229000 5
-228900 3
-228800 5
-228700 8
-228600 7
-228500 1
-228400 0
-228300 0
-228200 0
-228100 2
-228000 1
-227900 5
-227800 21
-227700 22
-227600 43
-227500 95
-227400 949
-227300 6778
-227200 15765
-227100 10476
-227000 2015
-226900 195
-226800 33
-226700 49
-226600 22
-226500 9
-226400 3
-226300 0
-226200 5
-226100 2
-226000 2
-225900 2
-225800 6
-225700 6
-225600 5
-225500 0
-225400 2
-225300 1
-225200 1
-225100 2
-225000 2
-224900 1
-224800 1
-224700 2
-224600 1
-224500 1
-224400 0
-224300 3
-224200 2
-224100 0
-224000 1
-223900 2
-223800 5
-223700 1
-223600 2
-223500 1
-223400 0
-223300 0
-223200 2
-223100 1
-223000 0
-222900 1
-222800 4
-222700 6
-222600 2
-222500 6
-222400 71
-222300 109
-222200 52
-222100 14
-222000 5
-221900 5
-221800 3
-221700 0
-221600 1
-221500 0
-221400 2
-221300 1
-221200 2
-221100 17
-221000 40
-220900 60
-220800 31
-220700 12
-220600 15
-220500 37
-220400 52
-220300 70
-220200 16
-220100 7
-220000 3
-219900 5
-219800 1
-219700 1
-219600 1
-219500 4
-219400 2
-219300 4
-219200 2
-219100 6
-219000 3
-218900 1
-218800 1
-218700 6
-218600 4
-218500 1
-218400 1
-218300 1
-218200 1
-218100 1
-218000 1
-217900 1
-217800 1
-217700 1
-217600 1
-217500 1
-217400 1
-217300 2
-217200 2
-217100 0
-217000 1
-216900 1
-216800 1
-216700 1
-216600 3
-216500 2
-216400 1
-216300 1
-216200 0
-216100 0
-216000 1
-215900 2
-215800 3
-215700 2
-215600 9
-215500 4
-215400 3
-215300 1
-215200 0
-215100 1
-215000 0
-214900 1
-214800 3
-214700 9
-214600 41
-214500 38
-214400 72
-214300 540
-214200 4805
-214100 14496
-214000 12664
-213900 3305
-213800 279
-213700 47
-213600 29
-213500 21
-213400 16
-213300 3
-213200 0
-213100 1
-213000 5
-212900 3
-212800 2
-212700 1
-212600 7
-212500 1
-212400 2
-212300 0
-212200 0
-212100 5
-212000 1
-211900 2
-211800 0
-211700 1
-211600 1
-211500 1
-211400 1
-211300 2
-211200 2
-211100 5
-211000 0
-210900 0
-210800 1
-210700 2
-210600 1
-210500 1
-210400 0
-210300 2
-210200 1
-210100 0
-210000 1
-209900 3
-209800 4
-209700 2
-209600 2
-209500 4
-209400 11
-209300 51
-209200 102
-209100 90
-209000 28
-208900 8
-208800 0
-208700 6
-208600 3
-208500 0
-208400 2
-208300 1
-208200 1
-208100 5
-208000 18
-207900 69
-207800 87
-207700 54
-207600 20
-207500 9
-207400 42
-207300 93
-207200 103
-207100 29
-207000 10
-206900 6
-206800 3
-206700 2
-206600 1
-206500 0
-206400 1
-206300 3
-206200 4
-206100 4
-206000 3
-205900 3
-205800 0
-205700 1
-205600 7
-205500 9
-205400 0
-205300 1
-205200 0
-205100 2
-205000 2
-204900 3
-204800 3
-204700 1
-204600 2
-204500 1
-204400 3
-204300 1
-204200 1
-204100 3
-204000 2
-203900 2
-203800 2
-203700 1
-203600 0
-203500 2
-203400 4
-203300 1
-203200 2
-203100 0
-203000 0
-202900 2
-202800 1
-202700 0
-202600 4
-202500 5
-202400 9
-202300 6
-202200 1
-202100 4
-202000 2
-201900 2
-201800 4
-201700 3
-201600 7
-201500 21
-201400 29
-201300 42
-201200 254
-201100 2873
-201000 12019
-200900 14873
-200800 5359
-200700 631
-200600 60
-200500 40
-200400 29
-200300 17
-200200 9
-200100 3
-200000 3
-199900 1
-199800 0
-199700 0
-199600 1
-199500 6
-199400 2
-199300 3
-199200 1
-199100 0
-199000 0
-198900 0
-198800 0
-198700 1
-198600 1
-198500 1
-198400 2
-198300 2
-198200 1
-198100 0
-198000 0
-197900 0
-197800 1
-197700 1
-197600 3
-197500 0
-197400 0
-197300 1
-197200 2
-197100 0
-197000 2
-196900 0
-196800 1
-196700 3
-196600 1
-196500 3
-196400 10
-196300 8
-196200 29
-196100 89
-196000 96
-195900 30
-195800 7
-195700 9
-195600 5
-195500 1
-195400 2
-195300 1
-195200 2
-195100 2
-195000 2
-194900 8
-194800 18
-194700 30
-194600 38
-194500 30
-194400 7
-194300 11
-194200 39
-194100 59
-194000 42
-193900 12
-193800 3
-193700 4
-193600 2
-193500 3
-193400 1
-193300 2
-193200 2
-193100 3
-193000 3
-192900 5
-192800 2
-192700 1
-192600 0
-192500 3
-192400 5
-192300 3
-192200 3
-192100 2
-192000 2
-191900 1
-191800 1
-191700 0
-191600 2
-191500 2
-191400 0
-191300 2
-191200 2
-191100 2
-191000 0
-190900 3
-190800 3
-190700 0
-190600 0
-190500 0
-190400 4
-190300 4
-190200 1
-190100 0
-190000 0
-189900 3
-189800 7
-189700 3
-189600 4
-189500 3
-189400 7
-189300 4
-189200 5
-189100 3
-189000 2
-188900 1
-188800 2
-188700 4
-188600 2
-188500 8
-188400 18
-188300 35
-188200 49
-188100 117
-188000 1130
-187900 7679
-187800 16121
-187700 9414
-187600 1625
-187500 123
-187400 30
-187300 46
-187200 23
-187100 4
-187000 6
-186900 3
-186800 2
-186700 0
-186600 2
-186500 2
-186400 4
-186300 6
-186200 1
-186100 2
-186000 0
-185900 3
-185800 1
-185700 0
-185600 1
-185500 1
-185400 2
-185300 1
-185200 1
-185100 2
-185000 0
-184900 2
-184800 2
-184700 2
-184600 1
-184500 1
-184400 2
-184300 0
-184200 0
-184100 0
-184000 0
-183900 2
-183800 0
-183700 2
-183600 2
-183500 2
-183400 0
-183300 3
-183200 6
-183100 15
-183000 76
-182900 122
-182800 69
-182700 9
-182600 3
-182500 3
-182400 0
-182300 0
-182200 0
-182100 2
-182000 3
-181900 1
-181800 1
-181700 15
-181600 54
-181500 51
-181400 29
-181300 14
-181200 6
-181100 21
-181000 59
-180900 66
-180800 33
-180700 9
-180600 0
-180500 1
-180400 0
-180300 0
-180200 1
-180100 0
-180000 2
-179900 2
-179800 4
-179700 1
-179600 2
-179500 0
-179400 0
-179300 1
-179200 3
-179100 1
-179000 0
-178900 1
-178800 1
-178700 0
-178600 0
-178500 0
-178400 1
-178300 3
-178200 4
-178100 4
-178000 3
-177900 2
-177800 1
-177700 2
-177600 2
-177500 0
-177400 1
-177300 3
-177200 1
-177100 0
-177000 2
-176900 0
-176800 0
-176700 0
-176600 4
-176500 4
-176400 1
-176300 4
-176200 9
-176100 6
-176000 4
-175900 2
-175800 1
-175700 4
-175600 3
-175500 2
-175400 1
-175300 10
-175200 16
-175100 44
-175000 73
-174900 449
-174800 4045
-174700 13953
-174600 13795
-174500 3750
-174400 357
-174300 46
-174200 24
-174100 28
-174000 4
-173900 2
-173800 2
-173700 2
-173600 2
-173500 2
-173400 2
-173300 3
-173200 3
-173100 1
-173000 3
-172900 1
-172800 2
-172700 2
-172600 1
-172500 2
-172400 1
-172300 2
-172200 1
-172100 1
-172000 1
-171900 1
-171800 1
-171700 2
-171600 1
-171500 3
-171400 1
-171300 2
-171200 3
-171100 1
-171000 3
-170900 1
-170800 3
-170700 1
-170600 0
-170500 3
-170400 2
-170300 4
-170200 3
-170100 4
-170000 6
-169900 39
-169800 115
-169700 82
-169600 22
-169500 5
-169400 2
-169300 1
-169200 0
-169100 0
-169000 1
-168900 1
-168800 4
-168700 1
-168600 2
-168500 21
-168400 49
-168300 38
-168200 26
-168100 3
-168000 24
-167900 53
-167800 77
-167700 51
-167600 10
-167500 3
-167400 2
-167300 3
-167200 2
-167100 1
-167000 2
-166900 2
-166800 4
-166700 5
-166600 5
-166500 1
-166400 1
-166300 2
-166200 1
-166100 4
-166000 2
-165900 1
-165800 3
-165700 1
-165600 3
-165500 1
-165400 1
-165300 1
-165200 3
-165100 1
-165000 1
-164900 1
-164800 2
-164700 1
-164600 2
-164500 1
-164400 2
-164300 1
-164200 2
-164100 2
-164000 2
-163900 2
-163800 0
-163700 0
-163600 2
-163500 0
-163400 5
-163300 3
-163200 3
-163100 13
-163000 20
-162900 10
-162800 1
-162700 1
-162600 2
-162500 3
-162400 1
-162300 4
-162200 11
-162100 6
-162000 19
-161900 47
-161800 204
-161700 2089
-161600 10483
-161500 15699
-161400 6568
-161300 899
-161200 95
-161100 34
-161000 19
-160900 8
-160800 5
-160700 0
-160600 2
-160500 0
-160400 1
-160300 1
-160200 3
-160100 4
-160000 3
-159900 5
-159800 2
-159700 2
-159600 2
-159500 0
-159400 1
-159300 2
-159200 1
-159100 0
-159000 0
-158900 0
-158800 2
-158700 2
-158600 1
-158500 1
-158400 4
-158300 0
-158200 1
-158100 0
-158000 2
-157900 1
-157800 1
-157700 2
-157600 1
-157500 1
-157400 2
-157300 1
-157200 0
-157100 2
-157000 4
-156900 8
-156800 16
-156700 86
-156600 121
-156500 58
-156400 11
-156300 4
-156200 3
-156100 2
-156000 2
-155900 1
-155800 2
-155700 2
-155600 4
-155500 3
-155400 24
-155300 60
-155200 50
-155100 35
-155000 10
-154900 8
-154800 46
-154700 65
-154600 61
-154500 20
-154400 4
-154300 0
-154200 4
-154100 1
-154000 1
-153900 2
-153800 1
-153700 4
-153600 5
-153500 3
-153400 2
-153300 0
-153200 1
-153100 2
-153000 4
-152900 5
-152800 2
-152700 1
-152600 1
-152500 1
-152400 1
-152300 3
-152200 0
-152100 0
-152000 4
-151900 2
-151800 2
-151700 2
-151600 2
-151500 3
-151400 3
-151300 2
-151200 0
-151100 1
-151000 2
-150900 1
-150800 0
-150700 1
-150600 0
-150500 0
-150400 3
-150300 1
-150200 0
-150100 3
-150000 1
-149900 6
-149800 9
-149700 5
-149600 2
-149500 1
-149400 1
-149300 0
-149200 5
-149100 1
-149000 18
-148900 29
-148800 49
-148700 117
-148600 1023
-148500 7165
-148400 15898
-148300 10089
-148200 1795
-148100 144
-148000 30
-147900 33
-147800 16
-147700 5
-147600 0
-147500 1
-147400 3
-147300 1
-147200 1
-147100 3
-147000 1
-146900 9
-146800 3
-146700 0
-146600 0
-146500 2
-146400 2
-146300 2
-146200 0
-146100 3
-146000 2
-145900 3
-145800 4
-145700 0
-145600 0
-145500 2
-145400 0
-145300 3
-145200 1
-145100 1
-145000 3
-144900 2
-144800 1
-144700 2
-144600 2
-144500 0
-144400 2
-144300 3
-144200 1
-144100 2
-144000 2
-143900 6
-143800 7
-143700 11
-143600 45
-143500 124
-143400 56
-143300 17
-143200 9
-143100 3
-143000 0
-142900 1
-142800 2
-142700 0
-142600 3
-142500 6
-142400 3
-142300 14
-142200 33
-142100 48
-142000 50
-141900 15
-141800 6
-141700 30
-141600 52
-141500 65
-141400 35
-141300 9
-141200 4
-141100 2
-141000 3
-140900 4
-140800 1
-140700 0
-140600 3
-140500 10
-140400 4
-140300 5
-140200 0
-140100 3
-140000 3
-139900 3
-139800 5
-139700 3
-139600 3
-139500 2
-139400 0
-139300 3
-139200 0
-139100 1
-139000 1
-138900 1
-138800 1
-138700 2
-138600 1
-138500 0
-138400 3
-138300 2
-138200 2
-138100 0
-138000 0
-137900 0
-137800 3
-137700 0
-137600 2
-137500 2
-137400 2
-137300 2
-137200 3
-137100 4
-137000 1
-136900 2
-136800 6
-136700 9
-136600 4
-136500 3
-136400 1
-136300 2
-136200 0
-136100 6
-136000 4
-135900 10
-135800 22
-135700 32
-135600 71
-135500 381
-135400 3626
-135300 13317
-135200 14160
-135100 4003
-135000 382
-134900 48
-134800 35
-134700 18
-134600 14
-134500 2
-134400 2
-134300 2
-134200 1
-134100 3
-134000 0
-133900 3
-133800 4
-133700 6
-133600 0
-133500 0
-133400 2
-133300 0
-133200 0
-133100 3
-133000 0
-132900 1
-132800 1
-132700 2
-132600 2
-132500 2
-132400 1
-132300 0
-132200 3
-132100 0
-132000 1
-131900 2
-131800 0
-131700 3
-131600 3
-131500 4
-131400 1
-131300 2
-131200 2
-131100 1
-131000 0
-130900 2
-130800 3
-130700 14
-130600 5
-130500 31
-130400 101
-130300 83
-130200 30
-130100 11
-130000 6
-129900 4
-129800 2
-129700 1
-129600 0
-129500 0
-129400 0
-129300 2
-129200 0
-129100 26
-129000 47
-128900 49
-128800 26
-128700 6
-128600 23
-128500 35
-128400 63
-128300 49
-128200 19
-128100 3
-128000 2
-127900 3
-127800 3
-127700 2
-127600 3
-127500 1
-127400 3
-127300 4
-127200 1
-127100 4
-127000 0
-126900 0
-126800 5
-126700 8
-126600 3
-126500 2
-126400 1
-126300 1
-126200 0
-126100 0
-126000 0
-125900 1
-125800 2
-125700 0
-125600 2
-125500 0
-125400 3
-125300 0
-125200 1
-125100 2
-125000 2
-124900 2
-124800 4
-124700 2
-124600 2
-124500 0
-124400 0
-124300 0
-124200 1
-124100 0
-124000 3
-123900 2
-123800 5
-123700 4
-123600 7
-123500 8
-123400 1
-123300 1
-123200 2
-123100 2
-123000 4
-122900 7
-122800 10
-122700 16
-122600 26
-122500 40
-122400 150
-122300 1743
-122200 9756
-122100 16252
-122000 7298
-121900 951
-121800 78
-121700 42
-121600 36
-121500 18
-121400 5
-121300 3
-121200 1
-121100 2
-121000 4
-120900 1
-120800 6
-120700 3
-120600 4
-120500 3
-120400 3
-120300 2
-120200 2
-120100 2
-120000 1
-119900 2
-119800 5
-119700 1
-119600 2
-119500 1
-119400 2
-119300 2
-119200 1
-119100 1
-119000 2
-118900 2
-118800 1
-118700 0
-118600 2
-118500 2
-118400 0
-118300 0
-118200 1
-118100 0
-118000 0
-117900 2
-117800 2
-117700 3
-117600 7
-117500 6
-117400 16
-117300 86
-117200 107
-117100 46
-117000 7
-116900 4
-116800 2
-116700 4
-116600 1
-116500 1
-116400 0
-116300 3
-116200 4
-116100 2
-116000 15
-115900 53
-115800 62
-115700 32
-115600 6
-115500 10
-115400 43
-115300 53
-115200 73
-115100 17
-115000 1
-114900 0
-114800 2
-114700 3
-114600 1
-114500 2
-114400 1
-114300 0
-114200 3
-114100 6
-114000 8
-113900 0
-113800 1
-113700 3
-113600 5
-113500 4
-113400 3
-113300 1
-113200 3
-113100 0
-113000 2
-112900 0
-112800 2
-112700 1
-112600 1
-112500 0
-112400 0
-112300 1
-112200 0
-112100 2
-112000 0
-111900 1
-111800 0
-111700 0
-111600 0
-111500 2
-111400 1
-111300 0
-111200 2
-111100 1
-111000 1
-110900 0
-110800 1
-110700 5
-110600 4
-110500 5
-110400 9
-110300 2
-110200 2
-110100 3
-110000 0
-109900 1
-109800 3
-109700 7
-109600 9
-109500 24
-109400 41
-109300 85
-109200 807
-109100 6424
-109000 15871
-108900 10479
-108800 2067
-108700 167
-108600 40
-108500 29
-108400 19
-108300 6
-108200 2
-108100 1
-108000 4
-107900 0
-107800 2
-107700 2
-107600 4
-107500 7
-107400 3
-107300 2
-107200 3
-107100 2
-107000 1
-106900 1
-106800 2
-106700 2
-106600 0
-106500 1
-106400 0
-106300 1
-106200 0
-106100 4
-106000 2
-105900 2
-105800 3
-105700 0
-105600 2
-105500 1
-105400 1
-105300 0
-105200 2
-105100 1
-105000 0
-104900 0
-104800 2
-104700 1
-104600 5
-104500 8
-104400 6
-104300 7
-104200 53
-104100 106
-104000 73
-103900 20
-103800 2
-103700 1
-103600 6
-103500 3
-103400 1
-103300 1
-103200 1
-103100 0
-103000 4
-102900 15
-102800 40
-102700 66
-102600 40
-102500 8
-102400 12
-102300 26
-102200 45
-102100 58
-102000 43
-101900 9
-101800 2
-101700 3
-101600 5
-101500 0
-101400 2
-101300 0
-101200 3
-101100 5
-101000 12
-100900 3
-100800 1
-100700 2
-100600 1
-100500 5
-100400 5
-100300 4
-100200 3
-100100 0
-100000 1
-99900 0
-99800 2
-99700 2
-99600 0
-99500 0
-99400 1
-99300 0
-99200 1
-99100 2
-99000 2
-98900 0
-98800 1
-98700 0
-98600 0
-98500 2
-98400 3
-98300 1
-98200 0
-98100 2
-98000 2
-97900 1
-97800 1
-97700 6
-97600 6
-97500 2
-97400 8
-97300 12
-97200 2
-97100 1
-97000 1
-96900 3
-96800 0
-96700 3
-96600 2
-96500 1
-96400 17
-96300 34
-96200 56
-96100 211
-96000 2855
-95900 12312
-95800 15179
-95700 4887
-95600 517
-95500 59
-95400 47
-95300 21
-95200 4
-95100 3
-95000 4
-94900 1
-94800 0
-94700 2
-94600 0
-94500 5
-94400 6
-94300 3
-94200 1
-94100 1
-94000 1
-93900 0
-93800 1
-93700 0
-93600 2
-93500 2
-93400 1
-93300 0
-93200 1
-93100 0
-93000 3
-92900 0
-92800 0
-92700 1
-92600 1
-92500 2
-92400 1
-92300 2
-92200 0
-92100 0
-92000 3
-91900 1
-91800 1
-91700 1
-91600 4
-91500 1
-91400 1
-91300 9
-91200 6
-91100 24
-91000 88
-90900 89
-90800 29
-90700 4
-90600 8
-90500 4
-90400 1
-90300 0
-90200 1
-90100 1
-90000 3
-89900 2
-89800 5
-89700 22
-89600 49
-89500 39
-89400 34
-89300 4
-89200 10
-89100 45
-89000 51
-88900 59
-88800 14
-88700 3
-88600 4
-88500 2
-88400 5
-88300 1
-88200 1
-88100 0
-88000 4
-87900 4
-87800 4
-87700 8
-87600 0
-87500 2
-87400 2
-87300 4
-87200 0
-87100 3
-87000 1
-86900 1
-86800 3
-86700 2
-86600 0
-86500 3
-86400 1
-86300 0
-86200 2
-86100 2
-86000 2
-85900 0
-85800 2
-85700 0
-85600 3
-85500 1
-85400 2
-85300 2
-85200 0
-85100 1
-85000 1
-84900 0
-84800 0
-84700 4
-84600 4
-84500 0
-84400 3
-84300 3
-84200 15
-84100 9
-84000 4
-83900 0
-83800 2
-83700 2
-83600 0
-83500 2
-83400 3
-83300 10
-83200 25
-83100 45
-83000 113
-82900 851
-82800 7148
-82700 16252
-82600 10237
-82500 1659
-82400 128
-82300 32
-82200 33
-82100 20
-82000 5
-81900 3
-81800 0
-81700 0
-81600 0
-81500 6
-81400 1
-81300 3
-81200 5
-81100 2
-81000 2
-80900 3
-80800 3
-80700 1
-80600 2
-80500 1
-80400 0
-80300 2
-80200 2
-80100 1
-80000 0
-79900 1
-79800 0
-79700 1
-79600 1
-79500 1
-79400 1
-79300 2
-79200 1
-79100 0
-79000 1
-78900 2
-78800 3
-78700 0
-78600 2
-78500 0
-78400 4
-78300 2
-78200 5
-78100 9
-78000 15
-77900 60
-77800 108
-77700 49
-77600 14
-77500 1
-77400 3
-77300 5
-77200 0
-77100 2
-77000 3
-76900 0
-76800 4
-76700 1
-76600 16
-76500 39
-76400 62
-76300 30
-76200 8
-76100 17
-76000 38
-75900 71
-75800 53
-75700 27
-75600 3
-75500 2
-75400 0
-75300 0
-75200 1
-75100 3
-75000 0
-74900 4
-74800 3
-74700 2
-74600 5
-74500 2
-74400 2
-74300 3
-74200 10
-74100 4
-74000 2
-73900 3
-73800 2
-73700 0
-73600 0
-73500 0
-73400 2
-73300 2
-73200 1
-73100 1
-73000 1
-72900 1
-72800 1
-72700 3
-72600 4
-72500 1
-72400 1
-72300 1
-72200 4
-72100 0
-72000 3
-71900 1
-71800 0
-71700 2
-71600 2
-71500 4
-71400 5
-71300 0
-71200 3
-71100 5
-71000 6
-70900 1
-70800 2
-70700 3
-70600 3
-70500 2
-70400 3
-70300 6
-70200 20
-70100 24
-70000 44
-69900 82
-69800 858
-69700 6607
-69600 16093
-69500 10480
-69400 1956
-69300 149
-69200 53
-69100 32
-69000 18
-68900 8
-68800 2
-68700 0
-68600 5
-68500 1
-68400 1
-68300 3
-68200 3
-68100 5
-68000 5
-67900 2
-67800 2
-67700 0
-67600 3
-67500 1
-67400 0
-67300 1
-67200 3
-67100 3
-67000 0
-66900 1
-66800 0
-66700 1
-66600 1
-66500 0
-66400 1
-66300 2
-66200 0
-66100 4
-66000 4
-65900 2
-65800 1
-65700 4
-65600 2
-65500 1
-65400 4
-65300 0
-65200 2
-65100 8
-65000 3
-64900 10
-64800 55
-64700 118
-64600 79
-64500 10
-64400 4
-64300 0
-64200 1
-64100 1
-64000 2
-63900 4
-63800 3
-63700 5
-63600 1
-63500 11
-63400 47
-63300 62
-63200 33
-63100 13
-63000 4
-62900 26
-62800 59
-62700 55
-62600 30
-62500 5
-62400 5
-62300 3
-62200 4
-62100 1
-62000 0
-61900 2
-61800 3
-61700 3
-61600 5
-61500 2
-61400 2
-61300 1
-61200 1
-61100 3
-61000 4
-60900 1
-60800 0
-60700 0
-60600 2
-60500 0
-60400 1
-60300 0
-60200 1
-60100 1
-60000 3
-59900 4
-59800 1
-59700 0
-59600 2
-59500 1
-59400 1
-59300 0
-59200 0
-59100 2
-59000 1
-58900 2
-58800 0
-58700 0
-58600 0
-58500 2
-58400 2
-58300 3
-58200 0
-58100 1
-58000 10
-57900 8
-57800 5
-57700 2
-57600 1
-57500 1
-57400 3
-57300 3
-57200 5
-57100 9
-57000 20
-56900 25
-56800 71
-56700 436
-56600 4351
-56500 14712
-56400 13346
-56300 3389
-56200 298
-56100 43
-56000 31
-55900 25
-55800 9
-55700 2
-55600 1
-55500 1
-55400 2
-55300 0
-55200 3
-55100 3
-55000 7
-54900 4
-54800 3
-54700 1
-54600 1
-54500 1
-54400 3
-54300 1
-54200 1
-54100 2
-54000 0
-53900 2
-53800 1
-53700 1
-53600 1
-53500 1
-53400 3
-53300 2
-53200 3
-53100 3
-53000 1
-52900 3
-52800 5
-52700 1
-52600 3
-52500 0
-52400 2
-52300 2
-52200 0
-52100 0
-52000 4
-51900 11
-51800 4
-51700 33
-51600 99
-51500 99
-51400 28
-51300 5
-51200 4
-51100 0
-51000 4
-50900 0
-50800 1
-50700 3
-50600 5
-50500 1
-50400 4
-50300 18
-50200 56
-50100 46
-50000 30
-49900 7
-49800 10
-49700 31
-49600 58
-49500 54
-49400 22
-49300 2
-49200 1
-49100 3
-49000 3
-48900 2
-48800 0
-48700 2
-48600 4
-48500 3
-48400 4
-48300 6
-48200 3
-48100 1
-48000 5
-47900 5
-47800 5
-47700 3
-47600 3
-47500 1
-47400 3
-47300 0
-47200 1
-47100 0
-47000 1
-46900 2
-46800 1
-46700 3
-46600 1
-46500 1
-46400 1
-46300 3
-46200 1
-46100 1
-46000 2
-45900 4
-45800 1
-45700 2
-45600 2
-45500 0
-45400 1
-45300 4
-45200 2
-45100 1
-45000 1
-44900 3
-44800 8
-44700 12
-44600 1
-44500 2
-44400 2
-44300 0
-44200 0
-44100 1
-44000 5
-43900 13
-43800 31
-43700 48
-43600 145
-43500 1149
-43400 8100
-43300 16696
-43200 8847
-43100 1322
-43000 86
-42900 34
-42800 44
-42700 17
-42600 6
-42500 0
-42400 2
-42300 2
-42200 1
-42100 1
-42000 4
-41900 4
-41800 3
-41700 0
-41600 3
-41500 1
-41400 1
-41300 0
-41200 3
-41100 3
-41000 0
-40900 1
-40800 1
-40700 2
-40600 0
-40500 2
-40400 0
-40300 3
-40200 1
-40100 2
-40000 2
-39900 1
-39800 0
-39700 0
-39600 0
-39500 0
-39400 0
-39300 2
-39200 1
-39100 0
-39000 0
-38900 2
-38800 4
-38700 3
-38600 14
-38500 56
-38400 113
-38300 68
-38200 17
-38100 9
-38000 6
-37900 5
-37800 2
-37700 0
-37600 1
-37500 4
-37400 2
-37300 2
-37200 11
-37100 35
-37000 55
-36900 40
-36800 10
-36700 13
-36600 24
-36500 59
-36400 85
-36300 28
-36200 6
-36100 2
-36000 1
-35900 2
-35800 1
-35700 2
-35600 1
-35500 5
-35400 8
-35300 6
-35200 5
-35100 1
-35000 2
-34900 2
-34800 2
-34700 7
-34600 0
-34500 0
-34400 2
-34300 1
-34200 1
-34100 3
-34000 1
-33900 3
-33800 2
-33700 1
-33600 1
-33500 1
-33400 2
-33300 2
-33200 2
-33100 4
-33000 1
-32900 0
-32800 1
-32700 0
-32600 2
-32500 5
-32400 0
-32300 0
-32200 2
-32100 4
-32000 1
-31900 2
-31800 2
-31700 6
-31600 8
-31500 3
-31400 2
-31300 2
-31200 1
-31100 1
-31000 1
-30900 4
-30800 13
-30700 37
-30600 68
-30500 85
-30400 435
-30300 4403
-30200 14711
-30100 13286
-30000 3059
-29900 242
-29800 52
-29700 32
-29600 20
-29500 5
-29400 3
-29300 4
-29200 1
-29100 1
-29000 1
-28900 1
-28800 4
-28700 1
-28600 1
-28500 2
-28400 0
-28300 2
-28200 1
-28100 1
-28000 4
-27900 2
-27800 2
-27700 0
-27600 1
-27500 1
-27400 2
-27300 2
-27200 0
-27100 1
-27000 1
-26900 1
-26800 2
-26700 1
-26600 2
-26500 2
-26400 0
-26300 5
-26200 2
-26100 2
-26000 1
-25900 0
-25800 3
-25700 3
-25600 8
-25500 17
-25400 60
-25300 128
-25200 64
-25100 18
-25000 10
-24900 4
-24800 2
-24700 3
-24600 1
-24500 3
-24400 5
-24300 2
-24200 1
-24100 11
-24000 42
-23900 54
-23800 43
-23700 11
-23600 11
-23500 27
-23400 66
-23300 64
-23200 17
-23100 6
-23000 1
-22900 2
-22800 2
-22700 1
-22600 1
-22500 0
-22400 1
-22300 2
-22200 3
-22100 2
-22000 3
-21900 0
-21800 1
-21700 3
-21600 8
-21500 2
-21400 4
-21300 2
-21200 0
-21100 0
-21000 1
-20900 1
-20800 2
-20700 0
-20600 4
-20500 0
-20400 3
-20300 0
-20200 1
-20100 3
-20000 1
-19900 3
-19800 1
-19700 0
-19600 1
-19500 0
-19400 2
-19300 5
-19200 0
-19100 2
-19000 1
-18900 3
-18800 1
-18700 4
-18600 5
-18500 11
-18400 1
-18300 1
-18200 4
-18100 1
-18000 2
-17900 2
-17800 2
-17700 7
-17600 21
-17500 35
-17400 95
-17300 708
-17200 6089
-17100 15308
-17000 11361
-16900 2468
-16800 201
-16700 38
-16600 36
-16500 29
-16400 5
-16300 3
-16200 3
-16100 1
-16000 3
-15900 5
-15800 0
-15700 3
-15600 6
-15500 2
-15400 1
-15300 4
-15200 0
-15100 2
-15000 0
-14900 0
-14800 1
-14700 5
-14600 1
-14500 2
-14400 1
-14300 1
-14200 1
-14100 1
-14000 1
-13900 2
-13800 1
-13700 0
-13600 2
-13500 1
-13400 1
-13300 1
-13200 2
-13100 2
-13000 2
-12900 4
-12800 0
-12700 1
-12600 6
-12500 7
-12400 9
-12300 50
-12200 103
-12100 59
-12000 22
-11900 4
-11800 2
-11700 2
-11600 0
-11500 2
-11400 1
-11300 5
-11200 2
-11100 3
-11000 5
-10900 31
-10800 53
-10700 34
-10600 20
-10500 6
-10400 17
-10300 40
-10200 60
-10100 39
-10000 12
-9900 1
-9800 0
-9700 4
-9600 2
-9500 2
-9400 2
-9300 2
-9200 2
-9100 7
-9000 6
-8900 3
-8800 1
-8700 1
-8600 3
-8500 6
-8400 4
-8300 1
-8200 1
-8100 1
-8000 3
-7900 1
-7800 0
-7700 3
-7600 0
-7500 3
-7400 2
-7300 2
-7200 4
-7100 3
-7000 0
-6900 0
-6800 2
-6700 0
-6600 0
-6500 1
-6400 2
-6300 2
-6200 1
-6100 1
-6000 2
-5900 0
-5800 3
-5700 3
-5600 5
-5500 6
-5400 6
-5300 8
-5200 2
-5100 3
-5000 2
-4900 1
-4800 1
-4700 3
-4600 1
-4500 14
-4400 29
-4300 50
-4200 115
-4100 1400
-4000 8942
-3900 16637
-3800 8113
-3700 1076
-3600 89
-3500 33
-3400 39
-3300 10
-3200 6
-3100 2
-3000 2
-2900 4
-2800 4
-2700 2
-2600 0
-2500 4
-2400 4
-2300 3
-2200 3
-2100 1
-2000 1
-1900 2
-1800 0
-1700 1
-1600 1
-1500 1
-1400 1
-1300 1
-1200 2
-1100 2
-1000 1
-900 0
-800 1
-700 1
-600 0
-500 2
-400 1
-300 4
-200 0
-100 1
0 1
100 0
200 0
300 2
400 0
500 3
600 7
700 5
800 6
900 59
1000 138
1100 54
1200 11
1300 5
1400 6
1500 5
1600 2
1700 2
1800 4
1900 5
2000 2
2100 4
2200 16
2300 41
2400 61
2500 38
2600 15
2700 8
2800 41
2900 42
3000 64
3100 24
3200 6
3300 2
3400 2
3500 0
3600 1
3700 2
3800 3
3900 5
4000 6
4100 4
4200 3
4300 3
4400 0
4500 5
4600 6
4700 11
4800 0
4900 3
5000 0
5100 2
5200 0
5300 0
5400 0
5500 1
5600 1
5700 0
5800 1
5900 1
6000 4
6100 2
6200 0
6300 2
6400 2
6500 1
6600 3
6700 3
6800 0
6900 2
7000 1
7100 3
7200 2
7300 1
7400 5
7500 2
7600 2
7700 4
7800 5
7900 0
8000 2
8100 0
8200 5
8300 4
8400 3
8500 5
8600 20
8700 45
8800 64
8900 126
9000 620
9100 6584
9200 26786
9300 31670
9400 10273
9500 1194
9600 119
9700 61
9800 60
9900 26
10000 8
10100 0
10200 1
10300 3
10400 2
10500 4
10600 0
10700 4
10800 2
10900 3
11000 0
11100 0
11200 3
11300 1
11400 0
11500 3
11600 1
11700 1
11800 1
11900 3
12000 2
12100 0
12200 0
12300 4
12400 1
12500 2
12600 0
12700 0
12800 2
12900 1
13000 0
13100 0
13200 0
13300 1
13400 0
13500 1
13600 1
13700 1
13800 5
13900 5
14000 21
14100 66
14200 97
14300 63
14400 7
14500 7
14600 3
14700 3
14800 0
14900 1
15000 3
15100 5
15200 0
15300 3
15400 23
15500 45
15600 50
15700 24
15800 9
15900 16
16000 30
16100 61
16200 51
16300 18
16400 5
16500 2
16600 1
16700 0
16800 4
16900 0
17000 2
17100 6
17200 5
17300 5
17400 3
17500 1
17600 2
17700 5
17800 2
17900 3
18000 2
18100 1
18200 1
18300 1
18400 0
18500 1
18600 0
18700 2
18800 0
18900 1
19000 1
19100 1
19200 1
19300 2
19400 2
19500 1
19600 0
19700 1
19800 0
19900 0
20000 1
20100 2
20200 1
20300 4
20400 3
20500 1
20600 1
20700 3
20800 2
20900 11
21000 5
21100 1
21200 2
21300 1
21400 0
21500 0
21600 2
21700 6
21800 12
21900 21
22000 36
22100 130
22200 1127
22300 7863
22400 16576
22500 9129
22600 1486
22700 138
22800 45
22900 29
23000 14
23100 4
23200 5
23300 2
23400 2
23500 3
23600 1
23700 1
23800 4
23900 7
24000 2
24100 3
24200 2
24300 0
24400 1
24500 0
24600 2
24700 0
24800 2
24900 0
25000 0
25100 1
25200 0
25300 1
25400 1
25500 0
25600 1
25700 1
25800 2
25900 2
26000 0
26100 3
26200 1
26300 0
26400 0
26500 3
26600 1
26700 0
26800 1
26900 3
27000 6
27100 24
27200 78
27300 101
27400 33
27500 11
27600 6
27700 4
27800 0
27900 1
28000 2
28100 2
28200 4
28300 0
28400 5
28500 31
28600 39
28700 49
28800 21
28900 8
29000 13
29100 40
29200 54
29300 45
29400 17
29500 1
29600 4
29700 2
29800 0
29900 1
30000 0
30100 3
30200 1
30300 3
30400 3
30500 2
30600 1
30700 3
30800 2
30900 10
31000 3
31100 7
31200 0
31300 1
31400 0
31500 2
31600 2
31700 4
31800 1
31900 1
32000 1
32100 1
32200 2
32300 2
32400 1
32500 2
32600 1
32700 1
32800 3
32900 2
33000 0
33100 2
33200 0
33300 1
33400 1
33500 4
33600 3
33700 1
33800 2
33900 3
34000 8
34100 4
34200 2
34300 1
34400 1
34500 2
34600 3
34700 1
34800 4
34900 15
35000 35
35100 47
35200 155
35300 1583
35400 9596
35500 16348
35600 7367
35700 986
35800 79
35900 33
36000 31
36100 13
36200 4
36300 4
36400 3
36500 3
36600 1
36700 2
36800 1
36900 6
37000 4
37100 1
37200 0
37300 1
37400 3
37500 0
37600 1
37700 1
37800 1
37900 0
38000 2
38100 0
38200 1
38300 1
38400 0
38500 0
38600 3
38700 4
38800 0
38900 2
39000 3
39100 2
39200 2
39300 1
39400 1
39500 0
39600 1
39700 1
39800 2
39900 0
40000 7
40100 5
40200 9
40300 76
40400 106
40500 54
40600 11
40700 4
40800 4
40900 2
41000 1
41100 3
41200 3
41300 3
41400 0
41500 2
41600 14
41700 37
41800 51
41900 24
42000 8
42100 5
42200 22
42300 65
42400 50
42500 32
42600 4
42700 2
42800 2
42900 2
43000 2
43100 1
43200 4
43300 2
43400 3
43500 5
43600 3
43700 1
43800 4
43900 3
44000 1
44100 3
44200 4
44300 0
44400 1
44500 1
44600 2
44700 0
44800 1
44900 0
45000 0
45100 1
45200 3
45300 1
45400 1
45500 1
45600 0
45700 0
45800 2
45900 1
46000 1
46100 0
46200 3
46300 1
46400 2
46500 2
46600 1
46700 3
46800 4
46900 1
47000 2
47100 10
47200 10
47300 2
47400 3
47500 0
47600 1
47700 1
47800 1
47900 4
48000 7
48100 24
48200 29
48300 58
48400 438
48500 4369
48600 14380
48700 13043
48800 3293
48900 255
49000 57
49100 47
49200 56
49300 11
49400 14
49500 2
49600 1
49700 4
49800 2
49900 3
50000 4
50100 4
50200 7
50300 0
50400 0
50500 1
50600 1
50700 0
50800 2
50900 1
51000 1
51100 1
51200 2
51300 1
51400 1
51500 2
51600 1
51700 3
51800 0
51900 2
52000 0
52100 1
52200 0
52300 2
52400 1
52500 5
52600 0
52700 2
52800 0
52900 3
53000 2
53100 12
53200 6
53300 12
53400 84
53500 237
53600 226
53700 62
53800 14
53900 4
54000 6
54100 3
54200 2
54300 1
54400 3
54500 0
54600 4
54700 10
54800 32
54900 53
55000 45
55100 22
55200 10
55300 28
55400 45
55500 56
55600 45
55700 9
55800 3
55900 5
56000 3
56100 4
56200 3
56300 0
56400 4
56500 5
56600 5
56700 9
56800 2
56900 0
57000 1
57100 1
57200 4
57300 5
57400 2
57500 2
57600 1
57700 0
57800 1
57900 1
58000 0
58100 1
58200 2
58300 0
58400 2
58500 0
58600 1
58700 2
58800 3
58900 3
59000 2
59100 2
59200 1
59300 0
59400 1
59500 1
59600 4
59700 2
59800 5
59900 2
60000 3
60100 2
60200 2
60300 5
60400 6
60500 2
60600 0
60700 3
60800 4
60900 1
61000 3
61100 7
61200 17
61300 29
61400 40
61500 129
61600 1585
61700 9328
61800 16565
61900 7814
62000 1128
62100 113
62200 47
62300 32
62400 26
62500 6
62600 1
62700 2
62800 3
62900 1
63000 0
63100 3
63200 1
63300 2
63400 3
63500 1
63600 1
63700 1
63800 2
63900 0
64000 1
64100 3
64200 1
64300 0
64400 1
64500 1
64600 2
64700 1
64800 1
64900 1
65000 0
65100 0
65200 2
65300 1
65400 2
65500 1
65600 0
65700 0
65800 1
65900 1
66000 2
66100 3
66200 1
66300 6
66400 12
66500 14
66600 83
66700 99
66800 54
66900 8
67000 4
67100 6
67200 2
67300 4
67400 3
67500 1
67600 1
67700 3
67800 1
67900 11
68000 43
68100 55
68200 31
68300 7
68400 12
68500 40
68600 56
68700 73
68800 24
68900 1
69000 2
69100 2
69200 0
69300 0
69400 1
69500 1
69600 7
69700 2
69800 2
69900 1
70000 2
70100 1
70200 2
70300 4
70400 6
70500 1
70600 2
70700 2
70800 2
70900 0
71000 2
71100 0
71200 1
71300 3
71400 0
71500 3
71600 1
71700 0
71800 3
71900 4
72000 4
72100 0
72200 1
72300 1
72400 1
72500 2
72600 2
72700 0
72800 0
72900 6
73000 2
73100 4
73200 2
73300 4
73400 8
73500 14
73600 0
73700 1
73800 3
73900 1
74000 1
74100 1
74200 2
74300 15
74400 23
74500 38
74600 102
74700 1085
74800 7463
74900 16400
75000 9407
75100 1457
75200 126
75300 39
75400 35
75500 13
75600 6
75700 2
75800 3
75900 1
76000 2
76100 1
76200 3
76300 2
76400 4
76500 3
76600 2
76700 4
76800 1
76900 3
77000 2
77100 1
77200 3
77300 1
77400 0
77500 3
77600 2
77700 4
77800 0
77900 2
78000 3
78100 0
78200 1
78300 0
78400 1
78500 2
78600 1
78700 2
78800 0
78900 1
79000 1
79100 1
79200 2
79300 3
79400 4
79500 6
79600 17
79700 71
79800 124
79900 56
80000 14
80100 4
80200 8
80300 2
80400 0
80500 0
80600 4
80700 1
80800 0
80900 8
81000 8
81100 40
81200 55
81300 29
81400 11
81500 8
81600 28
81700 49
81800 57
81900 25
82000 6
82100 4
82200 2
82300 1
82400 1
82500 1
82600 5
82700 4
82800 2
82900 4
83000 3
83100 2
83200 3
83300 0
83400 5
83500 4
83600 1
83700 0
83800 2
83900 2
84000 0
84100 1
84200 2
84300 0
84400 2
84500 0
84600 3
84700 3
84800 4
84900 0
85000 3
85100 2
85200 2
85300 1
85400 1
85500 1
85600 3
85700 1
85800 1
85900 3
86000 0
86100 0
86200 0
86300 0
86400 0
86500 4
86600 3
86700 3
86800 2
86900 2
87000 1
87100 1
87200 3
87300 3
87400 16
87500 18
87600 32
87700 66
87800 560
87900 5054
88000 15416
88100 12156
88200 2776
88300 245
88400 43
88500 41
88600 19
88700 9
88800 2
88900 2
89000 1
89100 1
89200 2
89300 0
89400 3
89500 4
89600 5
89700 2
89800 1
89900 1
90000 3
90100 1
90200 2
90300 2
90400 1
90500 0
90600 2
90700 1
90800 2
90900 1
91000 1
91100 3
91200 1
91300 1
91400 2
91500 0
91600 1
91700 4
91800 5
91900 1
92000 3
92100 0
92200 1
92300 3
92400 3
92500 5
92600 6
92700 10
92800 46
92900 103
93000 77
93100 17
93200 5
93300 4
93400 1
93500 2
93600 1
93700 4
93800 2
93900 4
94000 1
94100 6
94200 27
94300 58
94400 40
94500 18
94600 10
94700 18
94800 43
94900 61
95000 41
95100 7
95200 0
95300 4
95400 2
95500 3
95600 1
95700 1
95800 1
95900 4
96000 2
96100 8
96200 0
96300 1
96400 3
96500 2
96600 4
96700 8
96800 0
96900 1
97000 0
97100 1
97200 0
97300 2
97400 0
97500 3
97600 1
97700 0
97800 3
97900 2
98000 1
98100 0
98200 3
98300 0
98400 1
98500 5
98600 0
98700 1
98800 2
98900 2
99000 1
99100 3
99200 0
99300 3
99400 2
99500 1
99600 4
99700 4
99800 7
99900 2
100000 1
100100 4
100200 4
100300 2
100400 1
100500 7
100600 17
100700 37
100800 50
100900 140
101000 1816
101100 10189
101200 16333
101300 6897
101400 889
101500 81
101600 40
101700 24
101800 17
101900 3
102000 3
102100 1
102200 2
102300 2
102400 2
102500 3
102600 2
102700 3
102800 1
102900 3
103000 0
103100 1
103200 2
103300 1
103400 1
103500 1
103600 4
103700 1
103800 1
103900 1
104000 0
104100 2
104200 2
104300 1
104400 1
104500 2
104600 2
104700 1
104800 1
104900 0
105000 4
105100 0
105200 1
105300 1
105400 3
105500 2
105600 4
105700 8
105800 7
105900 19
106000 73
106100 112
106200 44
106300 12
106400 5
106500 7
106600 2
106700 1
106800 0
106900 3
107000 4
107100 3
107200 3
107300 12
107400 52
107500 53
107600 30
107700 5
107800 4
107900 38
108000 54
108100 61
108200 16
108300 3
108400 3
108500 2
108600 2
108700 1
108800 2
108900 4
109000 6
109100 6
109200 4
109300 5
109400 1
109500 4
109600 2
109700 7
109800 4
109900 2
110000 1
110100 2
110200 0
110300 1
110400 1
110500 1
110600 3
110700 2
110800 1
110900 3
111000 3
111100 3
111200 1
111300 1
111400 1
111500 2
111600 0
111700 5
111800 1
111900 1
112000 0
112100 1
112200 1
112300 2
112400 1
112500 5
112600 1
112700 1
112800 4
112900 6
113000 2
113100 2
113200 3
113300 0
113400 3
113500 2
113600 5
113700 12
113800 32
113900 35
114000 104
114100 819
114200 6720
114300 16013
114400 10524
114500 1991
114600 164
114700 31
114800 29
114900 23
115000 8
115100 1
115200 2
115300 0
115400 3
115500 0
115600 1
115700 2
115800 4
115900 4
116000 2
116100 2
116200 1
116300 0
116400 1
116500 0
116600 0
116700 2
116800 1
116900 1
117000 0
117100 4
117200 1
117300 2
117400 0
117500 3
117600 0
117700 0
117800 3
117900 2
118000 0
118100 1
118200 0
118300 0
118400 0
118500 1
118600 3
118700 3
118800 2
118900 7
119000 6
119100 49
119200 111
119300 58
119400 15
119500 7
119600 5
119700 2
119800 0
119900 2
120000 3
120100 0
120200 0
120300 2
120400 11
120500 33
120600 41
120700 37
120800 13
120900 5
121000 29
121100 53
121200 61
121300 36
121400 12
121500 4
121600 1
121700 4
121800 2
121900 2
122000 3
122100 2
122200 3
122300 5
122400 4
122500 2
122600 1
122700 1
122800 3
122900 5
123000 4
123100 1
123200 1
123300 0
123400 2
123500 2
123600 0
123700 1
123800 5
123900 1
124000 2
124100 3
124200 3
124300 0
124400 2
124500 3
124600 2
124700 4
124800 0
124900 2
125000 0
125100 0
125200 0
125300 0
125400 1
125500 2
125600 2
125700 1
125800 6
125900 3
126000 10
126100 6
126200 0
126300 4
126400 2
126500 1
126600 2
126700 4
126800 7
126900 24
127000 35
127100 50
127200 376
127300 3775
127400 13952
127500 13710
127600 3677
127700 350
127800 41
127900 36
128000 32
128100 11
128200 4
128300 5
128400 1
128500 1
128600 3
128700 0
128800 6
128900 7
129000 1
129100 2
129200 2
129300 2
129400 1
129500 2
129600 3
129700 0
129800 1
129900 1
130000 2
130100 0
130200 1
130300 1
130400 3
130500 3
130600 0
130700 2
130800 2
130900 0
131000 0
131100 0
131200 1
131300 0
131400 0
131500 0
131600 1
131700 2
131800 2
131900 4
132000 7
132100 4
132200 29
132300 95
132400 79
132500 27
132600 8
132700 1
132800 2
132900 3
133000 2
133100 0
133200 3
133300 3
133400 2
133500 8
133600 27
133700 43
133800 41
133900 20
134000 1
134100 24
134200 42
134300 62
134400 44
134500 12
134600 2
134700 3
134800 1
134900 1
135000 2
135100 2
135200 1
135300 1
135400 2
135500 5
135600 2
135700 3
135800 0
135900 3
136000 6
136100 4
136200 0
136300 1
136400 2
136500 2
136600 1
136700 0
136800 1
136900 0
137000 2
137100 2
137200 1
137300 1
137400 0
137500 0
137600 0
137700 2
137800 0
137900 2
138000 0
138100 0
138200 2
138300 3
138400 2
138500 1
138600 3
138700 3
138800 3
138900 2
139000 4
139100 11
139200 5
139300 1
139400 1
139500 2
139600 0
139700 1
139800 0
139900 6
140000 18
140100 31
140200 51
140300 152
140400 1832
140500 10020
140600 16189
140700 6880
140800 929
140900 76
141000 33
141100 28
141200 12
141300 4
141400 3
141500 3
141600 1
141700 2
141800 3
141900 4
142000 4
142100 4
142200 2
142300 0
142400 2
142500 1
142600 2
142700 0
142800 0
142900 2
143000 2
143100 0
143200 0
143300 0
143400 0
143500 0
143600 2
143700 3
143800 0
143900 2
144000 1
144100 1
144200 1
144300 0
144400 3
144500 1
144600 1
144700 3
144800 0
144900 4
145000 4
145100 8
145200 8
145300 14
145400 75
145500 84
145600 43
145700 14
145800 5
145900 4
146000 6
146100 1
146200 1
146300 1
146400 4
146500 3
146600 2
146700 20
146800 31
146900 52
147000 30
147100 9
147200 11
147300 33
147400 57
147500 51
147600 20
147700 6
147800 2
147900 2
148000 2
148100 1
148200 0
148300 4
148400 1
148500 5
148600 6
148700 1
148800 2
148900 2
149000 0
149100 5
149200 2
149300 3
149400 0
149500 0
149600 0
149700 0
149800 1
149900 1
150000 0
150100 2
150200 0
150300 2
150400 3
150500 2
150600 2
150700 0
150800 1
150900 2
151000 3
151100 1
151200 1
151300 2
151400 0
151500 1
151600 2
151700 0
151800 3
151900 1
152000 3
152100 3
152200 8
152300 13
152400 0
152500 2
152600 0
152700 0
152800 1
152900 4
153000 1
153100 10
153200 22
153300 43
153400 83
153500 738
153600 5860
153700 15666
153800 11601
153900 2420
154000 194
154100 39
154200 34
154300 21
154400 11
154500 6
154600 0
154700 1
154800 1
154900 0
155000 2
155100 4
155200 2
155300 3
155400 1
155500 2
155600 2
155700 1
155800 0
155900 0
156000 1
156100 0
156200 1
156300 1
156400 3
156500 0
156600 2
156700 1
156800 1
156900 0
157000 0
157100 4
157200 2
157300 0
157400 1
157500 2
157600 0
157700 0
157800 2
157900 0
158000 0
158100 1
158200 8
158300 6
158400 11
158500 39
158600 111
158700 75
158800 16
158900 8
159000 5
159100 4
159200 0
159300 1
159400 1
159500 2
159600 2
159700 2
159800 4
159900 33
160000 65
160100 36
160200 14
160300 5
160400 20
160500 55
160600 75
160700 35
160800 5
160900 0
161000 6
161100 8
161200 1
161300 1
161400 0
161500 3
161600 5
161700 5
161800 2
161900 3
162000 0
162100 1
162200 1
162300 5
162400 4
162500 0
162600 4
162700 2
162800 2
162900 1
163000 2
163100 2
163200 0
163300 2
163400 1
163500 0
163600 3
163700 2
163800 0
163900 2
164000 3
164100 2
164200 0
164300 0
164400 1
164500 0
164600 1
164700 0
164800 2
164900 0
165000 4
165100 5
165200 2
165300 3
165400 9
165500 1
165600 4
165700 1
165800 2
165900 0
166000 1
166100 4
166200 6
166300 19
166400 32
166500 61
166600 275
166700 3189
166800 13254
166900 14595
167000 4662
167100 458
167200 54
167300 29
167400 25
167500 13
167600 6
167700 3
167800 0
167900 5
168000 0
168100 2
168200 2
168300 5
168400 3
168500 1
168600 1
168700 0
168800 2
168900 3
169000 0
169100 0
169200 2
169300 3
169400 1
169500 0
169600 1
169700 1
169800 3
169900 2
170000 2
170100 2
170200 3
170300 1
170400 0
170500 1
170600 2
170700 1
170800 3
170900 0
171000 4
171100 3
171200 1
171300 2
171400 8
171500 10
171600 24
171700 107
171800 92
171900 32
172000 9
172100 3
172200 1
172300 2
172400 2
172500 3
172600 1
172700 3
172800 0
172900 8
173000 30
173100 66
173200 49
173300 25
173400 9
173500 17
173600 46
173700 68
173800 52
173900 18
174000 3
174100 2
174200 3
174300 2
174400 3
174500 1
174600 3
174700 3
174800 7
174900 3
175000 2
175100 0
175200 0
175300 0
175400 1
175500 4
175600 2
175700 3
175800 2
175900 1
176000 2
176100 1
176200 1
176300 0
176400 1
176500 1
176600 3
176700 0
176800 1
176900 1
177000 1
177100 0
177200 0
177300 2
177400 1
177500 0
177600 1
177700 0
177800 3
177900 1
178000 1
178100 2
178200 0
178300 0
178400 3
178500 2
178600 2
178700 2
178800 1
178900 1
179000 0
179100 1
179200 2
179300 5
179400 17
179500 29
179600 52
179700 149
179800 1607
179900 9161
180000 16080
180100 7894
180200 1160
180300 97
180400 31
180500 31
180600 18
180700 7
180800 1
180900 0
181000 0
181100 1
181200 0
181300 2
181400 4
181500 6
181600 3
181700 2
181800 2
181900 0
182000 1
182100 1
182200 1
182300 1
182400 2
182500 2
182600 2
182700 2
182800 0
182900 1
183000 2
183100 1
183200 0
183300 2
183400 1
183500 2
183600 1
183700 0
183800 1
183900 1
184000 0
184100 0
184200 3
184300 1
184400 3
184500 5
184600 8
184700 20
184800 76
184900 124
185000 52
185100 12
185200 5
185300 4
185400 2
185500 4
185600 1
185700 1
185800 2
185900 1
186000 4
186100 17
186200 38
186300 42
186400 36
186500 16
186600 12
186700 27
186800 53
186900 60
187000 24
187100 6
187200 1
187300 4
187400 3
187500 4
187600 1
187700 1
187800 2
187900 6
188000 3
188100 5
188200 5
188300 3
188400 3
188500 2
188600 5
188700 1
188800 1
188900 0
189000 1
189100 2
189200 1
189300 0
189400 1
189500 0
189600 2
189700 4
189800 2
189900 1
190000 2
190100 4
190200 1
190300 0
190400 1
190500 2
190600 4
190700 1
190800 0
190900 0
191000 1
191100 5
191200 2
191300 4
191400 1
191500 4
191600 5
191700 7
191800 3
191900 3
192000 2
192100 2
192200 1
192300 1
192400 5
192500 7
192600 24
192700 36
192800 76
192900 563
193000 5063
193100 14647
193200 12488
193300 3082
193400 317
193500 38
193600 33
193700 23
193800 10
193900 5
194000 2
194100 1
194200 4
194300 0
194400 1
194500 0
194600 9
194700 3
194800 0
194900 1
195000 0
195100 1
195200 2
195300 0
195400 0
195500 0
195600 4
195700 3
195800 2
195900 0
196000 2
196100 1
196200 4
196300 3
196400 1
196500 2
196600 2
196700 2
196800 0
196900 3
197000 1
197100 0
197200 3
197300 1
197400 1
197500 2
197600 3
197700 2
197800 14
197900 47
198000 108
198100 73
198200 27
198300 2
198400 5
198500 4
198600 2
198700 0
198800 2
198900 2
199000 2
199100 1
199200 6
199300 30
199400 62
199500 53
199600 21
199700 5
199800 16
199900 45
200000 64
200100 39
200200 8
200300 6
200400 2
200500 1
200600 1
200700 2
200800 1
200900 0
201000 3
201100 0
201200 1
201300 0
201400 0
201500 3
201600 5
201700 2
201800 5
201900 3
202000 1
202100 1
202200 3
202300 1
202400 0
202500 2
202600 0
202700 1
202800 4
202900 1
203000 4
203100 1
203200 1
203300 2
203400 0
203500 4
203600 0
203700 1
203800 3
203900 4
204000 2
204100 0
204200 1
204300 1
204400 1
204500 3
204600 3
204700 9
204800 7
204900 7
205000 3
205100 0
205200 2
205300 1
205400 1
205500 4
205600 9
205700 16
205800 32
205900 43
206000 323
206100 2956
206200 12246
206300 14940
206400 5177
206500 597
206600 61
206700 36
206800 26
206900 11
207000 3
207100 1
207200 2
207300 3
207400 1
207500 3
207600 3
207700 3
207800 7
207900 4
208000 1
208100 2
208200 2
208300 2
208400 1
208500 0
208600 1
208700 3
208800 0
208900 3
209000 0
209100 0
209200 0
209300 0
209400 1
209500 0
209600 3
209700 0
209800 3
209900 3
210000 0
210100 1
210200 2
210300 2
210400 0
210500 4
210600 2
210700 7
210800 9
210900 6
211000 31
211100 94
211200 87
211300 28
211400 7
211500 2
211600 1
211700 1
211800 2
211900 1
212000 2
212100 3
212200 0
212300 4
212400 17
212500 43
212600 46
212700 19
212800 3
212900 16
213000 35
213100 67
213200 57
213300 18
213400 8
213500 3
213600 3
213700 0
213800 1
213900 2
214000 2
214100 5
214200 4
214300 2
214400 5
214500 1
214600 2
214700 2
214800 2
214900 7
215000 0
215100 2
215200 1
215300 1
215400 2
215500 1
215600 1
215700 1
215800 1
215900 1
216000 2
216100 5
216200 0
216300 3
216400 0
216500 1
216600 0
216700 1
216800 0
216900 0
217000 0
217100 0
217200 1
217300 2
217400 0
217500 1
217600 2
217700 0
217800 4
217900 11
218000 4
218100 1
218200 1
218300 2
218400 1
218500 4
218600 1
218700 5
218800 15
218900 26
219000 39
219100 141
219200 1312
219300 8465
219400 16107
219500 8781
219600 1386
219700 137
219800 36
219900 28
220000 12
220100 2
220200 2
220300 0
220400 2
220500 1
220600 0
220700 2
220800 4
220900 10
221000 2
221100 0
221200 2
221300 2
221400 1
221500 1
221600 1
221700 1
221800 1
221900 0
222000 0
222100 2
222200 3
222300 1
222400 0
222500 4
222600 1
222700 1
222800 1
222900 1
223000 1
223100 3
223200 1
223300 2
223400 0
223500 1
223600 0
223700 1
223800 2
223900 4
224000 6
224100 16
224200 69
224300 115
224400 40
224500 14
224600 7
224700 7
224800 3
224900 1
225000 2
225100 3
225200 2
225300 1
225400 7
225500 26
225600 64
225700 80
225800 79
225900 17
226000 14
226100 39
226200 82
226300 93
226400 60
226500 9
226600 2
226700 2
226800 1
226900 0
227000 3
227100 5
227200 5
227300 2
227400 2
227500 2
227600 1
227700 0
227800 2
227900 4
228000 7
228100 1
228200 0
228300 4
228400 0
228500 0
228600 0
228700 1
228800 0
228900 0
229000 2
229100 1
229200 1
229300 4
229400 3
229500 1
229600 1
229700 1
229800 1
229900 3
230000 0
230100 1
230200 0
230300 0
230400 3
230500 1
230600 3
230700 0
230800 1
230900 4
231000 8
231100 8
231200 1
231300 2
231400 2
231500 1
231600 0
231700 2
231800 6
231900 16
232000 27
232100 43
232200 111
232300 823
232400 6530
232500 15567
232600 10902
232700 2292
232800 215
232900 38
233000 32
233100 18
233200 11
233300 2
233400 1
233500 1
233600 0
233700 2
233800 2
233900 3
234000 2
234100 3
234200 2
234300 3
234400 1
234500 3
234600 0
234700 0
234800 2
234900 2
235000 0
235100 1
235200 1
235300 0
235400 1
235500 0
235600 2
235700 1
235800 5
235900 0
236000 1
236100 0
236200 1
236300 0
236400 2
236500 0
236600 1
236700 1
236800 2
236900 3
237000 8
237100 5
237200 7
237300 41
237400 107
237500 67
237600 15
237700 9
237800 5
237900 4
238000 1
238100 1
238200 1
238300 4
238400 0
238500 1
238600 13
238700 35
238800 56
238900 45
239000 22
239100 13
239200 19
239300 49
239400 72
239500 32
239600 11
239700 1
239800 3
239900 1
240000 2
240100 2
240200 2
240300 1
240400 3
240500 4
240600 4
240700 4
240800 2
240900 1
241000 3
241100 2
241200 3
241300 1
241400 2
241500 3
241600 4
241700 0
241800 2
241900 0
242000 1
242100 2
242200 0
242300 2
242400 1
242500 1
242600 0
242700 1
242800 0
242900 3
243000 3
243100 1
243200 0
243300 0
243400 1
243500 0
243600 1
243700 3
243800 1
243900 4
244000 1
244100 5
244200 7
244300 6
244400 1
244500 2
244600 3
244700 2
244800 2
244900 1
245000 13
245100 24
245200 47
245300 65
245400 355
245500 3074
245600 12298
245700 14566
245800 5425
245900 628
246000 75
246100 35
246200 26
246300 10
246400 2
246500 2
246600 1
246700 0
246800 2
246900 0
247000 2
247100 3
247200 6
247300 2
247400 1
247500 1
247600 1
247700 1
247800 1
247900 1
248000 0
248100 2
248200 0
248300 5
248400 1
248500 3
248600 0
248700 2
248800 0
248900 0
249000 0
249100 1
249200 0
249300 0
249400 0
249500 0
249600 0
249700 0
249800 2
249900 3
250000 0
250100 3
250200 8
250300 6
250400 28
250500 92
250600 98
250700 36
250800 13
250900 5
251000 1
251100 0
251200 1
251300 1
251400 3
251500 1
251600 1
251700 3
251800 20
251900 42
252000 49
252100 20
252200 7
252300 16
252400 45
252500 73
252600 71
252700 28
252800 2
252900 1
253000 2
253100 2
253200 0
253300 2
253400 3
253500 3
253600 3
253700 1
253800 3
253900 1
254000 0
254100 2
254200 3
254300 8
254400 2
254500 0
254600 1
254700 1
254800 1
254900 1
255000 2
255100 0
255200 2
255300 1
255400 2
255500 1
255600 3
255700 1
255800 2
255900 1
256000 1
256100 2
256200 1
256300 2
256400 1
256500 3
256600 1
256700 2
256800 1
256900 3
257000 1
257100 0
257200 3
257300 11
257400 5
257500 3
257600 2
257700 1
257800 1
257900 2
258000 3
258100 7
258200 13
258300 19
258400 53
258500 157
258600 1517
258700 8453
258800 15849
258900 8536
259000 1443
259100 133
259200 34
259300 27
259400 20
259500 6
259600 3
259700 4
259800 0
259900 2
260000 2
260100 1
260200 2
260300 6
260400 1
260500 0
260600 0
260700 2
260800 1
260900 5
261000 1
261100 4
261200 0
261300 0
261400 1
261500 1
261600 1
261700 4
261800 3
261900 2
262000 1
262100 3
262200 2
262300 3
262400 3
262500 4
262600 1
262700 2
262800 1
262900 3
263000 1
263100 0
263200 2
263300 6
263400 7
263500 16
263600 83
263700 105
263800 63
263900 14
264000 4
264100 8
264200 1
264300 0
264400 1
264500 5
264600 2
264700 1
264800 3
264900 10
265000 48
265100 45
265200 28
265300 15
265400 12
265500 34
265600 59
265700 58
265800 22
265900 3
266000 2
266100 2
266200 0
266300 1
266400 0
266500 3
266600 2
266700 1
266800 1
266900 3
267000 2
267100 2
267200 2
267300 5
267400 5
267500 5
267600 1
267700 2
267800 0
267900 2
268000 1
268100 2
268200 0
268300 1
268400 2
268500 0
268600 4
268700 4
268800 6
268900 2
269000 5
269100 1
269200 1
269300 2
269400 0
269500 1
269600 0
269700 1
269800 1
269900 0
270000 5
270100 3
270200 1
270300 2
270400 5
270500 5
270600 5
270700 1
270800 2
270900 2
271000 0
271100 1
271200 2
271300 6
271400 19
271500 45
271600 79
271700 784
271800 5767
271900 14900
272000 11642
272100 2692
272200 227
272300 35
272400 29
272500 20
272600 13
272700 3
272800 7
272900 1
273000 1
273100 0
273200 4
273300 6
273400 3
273500 5
273600 1
273700 0
273800 3
273900 4
274000 1
274100 0
274200 2
274300 2
274400 0
274500 1
274600 0
274700 1
274800 0
274900 0
275000 0
275100 2
275200 0
275300 0
275400 3
275500 2
275600 4
275700 1
275800 0
275900 2
276000 0
276100 3
276200 0
276300 0
276400 9
276500 7
276600 6
276700 58
276800 110
276900 80
277000 19
277100 9
277200 7
277300 1
277400 0
277500 0
277600 3
277700 3
277800 2
277900 4
278000 8
278100 31
278200 52
278300 39
278400 13
278500 9
278600 20
278700 45
278800 63
278900 36
279000 18
279100 4
279200 4
279300 1
279400 2
279500 1
279600 2
279700 1
279800 8
279900 4
280000 3
280100 2
280200 2
280300 3
280400 2
280500 6
280600 4
280700 4
280800 1
280900 1
281000 1
281100 0
281200 2
281300 3
281400 1
281500 0
281600 1
281700 2
281800 1
281900 3
282000 2
282100 1
282200 1
282300 0
282400 0
282500 2
282600 3
282700 4
282800 1
282900 1
283000 2
283100 3
283200 1
283300 1
283400 6
283500 7
283600 6
283700 4
283800 5
283900 1
284000 0
284100 1
284200 2
284300 5
284400 11
284500 22
284600 36
284700 52
284800 350
284900 3226
285000 12165
285100 14526
285200 5386
285300 635
285400 58
285500 28
285600 25
285700 20
285800 4
285900 0
286000 3
286100 2
286200 3
286300 3
286400 2
286500 5
286600 0
286700 2
286800 2
286900 0
287000 3
287100 2
287200 1
287300 1
287400 0
287500 1
287600 1
287700 0
287800 0
287900 3
288000 2
288100 2
288200 2
288300 1
288400 0
288500 0
288600 2
288700 0
288800 1
288900 1
289000 0
289100 1
289200 2
289300 2
289400 2
289500 4
289600 7
289700 8
289800 25
289900 99
290000 72
290100 35
290200 6
290300 4
290400 0
290500 1
290600 0
290700 2
290800 4
290900 1
291000 0
291100 9
291200 26
291300 48
291400 55
291500 27
291600 5
291700 14
291800 32
291900 58
292000 59
292100 12
292200 2
292300 2
292400 1
292500 3
292600 1
292700 3
292800 0
292900 4
293000 2
293100 6
293200 3
293300 2
293400 0
293500 0
293600 8
293700 4
293800 1
293900 2
294000 2
294100 1
294200 3
294300 0
294400 3
294500 1
294600 2
294700 2
294800 4
294900 3
295000 3
295100 1
295200 1
295300 0
295400 1
295500 2
295600 0
295700 2
295800 1
295900 1
296000 0
296100 1
296200 1
296300 4
296400 0
296500 0
296600 6
296700 7
296800 7
296900 1
297000 2
297100 1
297200 1
297300 0
297400 3
297500 2
297600 10
297700 36
297800 51
297900 143
298000 1405
298100 7999
298200 15617
298300 9059
298400 1677
298500 138
298600 35
298700 30
298800 12
298900 8
299000 6
299100 2
299200 0
299300 2
299400 2
299500 1
299600 2
299700 6
299800 3
299900 3
