-191000 3
-190900 0
-190800 0
-190700 0
-190600 1
-190500 0
-190400 0
-190300 0
-190200 0
-190100 0
-190000 0
-189900 1
-189800 0
-189700 0
-189600 1
-189500 0
-189400 2
-189300 0
-189200 0
-189100 1
-189000 0
-188900 0
-188800 0
-188700 0
-188600 0
-188500 1
-188400 2
-188300 3
-188200 3
-188100 16
-188000 185
-187900 889
-187800 1600
-187700 1025
-187600 215
-187500 30
-187400 8
-187300 2
-187200 2
-187100 2
-187000 0
-186900 2
-186800 1
-186700 1
-186600 0
-186500 0
-186400 0
-186300 3
-186200 1
-186100 2
-186000 2
-185900 0
-185800 0
-185700 0
-185600 0
-185500 0
-185400 0
-185300 0
-185200 0
-185100 0
-185000 0
-184900 0
-184800 0
-184700 0
-184600 1
-184500 1
-184400 0
-184300 0
-184200 0
-184100 0
-184000 1
-183900 0
-183800 0
-183700 0
-183600 0
-183500 0
-183400 1
-183300 1
-183200 0
-183100 1
-183000 20
-182900 18
-182800 15
-182700 6
-182600 1
-182500 2
-182400 1
-182300 0
-182200 0
-182100 0
-182000 2
-181900 1
-181800 0
-181700 2
-181600 6
-181500 10
-181400 7
-181300 2
-181200 2
-181100 4
-181000 7
-180900 10
-180800 3
-180700 1
-180600 0
-180500 0
-180400 0
-180300 0
-180200 0
-180100 0
-180000 1
-179900 1
-179800 0
-179700 0
-179600 1
-179500 0
-179400 0
-179300 2
-179200 0
-179100 0
-179000 0
-178900 0
-178800 0
-178700 1
-178600 0
-178500 0
-178400 1
-178300 0
-178200 0
-178100 0
-178000 1
-177900 0
-177800 0
-177700 1
-177600 0
-177500 0
-177400 1
-177300 0
-177200 0
-177100 0
-177000 0
-176900 0
-176800 0
-176700 0
-176600 0
-176500 1
-176400 0
-176300 1
-176200 1
-176100 0
-176000 2
-175900 2
-175800 0
-175700 0
-175600 0
-175500 0
-175400 0
-175300 0
-175200 3
-175100 4
-175000 12
-174900 98
-174800 508
-174700 1466
-174600 1394
-174500 488
-174400 47
-174300 11
-174200 0
-174100 4
-174000 1
-173900 0
-173800 2
-173700 1
-173600 0
-173500 1
-173400 0
-173300 2
-173200 0
-173100 0
-173000 0
-172900 1
-172800 0
-172700 0
-172600 0
-172500 0
-172400 0
-172300 0
-172200 0
-172100 0
-172000 0
-171900 0
-171800 0
-171700 0
-171600 0
-171500 0
-171400 0
-171300 0
-171200 0
-171100 0
-171000 0
-170900 0
-170800 1
-170700 1
-170600 0
-170500 0
-170400 0
-170300 1
-170200 1
-170100 1
-170000 1
-169900 11
-169800 13
-169700 23
-169600 7
-169500 0
-169400 3
-169300 3
-169200 0
-169100 0
-169000 0
-168900 1
-168800 0
-168700 0
-168600 1
-168500 4
-168400 3
-168300 4
-168200 3
-168100 2
-168000 5
-167900 12
-167800 6
-167700 6
-167600 2
-167500 0
-167400 3
-167300 1
-167200 0
-167100 0
-167000 0
-166900 1
-166800 0
-166700 0
-166600 0
-166500 3
-166400 0
-166300 0
-166200 0
-166100 0
-166000 0
-165900 0
-165800 0
-165700 0
-165600 0
-165500 0
-165400 0
-165300 0
-165200 0
-165100 1
-165000 0
-164900 0
-164800 1
-164700 0
-164600 0
-164500 0
-164400 0
-164300 0
-164200 0
-164100 0
-164000 0
-163900 0
-163800 0
-163700 0
-163600 2
-163500 5
-163400 1
-163300 11
-163200 13
-163100 7
-163000 11
-162900 5
-162800 2
-162700 1
-162600 0
-162500 1
-162400 0
-162300 0
-162200 1
-162100 0
-162000 5
-161900 7
-161800 27
-161700 299
-161600 1198
-161500 1597
-161400 767
-161300 126
-161200 17
-161100 6
-161000 3
-160900 2
-160800 1
-160700 0
-160600 1
-160500 2
-160400 0
-160300 0
-160200 0
-160100 1
-160000 0
-159900 2
-159800 1
-159700 0
-159600 0
-159500 0
-159400 0
-159300 0
-159200 1
-159100 0
-159000 0
-158900 0
-158800 0
-158700 1
-158600 0
-158500 0
-158400 0
-158300 0
-158200 0
-158100 0
-158000 0
-157900 1
-157800 0
-157700 1
-157600 0
-157500 0
-157400 0
-157300 0
-157200 0
-157100 0
-157000 0
-156900 0
-156800 7
-156700 15
-156600 27
-156500 19
-156400 2
-156300 3
-156200 1
-156100 0
-156000 0
-155900 0
-155800 0
-155700 1
-155600 1
-155500 1
-155400 2
-155300 5
-155200 8
-155100 5
-155000 3
-154900 5
-154800 4
-154700 9
-154600 4
-154500 9
-154400 0
-154300 0
-154200 1
-154100 0
-154000 0
-153900 2
-153800 0
-153700 0
-153600 0
-153500 0
-153400 2
-153300 0
-153200 0
-153100 1
-153000 1
-152900 2
-152800 1
-152700 0
-152600 0
-152500 0
-152400 1
-152300 0
-152200 0
-152100 2
-152000 0
-151900 1
-151800 0
-151700 0
-151600 2
-151500 0
-151400 0
-151300 0
-151200 0
-151100 0
-151000 1
-150900 0
-150800 0
-150700 0
-150600 0
-150500 1
-150400 0
-150300 0
-150200 1
-150100 1
-150000 2
-149900 1
-149800 0
-149700 0
-149600 0
-149500 0
-149400 0
-149300 0
-149200 0
-149100 1
-149000 1
-148900 4
-148800 3
-148700 17
-148600 153
-148500 893
-148400 1632
-148300 1097
-148200 270
-148100 32
-148000 5
-147900 2
-147800 1
-147700 1
-147600 1
-147500 0
-147400 0
-147300 0
-147200 0
-147100 0
-147000 0
-146900 1
-146800 0
-146700 2
-146600 0
-146500 0
-146400 0
-146300 0
-146200 0
-146100 0
-146000 0
-145900 2
-145800 0
-145700 1
-145600 0
-145500 0
-145400 0
-145300 0
-145200 0
-145100 1
-145000 0
-144900 2
-144800 0
-144700 0
-144600 0
-144500 0
-144400 0
-144300 0
-144200 0
-144100 0
-144000 0
-143900 0
-143800 0
-143700 4
-143600 12
-143500 25
-143400 15
-143300 5
-143200 2
-143100 2
-143000 1
-142900 0
-142800 0
-142700 0
-142600 1
-142500 1
-142400 0
-142300 1
-142200 2
-142100 7
-142000 6
-141900 0
-141800 1
-141700 7
-141600 8
-141500 9
-141400 4
-141300 0
-141200 1
-141100 1
-141000 0
-140900 0
-140800 1
-140700 0
-140600 1
-140500 0
-140400 0
-140300 1
-140200 0
-140100 0
-140000 1
-139900 0
-139800 1
-139700 1
-139600 0
-139500 0
-139400 0
-139300 0
-139200 0
-139100 0
-139000 0
-138900 0
-138800 0
-138700 0
-138600 1
-138500 0
-138400 0
-138300 0
-138200 0
-138100 0
-138000 0
-137900 0
-137800 1
-137700 0
-137600 0
-137500 1
-137400 0
-137300 0
-137200 0
-137100 0
-137000 0
-136900 0
-136800 1
-136700 2
-136600 0
-136500 1
-136400 0
-136300 0
-136200 1
-136100 0
-136000 0
-135900 1
-135800 1
-135700 5
-135600 7
-135500 60
-135400 515
-135300 1464
-135200 1388
-135100 501
-135000 74
-134900 6
-134800 3
-134700 1
-134600 2
-134500 0
-134400 0
-134300 0
-134200 0
-134100 0
-134000 0
-133900 0
-133800 2
-133700 2
-133600 0
-133500 0
-133400 2
-133300 0
-133200 0
-133100 0
-133000 0
-132900 0
-132800 0
-132700 1
-132600 0
-132500 1
-132400 0
-132300 0
-132200 0
-132100 0
-132000 0
-131900 0
-131800 0
-131700 1
-131600 2
-131500 1
-131400 0
-131300 0
-131200 0
-131100 0
-131000 0
-130900 0
-130800 2
-130700 0
-130600 3
-130500 5
-130400 24
-130300 21
-130200 9
-130100 5
-130000 3
-129900 1
-129800 1
-129700 0
-129600 0
-129500 1
-129400 1
-129300 0
-129200 0
-129100 1
-129000 3
-128900 5
-128800 4
-128700 2
-128600 3
-128500 6
-128400 11
-128300 5
-128200 5
-128100 1
-128000 2
-127900 0
-127800 0
-127700 0
-127600 0
-127500 1
-127400 0
-127300 1
-127200 0
-127100 0
-127000 0
-126900 0
-126800 3
-126700 0
-126600 0
-126500 0
-126400 0
-126300 0
-126200 0
-126100 0
-126000 1
-125900 0
-125800 1
-125700 0
-125600 0
-125500 0
-125400 1
-125300 0
-125200 1
-125100 0
-125000 0
-124900 0
-124800 2
-124700 1
-124600 1
-124500 0
-124400 0
-124300 0
-124200 0
-124100 0
-124000 0
-123900 1
-123800 1
-123700 1
-123600 1
-123500 1
-123400 0
-123300 0
-123200 0
-123100 0
-123000 0
-122900 0
-122800 2
-122700 1
-122600 6
-122500 7
-122400 27
-122300 260
-122200 1068
-122100 1656
-122000 800
-121900 147
-121800 19
-121700 4
-121600 2
-121500 0
-121400 1
-121300 0
-121200 2
-121100 1
-121000 0
-120900 0
-120800 0
-120700 0
-120600 1
-120500 1
-120400 0
-120300 0
-120200 2
-120100 0
-120000 0
-119900 0
-119800 1
-119700 0
-119600 0
-119500 0
-119400 0
-119300 0
-119200 0
-119100 0
-119000 0
-118900 1
-118800 0
-118700 1
-118600 1
-118500 1
-118400 0
-118300 0
-118200 0
-118100 0
-118000 0
-117900 0
-117800 0
-117700 0
-117600 0
-117500 2
-117400 3
-117300 7
-117200 26
-117100 14
-117000 1
-116900 1
-116800 1
-116700 1
-116600 0
-116500 0
-116400 0
-116300 0
-116200 0
-116100 0
-116000 2
-115900 4
-115800 9
-115700 6
-115600 2
-115500 4
-115400 8
-115300 6
-115200 2
-115100 5
-115000 0
-114900 1
-114800 1
-114700 0
-114600 0
-114500 0
-114400 0
-114300 1
-114200 1
-114100 0
-114000 0
-113900 0
-113800 0
-113700 1
-113600 1
-113500 0
-113400 0
-113300 0
-113200 0
-113100 0
-113000 0
-112900 1
-112800 1
-112700 1
-112600 2
-112500 0
-112400 0
-112300 1
-112200 0
-112100 0
-112000 0
-111900 0
-111800 1
-111700 1
-111600 0
-111500 0
-111400 1
-111300 1
-111200 0
-111100 0
-111000 0
-110900 1
-110800 1
-110700 0
-110600 0
-110500 0
-110400 2
-110300 2
-110200 0
-110100 0
-110000 0
-109900 0
-109800 1
-109700 0
-109600 2
-109500 2
-109400 4
-109300 10
-109200 140
-109100 839
-109000 1689
-108900 1092
-108800 265
-108700 30
-108600 5
-108500 1
-108400 1
-108300 2
-108200 1
-108100 0
-108000 0
-107900 1
-107800 0
-107700 0
-107600 1
-107500 1
-107400 2
-107300 2
-107200 2
-107100 0
-107000 0
-106900 0
-106800 0
-106700 0
-106600 0
-106500 1
-106400 0
-106300 0
-106200 0
-106100 1
-106000 0
-105900 0
-105800 0
-105700 0
-105600 0
-105500 0
-105400 0
-105300 0
-105200 0
-105100 0
-105000 0
-104900 0
-104800 0
-104700 1
-104600 1
-104500 0
-104400 0
-104300 3
-104200 10
-104100 25
-104000 16
-103900 4
-103800 2
-103700 2
-103600 1
-103500 0
-103400 1
-103300 0
-103200 0
-103100 0
-103000 1
-102900 3
-102800 4
-102700 7
-102600 11
-102500 8
-102400 1
-102300 6
-102200 9
-102100 9
-102000 3
-101900 0
-101800 0
-101700 0
-101600 0
-101500 0
-101400 0
-101300 0
-101200 0
-101100 3
-101000 0
-100900 0
-100800 0
-100700 0
-100600 0
-100500 0
-100400 0
-100300 0
-100200 0
-100100 0
-100000 0
-99900 0
-99800 0
-99700 0
-99600 0
-99500 0
-99400 0
-99300 0
-99200 0
-99100 0
-99000 0
-98900 0
-98800 0
-98700 0
-98600 0
-98500 0
-98400 0
-98300 0
-98200 0
-98100 0
-98000 0
-97900 0
-97800 0
-97700 0
-97600 0
-97500 0
-97400 1
-97300 2
-97200 1
-97100 2
-97000 1
-96900 0
-96800 0
-96700 0
-96600 0
-96500 0
-96400 3
-96300 3
-96200 7
-96100 51
-96000 392
-95900 1383
-95800 1552
-95700 583
-95600 91
-95500 5
-95400 4
-95300 2
-95200 1
-95100 0
-95000 0
-94900 1
-94800 0
-94700 1
-94600 0
-94500 0
-94400 0
-94300 2
-94200 3
-94100 1
-94000 1
-93900 0
-93800 0
-93700 0
-93600 0
-93500 0
-93400 0
-93300 0
-93200 0
-93100 0
-93000 0
-92900 0
-92800 0
-92700 1
-92600 0
-92500 0
-92400 0
-92300 0
-92200 1
-92100 0
-92000 0
-91900 1
-91800 0
-91700 0
-91600 0
-91500 0
-91400 0
-91300 0
-91200 3
-91100 7
-91000 17
-90900 25
-90800 3
-90700 2
-90600 1
-90500 1
-90400 3
-90300 1
-90200 0
-90100 1
-90000 1
-89900 1
-89800 1
-89700 3
-89600 6
-89500 9
-89400 9
-89300 2
-89200 4
-89100 9
-89000 4
-88900 4
-88800 2
-88700 1
-88600 0
-88500 0
-88400 0
-88300 0
-88200 0
-88100 1
-88000 1
-87900 0
-87800 1
-87700 0
-87600 0
-87500 0
-87400 0
-87300 1
-87200 0
-87100 0
-87000 0
-86900 0
-86800 0
-86700 0
-86600 0
-86500 1
-86400 0
-86300 0
-86200 0
-86100 0
-86000 0
-85900 0
-85800 0
-85700 0
-85600 0
-85500 0
-85400 1
-85300 0
-85200 0
-85100 0
-85000 1
-84900 0
-84800 0
-84700 0
-84600 0
-84500 1
-84400 1
-84300 0
-84200 0
-84100 0
-84000 1
-83900 1
-83800 0
-83700 0
-83600 0
-83500 0
-83400 2
-83300 2
-83200 3
-83100 6
-83000 22
-82900 151
-82800 910
-82700 1736
-82600 1014
-82500 231
-82400 19
-82300 9
-82200 3
-82100 0
-82000 0
-81900 0
-81800 0
-81700 1
-81600 0
-81500 0
-81400 1
-81300 1
-81200 1
-81100 3
-81000 2
-80900 2
-80800 1
-80700 0
-80600 0
-80500 0
-80400 0
-80300 0
-80200 1
-80100 0
-80000 0
-79900 0
-79800 0
-79700 1
-79600 0
-79500 0
-79400 0
-79300 1
-79200 1
-79100 3
-79000 0
-78900 0
-78800 0
-78700 1
-78600 0
-78500 0
-78400 0
-78300 0
-78200 3
-78100 2
-78000 3
-77900 18
-77800 15
-77700 7
-77600 4
-77500 2
-77400 1
-77300 1
-77200 0
-77100 0
-77000 0
-76900 1
-76800 1
-76700 0
-76600 1
-76500 1
-76400 9
-76300 5
-76200 3
-76100 2
-76000 11
-75900 9
-75800 9
-75700 4
-75600 1
-75500 1
-75400 0
-75300 0
-75200 0
-75100 1
-75000 1
-74900 0
-74800 3
-74700 0
-74600 0
-74500 0
-74400 0
-74300 0
-74200 1
-74100 1
-74000 0
-73900 1
-73800 0
-73700 0
-73600 0
-73500 0
-73400 2
-73300 0
-73200 0
-73100 0
-73000 1
-72900 0
-72800 0
-72700 0
-72600 0
-72500 0
-72400 0
-72300 1
-72200 0
-72100 0
-72000 0
-71900 0
-71800 0
-71700 1
-71600 0
-71500 1
-71400 1
-71300 0
-71200 1
-71100 0
-71000 0
-70900 0
-70800 0
-70700 0
-70600 0
-70500 0
-70400 0
-70300 0
-70200 2
-70100 3
-70000 6
-69900 17
-69800 140
-69700 845
-69600 1626
-69500 1149
-69400 205
-69300 27
-69200 2
-69100 4
-69000 1
-68900 0
-68800 0
-68700 0
-68600 0
-68500 1
-68400 0
-68300 0
-68200 0
-68100 1
-68000 1
-67900 0
-67800 1
-67700 0
-67600 0
-67500 0
-67400 0
-67300 0
-67200 1
-67100 0
-67000 0
-66900 0
-66800 0
-66700 0
-66600 0
-66500 0
-66400 0
-66300 1
-66200 0
-66100 0
-66000 0
-65900 1
-65800 0
-65700 0
-65600 0
-65500 0
-65400 0
-65300 0
-65200 3
-65100 0
-65000 0
-64900 2
-64800 14
-64700 21
-64600 19
-64500 2
-64400 0
-64300 1
-64200 3
-64100 0
-64000 0
-63900 0
-63800 0
-63700 0
-63600 0
-63500 1
-63400 5
-63300 5
-63200 9
-63100 0
-63000 2
-62900 6
-62800 8
-62700 10
-62600 6
-62500 1
-62400 0
-62300 1
-62200 2
-62100 0
-62000 1
-61900 1
-61800 0
-61700 0
-61600 3
-61500 0
-61400 1
-61300 0
-61200 0
-61100 1
-61000 1
-60900 0
-60800 2
-60700 0
-60600 0
-60500 0
-60400 0
-60300 0
-60200 0
-60100 0
-60000 0
-59900 0
-59800 1
-59700 0
-59600 0
-59500 0
-59400 0
-59300 0
-59200 0
-59100 0
-59000 0
-58900 0
-58800 0
-58700 0
-58600 1
-58500 0
-58400 1
-58300 0
-58200 1
-58100 0
-58000 1
-57900 1
-57800 1
-57700 1
-57600 0
-57500 0
-57400 1
-57300 0
-57200 0
-57100 0
-57000 0
-56900 2
-56800 18
-56700 116
-56600 656
-56500 1465
-56400 1288
-56300 375
-56200 51
-56100 3
-56000 1
-55900 2
-55800 0
-55700 0
-55600 0
-55500 0
-55400 0
-55300 1
-55200 0
-55100 0
-55000 2
-54900 1
-54800 5
-54700 0
-54600 0
-54500 1
-54400 0
-54300 0
-54200 0
-54100 0
-54000 0
-53900 0
-53800 0
-53700 1
-53600 0
-53500 0
-53400 0
-53300 0
-53200 0
-53100 0
-53000 0
-52900 0
-52800 0
-52700 0
-52600 0
-52500 0
-52400 0
-52300 0
-52200 0
-52100 0
-52000 2
-51900 0
-51800 3
-51700 11
-51600 25
-51500 22
-51400 14
-51300 3
-51200 2
-51100 0
-51000 0
-50900 0
-50800 0
-50700 1
-50600 1
-50500 0
-50400 0
-50300 5
-50200 3
-50100 13
-50000 4
-49900 2
-49800 5
-49700 6
-49600 7
-49500 2
-49400 2
-49300 1
-49200 1
-49100 1
-49000 0
-48900 0
-48800 0
-48700 0
-48600 1
-48500 0
-48400 0
-48300 1
-48200 0
-48100 0
-48000 1
-47900 1
-47800 1
-47700 0
-47600 0
-47500 0
-47400 0
-47300 0
-47200 0
-47100 0
-47000 0
-46900 0
-46800 0
-46700 1
-46600 0
-46500 0
-46400 1
-46300 0
-46200 0
-46100 0
-46000 0
-45900 0
-45800 0
-45700 1
-45600 0
-45500 0
-45400 0
-45300 0
-45200 0
-45100 1
-45000 1
-44900 1
-44800 1
-44700 0
-44600 0
-44500 0
-44400 1
-44300 0
-44200 0
-44100 0
-44000 2
-43900 3
-43800 6
-43700 32
-43600 64
-43500 243
-43400 942
-43300 1618
-43200 936
-43100 187
-43000 18
-42900 2
-42800 4
-42700 3
-42600 0
-42500 1
-42400 0
-42300 0
-42200 0
-42100 1
-42000 0
-41900 0
-41800 0
-41700 0
-41600 1
-41500 0
-41400 0
-41300 2
-41200 0
-41100 0
-41000 0
-40900 0
-40800 0
-40700 0
-40600 0
-40500 0
-40400 1
-40300 0
-40200 0
-40100 0
-40000 1
-39900 0
-39800 1
-39700 1
-39600 0
-39500 0
-39400 0
-39300 0
-39200 0
-39100 0
-39000 1
-38900 0
-38800 1
-38700 2
-38600 0
-38500 11
-38400 25
-38300 19
-38200 7
-38100 1
-38000 1
-37900 0
-37800 0
-37700 0
-37600 1
-37500 1
-37400 0
-37300 0
-37200 0
-37100 4
-37000 3
-36900 0
-36800 3
-36700 2
-36600 6
-36500 17
-36400 6
-36300 4
-36200 0
-36100 1
-36000 0
-35900 0
-35800 0
-35700 0
-35600 1
-35500 2
-35400 0
-35300 2
-35200 0
-35100 1
-35000 1
-34900 0
-34800 2
-34700 1
-34600 0
-34500 0
-34400 0
-34300 1
-34200 0
-34100 0
-34000 0
-33900 0
-33800 0
-33700 1
-33600 1
-33500 0
-33400 0
-33300 1
-33200 0
-33100 1
-33000 0
-32900 0
-32800 1
-32700 0
-32600 0
-32500 0
-32400 0
-32300 0
-32200 0
-32100 1
-32000 0
-31900 1
-31800 2
-31700 2
-31600 0
-31500 0
-31400 0
-31300 0
-31200 0
-31100 0
-31000 1
-30900 1
-30800 21
-30700 37
-30600 57
-30500 40
-30400 87
-30300 590
-30200 1511
-30100 1259
-30000 332
-29900 45
-29800 11
-29700 3
-29600 2
-29500 3
-29400 0
-29300 0
-29200 0
-29100 1
-29000 0
-28900 0
-28800 1
-28700 1
-28600 0
-28500 0
-28400 2
-28300 1
-28200 0
-28100 0
-28000 0
-27900 0
-27800 2
-27700 0
-27600 1
-27500 1
-27400 1
-27300 0
-27200 0
-27100 0
-27000 0
-26900 0
-26800 0
-26700 0
-26600 0
-26500 0
-26400 0
-26300 0
-26200 0
-26100 0
-26000 0
-25900 0
-25800 0
-25700 0
-25600 0
-25500 2
-25400 14
-25300 37
-25200 15
-25100 4
-25000 2
-24900 0
-24800 0
-24700 1
-24600 0
-24500 0
-24400 1
-24300 1
-24200 0
-24100 1
-24000 7
-23900 4
-23800 5
-23700 4
-23600 0
-23500 7
-23400 9
-23300 8
-23200 5
-23100 1
-23000 0
-22900 1
-22800 0
-22700 0
-22600 0
-22500 0
-22400 0
-22300 1
-22200 1
-22100 0
-22000 0
-21900 0
-21800 0
-21700 0
-21600 0
-21500 1
-21400 0
-21300 0
-21200 0
-21100 0
-21000 0
-20900 0
-20800 0
-20700 0
-20600 0
-20500 0
-20400 0
-20300 0
-20200 0
-20100 0
-20000 0
-19900 0
-19800 0
-19700 0
-19600 1
-19500 0
-19400 0
-19300 0
-19200 0
-19100 0
-19000 2
-18900 1
-18800 1
-18700 1
-18600 1
-18500 1
-18400 2
-18300 0
-18200 0
-18100 1
-18000 0
-17900 1
-17800 1
-17700 2
-17600 3
-17500 3
-17400 15
-17300 115
-17200 714
-17100 1471
-17000 1127
-16900 295
-16800 34
-16700 7
-16600 1
-16500 1
-16400 0
-16300 0
-16200 0
-16100 1
-16000 0
-15900 0
-15800 0
-15700 0
-15600 1
-15500 2
-15400 0
-15300 0
-15200 0
-15100 0
-15000 0
-14900 0
-14800 0
-14700 0
-14600 0
-14500 0
-14400 0
-14300 1
-14200 0
-14100 0
-14000 0
-13900 2
-13800 0
-13700 0
-13600 0
-13500 0
-13400 0
-13300 0
-13200 0
-13100 0
-13000 0
-12900 0
-12800 0
-12700 0
-12600 0
-12500 1
-12400 3
-12300 13
-12200 20
-12100 20
-12000 9
-11900 2
-11800 3
-11700 1
-11600 0
-11500 0
-11400 0
-11300 1
-11200 0
-11100 0
-11000 1
-10900 4
-10800 8
-10700 5
-10600 6
-10500 4
-10400 6
-10300 5
-10200 11
-10100 5
-10000 1
-9900 0
-9800 0
-9700 0
-9600 0
-9500 0
-9400 0
-9300 0
-9200 0
-9100 1
-9000 2
-8900 0
-8800 0
-8700 1
-8600 0
-8500 2
-8400 1
-8300 0
-8200 0
-8100 0
-8000 0
-7900 0
-7800 0
-7700 0
-7600 0
-7500 0
-7400 0
-7300 0
-7200 0
-7100 2
-7000 0
-6900 0
-6800 1
-6700 0
-6600 0
-6500 0
-6400 0
-6300 0
-6200 0
-6100 1
-6000 0
-5900 1
-5800 0
-5700 0
-5600 2
-5500 1
-5400 1
-5300 0
-5200 0
-5100 1
-5000 0
-4900 0
-4800 0
-4700 1
-4600 1
-4500 1
-4400 2
-4300 5
-4200 23
-4100 188
-4000 1018
-3900 1573
-3800 800
-3700 144
-3600 22
-3500 2
-3400 1
-3300 0
-3200 1
-3100 0
-3000 1
-2900 0
-2800 0
-2700 0
-2600 1
-2500 0
-2400 1
-2300 0
-2200 0
-2100 0
-2000 0
-1900 1
-1800 0
-1700 0
-1600 1
-1500 0
-1400 1
-1300 1
-1200 0
-1100 0
-1000 0
-900 1
-800 1
-700 0
-600 2
-500 0
-400 1
-300 0
-200 0
-100 0
0 0
100 0
200 0
300 0
400 0
500 0
600 3
700 2
800 3
900 15
1000 19
1100 15
1200 3
1300 2
1400 1
1500 0
1600 1
1700 0
1800 0
1900 1
2000 1
2100 0
2200 1
2300 10
2400 8
2500 9
2600 2
2700 4
2800 5
2900 1
3000 7
3100 1
3200 0
3300 0
3400 1
3500 0
3600 0
3700 0
3800 1
3900 1
4000 0
4100 0
4200 1
4300 0
4400 0
4500 0
4600 0
4700 1
4800 0
4900 0
5000 0
5100 0
5200 0
5300 0
5400 0
5500 0
5600 0
5700 0
5800 1
5900 1
6000 0
6100 0
6200 0
6300 0
6400 0
6500 0
6600 1
6700 0
6800 0
6900 0
7000 0
7100 0
7200 0
7300 0
7400 1
7500 2
7600 3
7700 0
7800 0
7900 1
8000 1
8100 1
8200 0
8300 0
8400 0
8500 2
8600 28
8700 45
8800 69
8900 156
9000 1319
9100 10724
9200 31218
9300 31815
9400 11898
9500 1599
9600 153
9700 52
9800 57
9900 19
10000 5
10100 2
10200 0
10300 0
10400 0
10500 0
10600 0
10700 2
10800 2
10900 0
11000 2
11100 1
11200 0
11300 0
11400 0
11500 0
11600 0
11700 0
11800 0
11900 0
12000 0
12100 0
12200 1
12300 0
12400 0
12500 0
12600 0
12700 0
12800 1
12900 0
13000 0
13100 0
13200 0
13300 0
13400 0
13500 1
13600 0
13700 3
13800 1
13900 3
14000 3
14100 17
14200 31
14300 12
14400 4
14500 0
14600 0
14700 0
14800 0
14900 0
15000 0
15100 2
15200 1
15300 0
15400 1
15500 7
15600 6
15700 3
15800 1
15900 2
16000 5
16100 12
16200 4
16300 2
16400 1
16500 0
16600 0
16700 0
16800 0
16900 0
17000 1
17100 0
17200 1
17300 2
17400 1
17500 1
17600 0
17700 2
17800 0
17900 1
18000 0
18100 0
18200 0
18300 1
18400 0
18500 0
18600 0
18700 0
18800 0
18900 0
19000 1
19100 0
19200 2
19300 0
19400 1
19500 0
19600 0
19700 0
19800 1
19900 0
20000 0
20100 0
20200 0
20300 0
20400 0
20500 1
20600 0
20700 0
20800 1
20900 1
21000 1
21100 0
21200 0
21300 0
21400 0
21500 0
21600 0
21700 1
21800 1
21900 1
22000 2
22100 24
22200 201
22300 943
22400 1567
22500 950
22600 199
22700 22
22800 4
22900 3
23000 2
23100 1
23200 0
23300 0
23400 0
23500 0
23600 0
23700 0
23800 2
23900 1
24000 0
24100 0
24200 0
24300 1
24400 0
24500 0
24600 0
24700 0
24800 0
24900 1
25000 0
25100 1
25200 0
25300 0
25400 0
25500 0
25600 0
25700 0
25800 0
25900 0
26000 0
26100 0
26200 0
26300 0
26400 1
26500 0
26600 0
26700 0
26800 0
26900 0
27000 1
27100 6
27200 9
27300 20
27400 8
27500 3
27600 1
27700 2
27800 0
27900 0
28000 0
28100 1
28200 0
28300 0
28400 1
28500 1
28600 6
28700 3
28800 6
28900 1
29000 2
29100 7
29200 12
29300 6
29400 0
29500 1
29600 0
29700 0
29800 0
29900 0
30000 0
30100 0
30200 0
30300 1
30400 0
30500 0
30600 0
30700 0
30800 0
30900 1
31000 1
31100 0
31200 0
31300 0
31400 0
31500 0
31600 0
31700 0
31800 0
31900 0
32000 0
32100 0
32200 0
32300 0
32400 0
32500 0
32600 0
32700 0
32800 0
32900 0
33000 0
33100 0
33200 0
33300 0
33400 0
33500 1
33600 1
33700 0
33800 0
33900 2
34000 0
34100 0
34200 1
34300 0
34400 0
34500 0
34600 0
34700 0
34800 0
34900 2
35000 2
35100 7
35200 39
35300 237
35400 1021
35500 1651
35600 812
35700 139
35800 15
35900 2
36000 4
36100 2
36200 1
36300 1
36400 0
36500 0
36600 0
36700 1
36800 1
36900 1
37000 2
37100 1
37200 1
37300 0
37400 0
37500 0
37600 0
37700 0
37800 0
37900 1
38000 0
38100 0
38200 0
38300 0
38400 0
38500 0
38600 0
38700 0
38800 0
38900 1
39000 0
39100 0
39200 0
39300 0
39400 0
39500 1
39600 0
39700 0
39800 1
39900 0
40000 0
40100 2
40200 4
40300 19
40400 20
40500 11
40600 5
40700 0
40800 2
40900 0
41000 0
41100 1
41200 0
41300 0
41400 1
41500 0
41600 3
41700 5
41800 4
41900 6
42000 2
42100 4
42200 8
42300 7
42400 12
42500 3
42600 3
42700 0
42800 0
42900 0
43000 0
43100 0
43200 1
43300 1
43400 1
43500 1
43600 0
43700 0
43800 0
43900 1
44000 0
44100 1
44200 1
44300 0
44400 0
44500 1
44600 0
44700 0
44800 0
44900 0
45000 1
45100 1
45200 0
45300 0
45400 0
45500 0
45600 1
45700 0
45800 0
45900 0
46000 0
46100 0
46200 0
46300 0
46400 0
46500 0
46600 0
46700 0
46800 2
46900 1
47000 0
47100 2
47200 1
47300 0
47400 0
47500 1
47600 1
47700 1
47800 2
47900 0
48000 1
48100 5
48200 4
48300 11
48400 88
48500 537
48600 1427
48700 1287
48800 388
48900 51
49000 37
49100 42
49200 44
49300 10
49400 3
49500 1
49600 0
49700 0
49800 1
49900 0
50000 1
50100 1
50200 0
50300 2
50400 1
50500 0
50600 1
50700 0
50800 0
50900 0
51000 0
51100 0
51200 1
51300 0
51400 0
51500 0
51600 1
51700 1
51800 0
51900 1
52000 1
52100 0
52200 0
52300 0
52400 0
52500 0
52600 3
52700 0
52800 0
52900 1
53000 0
53100 2
53200 2
53300 21
53400 125
53500 407
53600 478
53700 146
53800 27
53900 8
54000 6
54100 1
54200 0
54300 2
54400 1
54500 2
54600 0
54700 3
54800 6
54900 2
55000 10
55100 2
55200 3
55300 8
55400 6
55500 8
55600 4
55700 5
55800 0
55900 1
56000 1
56100 0
56200 1
56300 0
56400 0
56500 0
56600 0
56700 1
56800 0
56900 1
57000 0
57100 0
57200 0
57300 1
57400 0
57500 0
57600 0
57700 0
57800 0
57900 0
58000 0
58100 0
58200 0
58300 0
58400 0
58500 0
58600 1
58700 0
58800 0
58900 0
59000 0
59100 0
59200 0
59300 0
59400 0
59500 0
59600 0
59700 0
59800 1
59900 0
60000 1
60100 2
60200 0
60300 0
60400 1
60500 0
60600 0
60700 1
60800 0
60900 0
61000 0
61100 0
61200 1
61300 7
61400 4
61500 33
61600 213
61700 1024
61800 1617
61900 840
62000 222
62100 61
62200 13
62300 3
62400 0
62500 0
62600 0
62700 0
62800 0
62900 0
63000 0
63100 1
63200 0
63300 3
63400 2
63500 1
63600 0
63700 0
63800 0
63900 0
64000 0
64100 0
64200 0
64300 0
64400 1
64500 0
64600 0
64700 0
64800 0
64900 1
65000 0
65100 0
65200 0
65300 0
65400 0
65500 0
65600 0
65700 0
65800 0
65900 0
66000 0
66100 0
66200 0
66300 0
66400 0
66500 4
66600 19
66700 18
66800 15
66900 0
67000 2
67100 1
67200 2
67300 0
67400 0
67500 3
67600 0
67700 1
67800 1
67900 3
68000 5
68100 11
68200 7
68300 4
68400 3
68500 7
68600 10
68700 7
68800 3
68900 1
69000 2
69100 0
69200 1
69300 0
69400 0
69500 0
69600 1
69700 1
69800 3
69900 0
70000 1
70100 1
70200 0
70300 2
70400 0
70500 1
70600 0
70700 0
70800 0
70900 0
71000 0
71100 0
71200 0
71300 0
71400 0
71500 0
71600 0
71700 0
71800 0
71900 0
72000 0
72100 0
72200 1
72300 0
72400 0
72500 1
72600 0
72700 0
72800 2
72900 0
73000 0
73100 1
73200 2
73300 0
73400 0
73500 1
73600 1
73700 0
73800 0
73900 0
74000 1
74100 0
74200 0
74300 1
74400 3
74500 2
74600 20
74700 159
74800 884
74900 1677
75000 1000
75100 254
75200 34
75300 2
75400 2
75500 2
75600 0
75700 0
75800 0
75900 0
76000 0
76100 0
76200 0
76300 1
76400 1
76500 1
76600 2
76700 1
76800 0
76900 0
77000 0
77100 0
77200 0
77300 0
77400 0
77500 0
77600 0
77700 0
77800 1
77900 0
78000 1
78100 0
78200 0
78300 0
78400 0
78500 0
78600 0
78700 0
78800 0
78900 0
79000 0
79100 0
79200 0
79300 1
79400 1
79500 1
79600 4
79700 12
79800 20
79900 13
80000 2
80100 1
80200 0
80300 0
80400 0
80500 1
80600 0
80700 0
80800 0
80900 0
81000 2
81100 3
81200 6
81300 5
81400 4
81500 1
81600 3
81700 18
81800 9
81900 4
82000 2
82100 1
82200 2
82300 0
82400 0
82500 0
82600 0
82700 0
82800 1
82900 0
83000 2
83100 1
83200 0
83300 0
83400 1
83500 0
83600 0
83700 0
83800 0
83900 0
84000 0
84100 0
84200 0
84300 1
84400 0
84500 0
84600 1
84700 1
84800 1
84900 0
85000 0
85100 0
85200 0
85300 0
85400 0
85500 0
85600 0
85700 0
85800 0
85900 0
86000 0
86100 1
86200 0
86300 1
86400 0
86500 1
86600 1
86700 0
86800 0
86900 0
87000 0
87100 0
87200 0
87300 0
87400 0
87500 1
87600 5
87700 20
87800 96
87900 634
88000 1615
88100 1289
88200 355
88300 40
88400 4
88500 3
88600 2
88700 2
88800 0
88900 0
89000 0
89100 1
89200 0
89300 0
89400 1
89500 2
89600 0
89700 1
89800 0
89900 1
90000 0
90100 1
90200 0
90300 0
90400 0
90500 0
90600 0
90700 0
90800 0
90900 0
91000 3
91100 0
91200 0
91300 0
91400 0
91500 1
91600 0
91700 0
91800 0
91900 0
92000 1
92100 1
92200 1
92300 0
92400 0
92500 0
92600 1
92700 0
92800 10
92900 22
93000 17
93100 5
93200 1
93300 2
93400 3
93500 1
93600 0
93700 1
93800 1
93900 0
94000 1
94100 4
94200 4
94300 6
94400 9
94500 1
94600 3
94700 3
94800 14
94900 6
95000 11
95100 0
95200 1
95300 1
95400 0
95500 0
95600 0
95700 0
95800 0
95900 1
96000 0
96100 0
96200 0
96300 0
96400 0
96500 1
96600 0
96700 3
96800 1
96900 0
97000 0
97100 0
97200 0
97300 0
97400 0
97500 0
97600 0
97700 1
97800 5
97900 5
98000 1
98100 0
98200 0
98300 0
98400 0
98500 0
98600 0
98700 1
98800 0
98900 0
99000 1
99100 0
99200 2
99300 0
99400 1
99500 0
99600 1
99700 0
99800 0
99900 1
100000 1
100100 1
100200 0
100300 1
100400 1
100500 1
100600 1
100700 4
100800 5
100900 29
101000 239
101100 1120
101200 1710
101300 719
101400 146
101500 11
101600 2
101700 2
101800 0
101900 2
102000 0
102100 0
102200 0
102300 0
102400 0
102500 0
102600 0
102700 0
102800 2
102900 0
103000 0
103100 0
103200 1
103300 0
103400 0
103500 0
103600 0
103700 0
103800 0
103900 0
104000 0
104100 1
104200 0
104300 1
104400 0
104500 0
104600 0
104700 0
104800 0
104900 1
105000 0
105100 0
105200 0
105300 0
105400 1
105500 0
105600 0
105700 1
105800 2
105900 7
106000 17
106100 21
106200 13
106300 1
106400 3
106500 2
106600 1
106700 0
106800 1
106900 0
107000 0
107100 0
107200 0
107300 6
107400 7
107500 6
107600 9
107700 3
107800 4
107900 10
108000 8
108100 9
108200 4
108300 0
108400 0
108500 0
108600 0
108700 0
108800 0
108900 0
109000 0
109100 0
109200 0
109300 0
109400 1
109500 1
109600 0
109700 2
109800 0
109900 0
110000 1
110100 1
110200 1
110300 0
110400 0
110500 0
110600 0
110700 1
110800 0
110900 0
111000 1
111100 1
111200 0
111300 0
111400 0
111500 1
111600 1
111700 1
111800 0
111900 0
112000 1
112100 0
112200 0
112300 1
112400 0
112500 0
112600 0
112700 0
112800 1
112900 1
113000 0
113100 0
113200 0
113300 0
113400 0
113500 0
113600 0
113700 3
113800 2
113900 5
114000 12
114100 126
114200 837
114300 1634
114400 1128
114500 273
114600 37
114700 4
114800 3
114900 0
115000 2
115100 1
115200 0
115300 0
115400 0
115500 0
115600 0
115700 2
115800 0
115900 1
116000 2
116100 1
116200 0
116300 0
116400 0
116500 0
116600 0
116700 1
116800 0
116900 0
117000 0
117100 0
117200 0
117300 0
117400 1
117500 0
117600 0
117700 0
117800 0
117900 0
118000 0
118100 0
118200 0
118300 1
118400 0
118500 0
118600 0
118700 1
118800 1
118900 0
119000 3
119100 13
119200 28
119300 13
119400 2
119500 3
119600 2
119700 0
119800 2
119900 0
120000 0
120100 1
120200 1
120300 0
120400 3
120500 6
120600 4
120700 2
120800 1
120900 3
121000 5
121100 7
121200 17
121300 4
121400 2
121500 1
121600 0
121700 0
121800 0
121900 0
122000 0
122100 0
122200 0
122300 2
122400 2
122500 1
122600 0
122700 1
122800 0
122900 0
123000 0
123100 2
123200 0
123300 1
123400 1
123500 0
123600 0
123700 0
123800 0
123900 0
124000 0
124100 1
124200 0
124300 0
124400 2
124500 0
124600 0
124700 0
124800 0
124900 0
125000 0
125100 0
125200 0
125300 0
125400 1
125500 1
125600 1
125700 3
125800 0
125900 1
126000 3
126100 1
126200 0
126300 0
126400 0
126500 0
126600 0
126700 0
126800 0
126900 3
127000 4
127100 7
127200 70
127300 514
127400 1466
127500 1410
127600 479
127700 53
127800 9
127900 2
128000 2
128100 1
128200 1
128300 0
128400 0
128500 0
128600 0
128700 1
128800 0
128900 0
129000 2
129100 1
129200 0
129300 0
129400 0
129500 0
129600 0
129700 0
129800 0
129900 0
130000 0
130100 0
130200 0
130300 1
130400 0
130500 0
130600 0
130700 0
130800 0
130900 0
131000 0
131100 0
131200 0
131300 0
131400 1
131500 0
131600 2
131700 0
131800 1
131900 1
132000 0
132100 1
132200 5
132300 19
132400 18
132500 7
132600 1
132700 2
132800 1
132900 0
133000 0
133100 1
133200 0
133300 2
133400 0
133500 0
133600 1
133700 8
133800 8
133900 5
134000 2
134100 3
134200 7
134300 7
134400 7
134500 2
134600 0
134700 1
134800 0
134900 0
135000 0
135100 0
135200 0
135300 1
135400 3
135500 0
135600 0
135700 1
135800 0
135900 0
136000 0
136100 0
136200 0
136300 0
136400 0
136500 1
136600 0
136700 0
136800 0
136900 0
137000 0
137100 0
137200 0
137300 0
137400 0
137500 2
137600 0
137700 1
137800 0
137900 1
138000 0
138100 0
138200 0
138300 0
138400 0
138500 0
138600 0
138700 0
138800 1
138900 1
139000 0
139100 0
139200 0
139300 0
139400 0
139500 0
139600 0
139700 0
139800 1
139900 1
140000 0
140100 2
140200 6
140300 23
140400 264
140500 1101
140600 1682
140700 778
140800 152
140900 13
141000 4
141100 3
141200 2
141300 1
141400 0
141500 0
141600 1
141700 0
141800 0
141900 0
142000 0
142100 1
142200 1
142300 2
142400 2
142500 0
142600 0
142700 0
142800 0
142900 0
143000 0
143100 0
143200 0
143300 0
143400 0
143500 0
143600 0
143700 0
143800 0
143900 0
144000 0
144100 0
144200 0
144300 1
144400 1
144500 0
144600 0
144700 0
144800 0
144900 0
145000 1
145100 1
145200 1
145300 1
145400 11
145500 28
145600 11
145700 6
145800 0
145900 2
146000 0
146100 0
146200 0
146300 1
146400 0
146500 0
146600 2
146700 1
146800 3
146900 10
147000 3
147100 1
147200 2
147300 10
147400 6
147500 9
147600 3
147700 0
147800 0
147900 0
148000 1
148100 1
148200 0
148300 0
148400 1
148500 0
148600 0
148700 1
148800 0
148900 0
149000 1
149100 1
149200 1
149300 1
149400 0
149500 0
149600 0
149700 0
149800 0
149900 0
150000 0
150100 0
150200 0
150300 0
150400 0
150500 0
150600 0
150700 0
150800 0
150900 0
151000 0
151100 0
151200 0
151300 0
151400 0
151500 0
151600 0
151700 1
151800 0
151900 0
152000 0
152100 0
152200 2
152300 2
152400 1
152500 2
152600 0
152700 0
152800 0
152900 1
153000 0
153100 1
153200 5
153300 6
153400 15
153500 136
153600 715
153700 1607
153800 1246
153900 279
154000 35
154100 1
154200 4
154300 3
154400 1
154500 0
154600 1
154700 0
154800 1
154900 0
155000 0
155100 0
155200 1
155300 0
155400 2
155500 0
155600 1
155700 0
155800 0
155900 0
156000 0
156100 1
156200 0
156300 0
156400 1
156500 1
156600 1
156700 1
156800 0
156900 0
157000 0
157100 1
157200 0
157300 3
157400 1
157500 0
157600 2
157700 1
157800 2
157900 0
158000 0
158100 1
158200 0
158300 1
158400 1
158500 12
158600 32
158700 25
158800 9
158900 0
159000 2
159100 0
159200 1
159300 0
159400 0
159500 1
159600 0
159700 2
159800 0
159900 6
160000 5
160100 8
160200 6
160300 2
160400 9
160500 11
160600 9
160700 8
160800 2
160900 1
161000 0
161100 0
161200 0
161300 0
161400 1
161500 2
161600 2
161700 0
161800 1
161900 1
162000 0
162100 0
162200 2
162300 0
162400 1
162500 0
162600 0
162700 0
162800 0
162900 0
163000 0
163100 0
163200 0
163300 0
163400 0
163500 1
163600 0
163700 0
163800 0
163900 0
164000 1
164100 0
164200 0
164300 0
164400 0
164500 0
164600 0
164700 0
164800 0
164900 1
165000 0
165100 0
165200 1
165300 0
165400 0
165500 0
165600 0
165700 0
165800 0
165900 0
166000 0
166100 0
166200 2
166300 1
166400 3
166500 12
166600 61
166700 420
166800 1453
166900 1576
167000 546
167100 91
167200 6
167300 4
167400 1
167500 1
167600 0
167700 0
167800 0
167900 0
168000 1
168100 0
168200 0
168300 1
168400 0
168500 0
168600 0
168700 1
168800 0
168900 0
169000 0
169100 0
169200 0
169300 0
169400 0
169500 0
169600 0
169700 0
169800 0
169900 0
170000 0
170100 0
170200 0
170300 0
170400 1
170500 0
170600 2
170700 0
170800 0
170900 1
171000 0
171100 1
171200 0
171300 1
171400 0
171500 0
171600 8
171700 27
171800 25
171900 11
172000 2
172100 0
172200 1
172300 0
172400 0
172500 0
172600 0
172700 0
172800 0
172900 1
173000 1
173100 6
173200 6
173300 2
173400 2
173500 5
173600 8
173700 13
173800 2
173900 6
174000 0
174100 1
174200 1
174300 1
174400 0
174500 0
174600 1
174700 0
174800 0
174900 1
175000 1
175100 1
175200 0
175300 0
175400 1
175500 0
175600 0
175700 0
175800 0
175900 0
176000 0
176100 0
176200 0
176300 0
176400 0
176500 1
176600 0
176700 0
176800 0
176900 0
177000 0
177100 0
177200 0
177300 0
177400 0
177500 1
177600 0
177700 0
177800 0
177900 0
178000 0
178100 0
178200 0
178300 0
178400 2
178500 1
178600 0
178700 1
178800 0
178900 0
179000 0
179100 0
179200 0
179300 2
179400 2
179500 2
179600 4
179700 32
179800 274
179900 1080
180000 1697
180100 786
180200 154
180300 15
180400 3
180500 3
180600 2
180700 0
180800 2
180900 0
181000 1
181100 0
181200 2
181300 2
181400 12
181500 20
181600 12
181700 11
181800 8
181900 3
182000 0
182100 1
182200 0
182300 0
182400 0
182500 0
182600 0
182700 0
182800 1
182900 1
183000 0
183100 1
183200 1
183300 0
183400 0
183500 0
183600 0
183700 0
183800 0
183900 1
184000 0
184100 0
184200 1
184300 1
184400 0
184500 2
184600 0
184700 5
184800 21
184900 25
185000 7
185100 2
185200 5
185300 0
185400 0
185500 0
185600 0
185700 1
185800 1
185900 0
186000 0
186100 3
186200 3
186300 3
186400 6
186500 2
186600 2
186700 5
186800 16
186900 10
187000 9
187100 0
187200 2
187300 1
187400 0
187500 0
187600 0
187700 1
187800 1
187900 0
188000 0
188100 1
188200 0
188300 0
188400 0
188500 0
188600 0
188700 1
188800 0
188900 0
189000 0
189100 0
189200 2
189300 0
189400 1
189500 0
189600 0
189700 1
189800 1
189900 0
190000 0
190100 0
190200 0
190300 0
190400 1
190500 0
190600 0
190700 0
190800 0
190900 0
191000 0
191100 2
191200 0
191300 0
191400 0
191500 0
191600 2
191700 1
191800 1
191900 0
192000 0
192100 0
192200 0
192300 2
192400 0
192500 2
192600 5
192700 6
192800 9
192900 93
193000 647
193100 1550
193200 1308
193300 401
193400 39
193500 7
193600 3
193700 3
193800 0
193900 1
194000 0
194100 1
194200 0
194300 1
194400 1
194500 0
194600 1
194700 0
194800 0
194900 0
195000 0
195100 0
195200 0
195300 0
195400 0
195500 0
195600 0
195700 0
195800 0
195900 0
196000 0
196100 0
196200 0
196300 2
196400 0
196500 0
196600 1
196700 1
196800 1
196900 0
197000 0
197100 0
197200 0
197300 0
197400 0
197500 0
197600 1
197700 1
197800 6
197900 9
198000 15
198100 15
198200 5
198300 2
198400 2
198500 0
198600 2
198700 0
198800 0
198900 3
199000 0
199100 0
199200 1
199300 2
199400 5
199500 3
199600 3
199700 4
199800 3
199900 5
200000 13
200100 7
200200 2
200300 1
200400 0
200500 1
200600 0
200700 0
200800 0
200900 1
201000 1
201100 0
201200 1
201300 0
201400 1
201500 1
201600 0
201700 0
201800 0
201900 0
202000 0
202100 1
202200 0
202300 0
202400 0
202500 0
202600 1
202700 0
202800 0
202900 1
203000 0
203100 0
203200 0
203300 0
203400 1
203500 0
203600 0
203700 0
203800 0
203900 0
204000 0
204100 0
204200 1
204300 0
204400 0
204500 1
204600 0
204700 1
204800 1
204900 1
205000 0
205100 0
205200 0
205300 1
205400 0
205500 0
205600 1
205700 2
205800 3
205900 7
206000 57
206100 412
206200 1271
206300 1564
206400 575
206500 97
206600 10
206700 1
206800 4
206900 2
207000 0
207100 0
207200 1
207300 0
207400 2
207500 1
207600 1
207700 1
207800 4
207900 1
208000 1
208100 1
208200 0
208300 0
208400 0
208500 0
208600 0
208700 0
208800 0
208900 0
