-290000 2
-289900 0
-289800 0
-289700 1
-289600 0
-289500 0
-289400 0
-289300 0
-289200 0
-289100 0
-289000 0
-288900 0
-288800 0
-288700 0
-288600 1
-288500 0
-288400 0
-288300 0
-288200 0
-288100 0
-288000 0
-287900 0
-287800 0
-287700 0
-287600 0
-287500 1
-287400 2
-287300 8
-287200 24
-287100 23
-287000 9
-286900 3
-286800 1
-286700 0
-286600 0
-286500 0
-286400 0
-286300 0
-286200 0
-286100 1
-286000 1
-285900 0
-285800 0
-285700 1
-285600 0
-285500 1
-285400 0
-285300 0
-285200 0
-285100 1
-285000 0
-284900 0
-284800 0
-284700 0
-284600 0
-284500 0
-284400 0
-284300 0
-284200 0
-284100 0
-284000 1
-283900 0
-283800 0
-283700 0
-283600 0
-283500 0
-283400 0
-283300 0
-283200 0
-283100 1
-283000 0
-282900 1
-282800 0
-282700 0
-282600 0
-282500 0
-282400 0
-282300 2
-282200 1
-282100 0
-282000 0
-281900 0
-281800 0
-281700 0
-281600 0
-281500 0
-281400 0
-281300 1
-281200 0
-281100 0
-281000 0
-280900 0
-280800 0
-280700 1
-280600 0
-280500 2
-280400 2
-280300 0
-280200 0
-280100 1
-280000 0
-279900 1
-279800 0
-279700 1
-279600 2
-279500 0
-279400 3
-279300 4
-279200 40
-279100 417
-279000 2290
-278900 4150
-278800 2202
-278700 404
-278600 33
-278500 4
-278400 3
-278300 0
-278200 1
-278100 0
-278000 1
-277900 0
-277800 0
-277700 1
-277600 0
-277500 0
-277400 1
-277300 2
-277200 4
-277100 0
-277000 0
-276900 0
-276800 0
-276700 0
-276600 0
-276500 0
-276400 0
-276300 0
-276200 0
-276100 1
-276000 1
-275900 2
-275800 0
-275700 0
-275600 0
-275500 1
-275400 0
-275300 0
-275200 2
-275100 0
-275000 0
-274900 0
-274800 1
-274700 0
-274600 0
-274500 0
-274400 1
-274300 1
-274200 3
-274100 17
-274000 27
-273900 14
-273800 4
-273700 2
-273600 0
-273500 0
-273400 0
-273300 0
-273200 2
-273100 0
-273000 0
-272900 0
-272800 0
-272700 0
-272600 0
-272500 1
-272400 0
-272300 0
-272200 0
-272100 0
-272000 0
-271900 0
-271800 1
-271700 1
-271600 0
-271500 0
-271400 0
-271300 0
-271200 0
-271100 0
-271000 0
-270900 0
-270800 0
-270700 0
-270600 1
-270500 1
-270400 0
-270300 0
-270200 0
-270100 2
-270000 0
-269900 0
-269800 0
-269700 0
-269600 1
-269500 0
-269400 0
-269300 0
-269200 4
-269100 5
-269000 0
-268900 0
-268800 0
-268700 0
-268600 0
-268500 1
-268400 1
-268300 0
-268200 0
-268100 0
-268000 1
-267900 0
-267800 1
-267700 0
-267600 1
-267500 1
-267400 0
-267300 1
-267200 1
-267100 0
-267000 0
-266900 1
-266800 0
-266700 0
-266600 1
-266500 1
-266400 2
-266300 4
-266200 5
-266100 24
-266000 184
-265900 1508
-265800 4001
-265700 3117
-265600 775
-265500 87
-265400 9
-265300 3
-265200 3
-265100 2
-265000 0
-264900 0
-264800 0
-264700 0
-264600 1
-264500 0
-264400 1
-264300 1
-264200 0
-264100 1
-264000 2
-263900 0
-263800 0
-263700 0
-263600 0
-263500 0
-263400 0
-263300 1
-263200 0
-263100 0
-263000 0
-262900 0
-262800 0
-262700 0
-262600 0
-262500 0
-262400 0
-262300 0
-262200 0
-262100 2
-262000 0
-261900 0
-261800 2
-261700 0
-261600 0
-261500 1
-261400 0
-261300 0
-261200 0
-261100 4
-261000 15
-260900 36
-260800 17
-260700 5
-260600 0
-260500 1
-260400 1
-260300 0
-260200 0
-260100 0
-260000 0
-259900 0
-259800 0
-259700 0
-259600 0
-259500 0
-259400 2
-259300 0
-259200 0
-259100 0
-259000 0
-258900 0
-258800 1
-258700 0
-258600 0
-258500 0
-258400 1
-258300 0
-258200 1
-258100 0
-258000 0
-257900 0
-257800 0
-257700 0
-257600 1
-257500 0
-257400 1
-257300 0
-257200 2
-257100 0
-257000 0
-256900 0
-256800 0
-256700 0
-256600 0
-256500 0
-256400 0
-256300 1
-256200 0
-256100 0
-256000 0
-255900 0
-255800 1
-255700 0
-255600 0
-255500 0
-255400 0
-255300 0
-255200 1
-255100 0
-255000 0
-254900 2
-254800 1
-254700 0
-254600 0
-254500 0
-254400 1
-254300 1
-254200 0
-254100 0
-254000 0
-253900 0
-253800 0
-253700 0
-253600 0
-253500 1
-253400 0
-253300 1
-253200 6
-253100 5
-253000 7
-252900 95
-252800 855
-252700 3352
-252600 3895
-252500 1312
-252400 185
-252300 11
-252200 2
-252100 4
-252000 0
-251900 1
-251800 1
-251700 0
-251600 0
-251500 0
-251400 0
-251300 1
-251200 0
-251100 1
-251000 4
-250900 1
-250800 1
-250700 0
-250600 0
-250500 0
-250400 0
-250300 0
-250200 0
-250100 0
-250000 0
-249900 0
-249800 0
-249700 0
-249600 0
-249500 0
-249400 0
-249300 0
-249200 1
-249100 0
-249000 1
-248900 0
-248800 0
-248700 0
-248600 0
-248500 0
-248400 0
-248300 1
-248200 0
-248100 1
-248000 0
-247900 9
-247800 23
-247700 20
-247600 10
-247500 0
-247400 0
-247300 0
-247200 0
-247100 1
-247000 0
-246900 0
-246800 0
-246700 0
-246600 0
-246500 0
-246400 0
-246300 0
-246200 1
-246100 1
-246000 0
-245900 0
-245800 0
-245700 0
-245600 0
-245500 0
-245400 1
-245300 1
-245200 0
-245100 0
-245000 0
-244900 0
-244800 0
-244700 0
-244600 0
-244500 0
-244400 0
-244300 1
-244200 1
-244100 0
-244000 0
-243900 0
-243800 0
-243700 0
-243600 1
-243500 0
-243400 1
-243300 0
-243200 0
-243100 0
-243000 1
-242900 0
-242800 1
-242700 0
-242600 0
-242500 0
-242400 3
-242300 0
-242200 0
-242100 0
-242000 0
-241900 1
-241800 1
-241700 0
-241600 0
-241500 0
-241400 0
-241300 2
-241200 2
-241100 0
-241000 2
-240900 0
-240800 0
-240700 1
-240600 0
-240500 0
-240400 0
-240300 0
-240200 1
-240100 4
-240000 5
-239900 10
-239800 23
-239700 374
-239600 2255
-239500 4196
-239400 2359
-239300 435
-239200 41
-239100 5
-239000 0
-238900 1
-238800 1
-238700 0
-238600 0
-238500 0
-238400 0
-238300 0
-238200 0
-238100 1
-238000 2
-237900 1
-237800 1
-237700 1
-237600 0
-237500 1
-237400 0
-237300 0
-237200 1
-237100 1
-237000 0
-236900 0
-236800 0
-236700 1
-236600 0
-236500 1
-236400 0
-236300 0
-236200 2
-236100 0
-236000 0
-235900 0
-235800 0
-235700 0
-235600 0
-235500 0
-235400 0
-235300 0
-235200 0
-235100 0
-235000 1
-234900 0
-234800 4
-234700 14
-234600 27
-234500 13
-234400 5
-234300 2
-234200 2
-234100 0
-234000 0
-233900 0
-233800 0
-233700 0
-233600 1
-233500 0
-233400 1
-233300 0
-233200 1
-233100 0
-233000 0
-232900 0
-232800 1
-232700 1
-232600 0
-232500 0
-232400 0
-232300 0
-232200 0
-232100 0
-232000 0
-231900 0
-231800 0
-231700 0
-231600 1
-231500 0
-231400 0
-231300 0
-231200 0
-231100 1
-231000 0
-230900 1
-230800 0
-230700 1
-230600 0
-230500 0
-230400 1
-230300 0
-230200 0
-230100 1
-230000 0
-229900 0
-229800 1
-229700 0
-229600 0
-229500 0
-229400 1
-229300 0
-229200 0
-229100 0
-229000 0
-228900 0
-228800 0
-228700 0
-228600 0
-228500 0
-228400 1
-228300 2
-228200 0
-228100 2
-228000 2
-227900 1
-227800 0
-227700 0
-227600 2
-227500 0
-227400 0
-227300 0
-227200 1
-227100 0
-227000 1
-226900 5
-226800 1
-226700 18
-226600 138
-226500 1249
-226400 3790
-226300 3370
-226200 894
-226100 94
-226000 12
-225900 6
-225800 5
-225700 2
-225600 0
-225500 0
-225400 1
-225300 0
-225200 0
-225100 0
-225000 0
-224900 0
-224800 0
-224700 0
-224600 0
-224500 0
-224400 0
-224300 0
-224200 0
-224100 0
-224000 0
-223900 0
-223800 0
-223700 0
-223600 0
-223500 0
-223400 0
-223300 1
-223200 0
-223100 0
-223000 0
-222900 0
-222800 0
-222700 0
-222600 0
-222500 0
-222400 0
-222300 0
-222200 0
-222100 0
-222000 3
-221900 0
-221800 0
-221700 2
-221600 10
-221500 26
-221400 16
-221300 1
-221200 1
-221100 3
-221000 0
-220900 0
-220800 1
-220700 1
-220600 0
-220500 0
-220400 2
-220300 0
-220200 0
-220100 2
-220000 0
-219900 0
-219800 0
-219700 0
-219600 0
-219500 1
-219400 0
-219300 0
-219200 0
-219100 0
-219000 1
-218900 0
-218800 1
-218700 0
-218600 1
-218500 0
-218400 0
-218300 0
-218200 0
-218100 0
-218000 0
-217900 1
-217800 0
-217700 2
-217600 0
-217500 0
-217400 0
-217300 1
-217200 0
-217100 0
-217000 0
-216900 0
-216800 1
-216700 0
-216600 0
-216500 0
-216400 2
-216300 0
-216200 0
-216100 0
-216000 0
-215900 0
-215800 0
-215700 0
-215600 0
-215500 0
-215400 1
-215300 0
-215200 0
-215100 0
-215000 1
-214900 2
-214800 3
-214700 1
-214600 0
-214500 0
-214400 0
-214300 0
-214200 2
-214100 0
-214000 0
-213900 1
-213800 3
-213700 5
-213600 9
-213500 82
-213400 856
-213300 3201
-213200 3825
-213100 1361
-213000 147
-212900 14
-212800 4
-212700 1
-212600 0
-212500 0
-212400 1
-212300 0
-212200 0
-212100 0
-212000 0
-211900 0
-211800 0
-211700 1
-211600 2
-211500 0
-211400 0
-211300 1
-211200 0
-211100 0
-211000 1
-210900 0
-210800 0
-210700 0
-210600 0
-210500 2
-210400 1
-210300 0
-210200 0
-210100 0
-210000 0
-209900 0
-209800 0
-209700 0
-209600 0
-209500 0
-209400 0
-209300 0
-209200 2
-209100 0
-209000 0
-208900 0
-208800 0
-208700 0
-208600 1
-208500 8
-208400 20
-208300 26
-208200 7
-208100 0
-208000 1
-207900 0
-207800 0
-207700 1
-207600 1
-207500 0
-207400 0
-207300 0
-207200 0
-207100 0
-207000 0
-206900 0
-206800 0
-206700 0
-206600 0
-206500 0
-206400 0
-206300 0
-206200 1
-206100 0
-206000 0
-205900 0
-205800 1
-205700 0
-205600 1
-205500 0
-205400 0
-205300 0
-205200 0
-205100 1
-205000 0
-204900 0
-204800 0
-204700 3
-204600 0
-204500 0
-204400 0
-204300 0
-204200 0
-204100 0
-204000 0
-203900 0
-203800 1
-203700 0
-203600 0
-203500 2
-203400 0
-203300 1
-203200 1
-203100 0
-203000 0
-202900 0
-202800 0
-202700 0
-202600 0
-202500 0
-202400 1
-202300 0
-202200 0
-202100 0
-202000 0
-201900 0
-201800 1
-201700 0
-201600 1
-201500 0
-201400 0
-201300 0
-201200 0
-201100 0
-201000 0
-200900 0
-200800 1
-200700 1
-200600 4
-200500 6
-200400 48
-200300 457
-200200 2567
-200100 4267
-200000 1977
-199900 294
-199800 21
-199700 3
-199600 1
-199500 3
-199400 1
-199300 0
-199200 0
-199100 0
-199000 0
-198900 1
-198800 0
-198700 0
-198600 2
-198500 1
-198400 0
-198300 0
-198200 0
-198100 0
-198000 0
-197900 0
-197800 0
-197700 0
-197600 0
-197500 0
-197400 0
-197300 0
-197200 0
-197100 0
-197000 2
-196900 0
-196800 0
-196700 0
-196600 1
-196500 0
-196400 0
-196300 0
-196200 1
-196100 0
-196000 0
-195900 0
-195800 0
-195700 0
-195600 0
-195500 0
-195400 3
-195300 19
-195200 36
-195100 17
-195000 3
-194900 1
-194800 0
-194700 0
-194600 1
-194500 0
-194400 0
-194300 0
-194200 1
-194100 0
-194000 1
-193900 0
-193800 1
-193700 0
-193600 0
-193500 0
-193400 0
-193300 0
-193200 0
-193100 0
-193000 1
-192900 0
-192800 1
-192700 0
-192600 0
-192500 0
-192400 0
-192300 0
-192200 0
-192100 0
-192000 0
-191900 0
-191800 0
-191700 0
-191600 0
-191500 0
-191400 0
-191300 0
-191200 1
-191100 2
-191000 1
-190900 0
-190800 0
-190700 0
-190600 0
-190500 0
-190400 2
-190300 1
-190200 0
-190100 0
-190000 1
-189900 0
-189800 0
-189700 1
-189600 1
-189500 0
-189400 0
-189300 0
-189200 0
-189100 0
-189000 0
-188900 1
-188800 0
-188700 2
-188600 2
-188500 0
-188400 1
-188300 1
-188200 0
-188100 0
-188000 0
-187900 0
-187800 0
-187700 1
-187600 0
-187500 2
-187400 9
-187300 12
-187200 171
-187100 1506
-187000 4140
-186900 3099
-186800 712
-186700 67
-186600 6
-186500 6
-186400 4
-186300 3
-186200 0
-186100 1
-186000 0
-185900 0
-185800 1
-185700 0
-185600 2
-185500 2
-185400 3
-185300 3
-185200 1
-185100 0
-185000 0
-184900 1
-184800 0
-184700 0
-184600 1
-184500 0
-184400 0
-184300 0
-184200 0
-184100 1
-184000 0
-183900 0
-183800 1
-183700 0
-183600 0
-183500 0
-183400 1
-183300 0
-183200 0
-183100 1
-183000 1
-182900 0
-182800 0
-182700 0
-182600 0
-182500 0
-182400 0
-182300 1
-182200 18
-182100 31
-182000 15
-181900 6
-181800 2
-181700 1
-181600 1
-181500 0
-181400 0
-181300 2
-181200 0
-181100 1
-181000 0
-180900 0
-180800 0
-180700 0
-180600 0
-180500 0
-180400 0
-180300 0
-180200 0
-180100 0
-180000 0
-179900 0
-179800 0
-179700 2
-179600 0
-179500 0
-179400 0
-179300 0
-179200 0
-179100 0
-179000 1
-178900 0
-178800 0
-178700 0
-178600 0
-178500 0
-178400 0
-178300 0
-178200 0
-178100 0
-178000 1
-177900 0
-177800 1
-177700 0
-177600 0
-177500 0
-177400 0
-177300 1
-177200 1
-177100 1
-177000 1
-176900 0
-176800 0
-176700 0
-176600 0
-176500 1
-176400 0
-176300 0
-176200 0
-176100 0
-176000 0
-175900 1
-175800 0
-175700 0
-175600 1
-175500 0
-175400 0
-175300 0
-175200 0
-175100 0
-175000 0
-174900 0
-174800 1
-174700 0
-174600 1
-174500 0
-174400 2
-174300 6
-174200 9
-174100 57
-174000 709
-173900 3083
-173800 4061
-173700 1519
-173600 174
-173500 21
-173400 2
-173300 3
-173200 2
-173100 0
-173000 0
-172900 0
-172800 0
-172700 0
-172600 0
-172500 1
-172400 1
-172300 1
-172200 1
-172100 1
-172000 0
-171900 1
-171800 0
-171700 0
-171600 0
-171500 1
-171400 0
-171300 0
-171200 0
-171100 0
-171000 0
-170900 1
-170800 0
-170700 0
-170600 0
-170500 0
-170400 0
-170300 0
-170200 0
-170100 0
-170000 0
-169900 0
-169800 0
-169700 0
-169600 0
-169500 0
-169400 1
-169300 0
-169200 0
-169100 3
-169000 23
-168900 21
-168800 8
-168700 1
-168600 1
-168500 0
-168400 0
-168300 0
-168200 0
-168100 0
-168000 1
-167900 0
-167800 0
-167700 2
-167600 1
-167500 1
-167400 1
-167300 0
-167200 2
-167100 0
-167000 0
-166900 0
-166800 0
-166700 0
-166600 0
-166500 0
-166400 1
-166300 0
-166200 0
-166100 0
-166000 2
-165900 0
-165800 0
-165700 0
-165600 0
-165500 0
-165400 0
-165300 0
-165200 1
-165100 0
-165000 0
-164900 1
-164800 1
-164700 0
-164600 0
-164500 0
-164400 1
-164300 0
-164200 0
-164100 0
-164000 4
-163900 0
-163800 1
-163700 1
-163600 0
-163500 1
-163400 0
-163300 0
-163200 0
-163100 0
-163000 1
-162900 0
-162800 0
-162700 1
-162600 0
-162500 1
-162400 5
-162300 14
-162200 5
-162100 1
-162000 0
-161900 0
-161800 0
-161700 0
-161600 0
-161500 0
-161400 0
-161300 0
-161200 1
-161100 4
-161000 28
-160900 347
-160800 2311
-160700 4227
-160600 2396
-160500 411
-160400 44
-160300 9
-160200 7
-160100 1
-160000 3
-159900 1
-159800 0
-159700 0
-159600 0
-159500 0
-159400 0
-159300 1
-159200 1
-159100 2
-159000 2
-158900 1
-158800 1
-158700 0
-158600 1
-158500 2
-158400 0
-158300 0
-158200 1
-158100 0
-158000 0
-157900 1
-157800 0
-157700 0
-157600 1
-157500 0
-157400 1
-157300 0
-157200 0
-157100 1
-157000 0
-156900 0
-156800 0
-156700 0
-156600 1
-156500 0
-156400 0
-156300 0
-156200 0
-156100 0
-156000 4
-155900 19
-155800 28
-155700 14
-155600 3
-155500 1
-155400 0
-155300 0
-155200 0
-155100 0
-155000 0
-154900 0
-154800 1
-154700 0
-154600 1
-154500 0
-154400 0
-154300 0
-154200 0
-154100 0
-154000 0
-153900 0
-153800 0
-153700 0
-153600 0
-153500 0
-153400 0
-153300 0
-153200 0
-153100 0
-153000 0
-152900 2
-152800 0
-152700 0
-152600 0
-152500 0
-152400 0
-152300 0
-152200 0
-152100 0
-152000 0
-151900 0
-151800 0
-151700 0
-151600 0
-151500 0
-151400 1
-151300 0
-151200 2
-151100 2
-151000 1
-150900 2
-150800 0
-150700 0
-150600 0
-150500 0
-150400 1
-150300 1
-150200 0
-150100 0
-150000 0
-149900 0
-149800 0
-149700 0
-149600 0
-149500 0
-149400 2
-149300 0
-149200 0
-149100 0
-149000 1
-148900 0
-148800 0
-148700 0
-148600 0
-148500 0
-148400 0
-148300 0
-148200 3
-148100 0
-148000 8
-147900 14
-147800 153
-147700 1304
-147600 3857
-147500 3404
-147400 877
-147300 74
-147200 6
-147100 2
-147000 3
-146900 2
-146800 0
-146700 0
-146600 0
-146500 0
-146400 0
-146300 0
-146200 0
-146100 1
-146000 1
-145900 0
-145800 0
-145700 0
-145600 0
-145500 0
-145400 0
-145300 1
-145200 1
-145100 0
-145000 1
-144900 0
-144800 0
-144700 0
-144600 0
-144500 1
-144400 1
-144300 1
-144200 0
-144100 0
-144000 0
-143900 0
-143800 0
-143700 0
-143600 0
-143500 1
-143400 0
-143300 0
-143200 0
-143100 0
-143000 0
-142900 0
-142800 4
-142700 20
-142600 27
-142500 5
-142400 1
-142300 0
-142200 1
-142100 0
-142000 1
-141900 0
-141800 1
-141700 0
-141600 0
-141500 1
-141400 0
-141300 0
-141200 0
-141100 0
-141000 0
-140900 1
-140800 0
-140700 0
-140600 0
-140500 1
-140400 1
-140300 0
-140200 0
-140100 0
-140000 0
-139900 1
-139800 1
-139700 0
-139600 0
-139500 1
-139400 0
-139300 0
-139200 0
-139100 1
-139000 0
-138900 0
-138800 1
-138700 1
-138600 1
-138500 0
-138400 1
-138300 0
-138200 0
-138100 0
-138000 0
-137900 1
-137800 4
-137700 1
-137600 0
-137500 0
-137400 0
-137300 1
-137200 0
-137100 0
-137000 0
-136900 0
-136800 0
-136700 0
-136600 0
-136500 0
-136400 0
-136300 0
-136200 1
-136100 1
-136000 0
-135900 1
-135800 0
-135700 1
-135600 0
-135500 1
-135400 0
-135300 1
-135200 0
-135100 1
-135000 3
-134900 9
-134800 13
-134700 46
-134600 571
-134500 2871
-134400 4113
-134300 1740
-134200 209
-134100 13
-134000 4
-133900 5
-133800 4
-133700 2
-133600 0
-133500 0
-133400 0
-133300 0
-133200 0
-133100 0
-133000 0
-132900 0
-132800 1
-132700 4
-132600 0
-132500 0
-132400 0
-132300 0
-132200 2
-132100 0
-132000 0
-131900 0
-131800 0
-131700 0
-131600 0
-131500 0
-131400 0
-131300 0
-131200 0
-131100 1
-131000 0
-130900 0
-130800 0
-130700 0
-130600 0
-130500 0
-130400 1
-130300 0
-130200 0
-130100 0
-130000 0
-129900 0
-129800 0
-129700 6
-129600 23
-129500 37
-129400 17
-129300 0
-129200 0
-129100 0
-129000 0
-128900 0
-128800 0
-128700 0
-128600 0
-128500 0
-128400 0
-128300 0
-128200 1
-128100 0
-128000 0
-127900 1
-127800 0
-127700 0
-127600 0
-127500 0
-127400 0
-127300 0
-127200 0
-127100 0
-127000 0
-126900 0
-126800 0
-126700 0
-126600 0
-126500 0
-126400 0
-126300 1
-126200 0
-126100 0
-126000 0
-125900 1
-125800 1
-125700 1
-125600 0
-125500 0
-125400 0
-125300 1
-125200 0
-125100 1
-125000 0
-124900 0
-124800 0
-124700 1
-124600 1
-124500 0
-124400 0
-124300 0
-124200 0
-124100 0
-124000 0
-123900 1
-123800 0
-123700 0
-123600 0
-123500 0
-123400 0
-123300 0
-123200 0
-123100 0
-123000 2
-122900 0
-122800 0
-122700 0
-122600 1
-122500 0
-122400 0
-122300 0
-122200 0
-122100 0
-122000 0
-121900 2
-121800 3
-121700 6
-121600 17
-121500 306
-121400 1920
-121300 4249
-121200 2625
-121100 467
-121000 40
-120900 3
-120800 2
-120700 3
-120600 1
-120500 0
-120400 0
-120300 1
-120200 1
-120100 0
-120000 0
-119900 0
-119800 0
-119700 2
-119600 1
-119500 0
-119400 1
-119300 1
-119200 0
-119100 0
-119000 0
-118900 0
-118800 0
-118700 1
-118600 0
-118500 1
-118400 0
-118300 0
-118200 1
-118100 0
-118000 0
-117900 1
-117800 0
-117700 0
-117600 0
-117500 1
-117400 0
-117300 0
-117200 0
-117100 1
-117000 0
-116900 0
-116800 0
-116700 0
-116600 2
-116500 17
-116400 21
-116300 18
-116200 1
-116100 1
-116000 0
-115900 0
-115800 0
-115700 0
-115600 0
-115500 0
-115400 0
-115300 0
-115200 0
-115100 0
-115000 0
-114900 1
-114800 0
-114700 0
-114600 0
-114500 0
-114400 1
-114300 0
-114200 0
-114100 0
-114000 0
-113900 1
-113800 1
-113700 0
-113600 0
-113500 0
-113400 0
-113300 0
-113200 0
-113100 1
-113000 0
-112900 0
-112800 0
-112700 0
-112600 0
-112500 0
-112400 0
-112300 0
-112200 0
-112100 2
-112000 0
-111900 0
-111800 0
-111700 0
-111600 0
-111500 0
-111400 1
-111300 1
-111200 1
-111100 0
-111000 1
-110900 0
-110800 0
-110700 0
-110600 0
-110500 0
-110400 0
-110300 0
-110200 0
-110100 0
-110000 0
-109900 1
-109800 3
-109700 2
-109600 3
-109500 0
-109400 0
-109300 0
-109200 1
-109100 0
-109000 0
-108900 1
-108800 0
-108700 2
-108600 8
-108500 17
-108400 140
-108300 1209
-108200 3856
-108100 3418
-108000 872
-107900 59
-107800 9
-107700 4
-107600 1
-107500 1
-107400 0
-107300 0
-107200 0
-107100 0
-107000 0
-106900 0
-106800 1
-106700 1
-106600 0
-106500 1
-106400 1
-106300 2
-106200 1
-106100 1
-106000 0
-105900 0
-105800 0
-105700 0
-105600 0
-105500 0
-105400 0
-105300 0
-105200 0
-105100 0
-105000 1
-104900 1
-104800 0
-104700 1
-104600 0
-104500 1
-104400 0
-104300 0
-104200 0
-104100 0
-104000 0
-103900 0
-103800 1
-103700 0
-103600 0
-103500 0
-103400 8
-103300 33
-103200 18
-103100 6
-103000 2
-102900 0
-102800 1
-102700 0
-102600 0
-102500 0
-102400 0
-102300 0
-102200 0
-102100 0
-102000 0
-101900 0
-101800 0
-101700 0
-101600 0
-101500 0
-101400 1
-101300 4
-101200 0
-101100 1
-101000 0
-100900 0
-100800 0
-100700 0
-100600 0
-100500 0
-100400 0
-100300 1
-100200 0
-100100 0
-100000 0
-99900 1
-99800 0
-99700 1
-99600 0
-99500 0
-99400 0
-99300 0
-99200 0
-99100 1
-99000 0
-98900 0
-98800 0
-98700 0
-98600 0
-98500 0
-98400 0
-98300 0
-98200 0
-98100 1
-98000 0
-97900 0
-97800 1
-97700 0
-97600 1
-97500 0
-97400 0
-97300 0
-97200 1
-97100 0
-97000 0
-96900 0
-96800 0
-96700 1
-96600 0
-96500 0
-96400 0
-96300 0
-96200 0
-96100 0
-96000 0
-95900 0
-95800 0
-95700 1
-95600 5
-95500 5
-95400 6
-95300 48
-95200 436
-95100 2486
-95000 4352
-94900 1949
-94800 254
-94700 23
-94600 2
-94500 4
-94400 0
-94300 0
-94200 0
-94100 0
-94000 0
-93900 0
-93800 0
-93700 0
-93600 0
-93500 2
-93400 5
-93300 1
-93200 0
-93100 0
-93000 1
-92900 0
-92800 0
-92700 0
-92600 0
-92500 0
-92400 0
-92300 0
-92200 0
-92100 2
-92000 1
-91900 0
-91800 1
-91700 0
-91600 0
-91500 0
-91400 0
-91300 0
-91200 1
-91100 0
-91000 0
-90900 0
-90800 0
-90700 0
-90600 1
-90500 0
-90400 1
-90300 3
-90200 32
-90100 30
-90000 12
-89900 1
-89800 1
-89700 0
-89600 0
-89500 0
-89400 0
-89300 0
-89200 0
-89100 1
-89000 0
-88900 0
-88800 0
-88700 1
-88600 0
-88500 0
-88400 0
-88300 0
-88200 0
-88100 0
-88000 0
-87900 0
-87800 0
-87700 0
-87600 1
-87500 0
-87400 1
-87300 0
-87200 0
-87100 0
-87000 0
-86900 0
-86800 1
-86700 0
-86600 0
-86500 0
-86400 1
-86300 1
-86200 0
-86100 2
-86000 0
-85900 1
-85800 0
-85700 0
-85600 0
-85500 0
-85400 0
-85300 2
-85200 1
-85100 1
-85000 0
-84900 1
-84800 0
-84700 0
-84600 0
-84500 0
-84400 0
-84300 1
-84200 0
-84100 0
-84000 0
-83900 0
-83800 0
-83700 1
-83600 0
-83500 2
-83400 0
-83300 0
-83200 0
-83100 0
-83000 1
-82900 0
-82800 0
-82700 0
-82600 0
-82500 1
-82400 5
-82300 4
-82200 17
-82100 123
-82000 1183
-81900 3934
-81800 3454
-81700 790
-81600 56
-81500 7
-81400 7
-81300 3
-81200 1
-81100 0
-81000 1
-80900 1
-80800 0
-80700 0
-80600 1
-80500 0
-80400 0
-80300 1
-80200 1
-80100 0
-80000 0
-79900 1
-79800 1
-79700 0
-79600 0
-79500 0
-79400 0
-79300 0
-79200 0
-79100 0
-79000 0
-78900 0
-78800 0
-78700 0
-78600 0
-78500 0
-78400 0
-78300 1
-78200 0
-78100 0
-78000 0
-77900 1
-77800 0
-77700 0
-77600 0
-77500 0
-77400 2
-77300 2
-77200 2
-77100 12
-77000 37
-76900 18
-76800 2
-76700 2
-76600 1
-76500 1
-76400 0
-76300 0
-76200 0
-76100 0
-76000 0
-75900 0
-75800 0
-75700 0
-75600 0
-75500 0
-75400 0
-75300 0
-75200 0
-75100 0
-75000 0
-74900 0
-74800 0
-74700 0
-74600 0
-74500 1
-74400 0
-74300 0
-74200 0
-74100 0
-74000 0
-73900 0
-73800 0
-73700 0
-73600 0
-73500 0
-73400 0
-73300 0
-73200 0
-73100 0
-73000 0
-72900 0
-72800 0
-72700 1
-72600 0
-72500 0
-72400 0
-72300 0
-72200 1
-72100 3
-72000 0
-71900 1
-71800 0
-71700 1
-71600 0
-71500 1
-71400 0
-71300 0
-71200 0
-71100 0
-71000 0
-70900 0
-70800 0
-70700 0
-70600 0
-70500 0
-70400 0
-70300 2
-70200 1
-70100 0
-70000 0
-69900 0
-69800 1
-69700 1
-69600 0
-69500 1
-69400 0
-69300 4
-69200 8
-69100 11
-69000 123
-68900 1146
-68800 3818
-68700 3527
-68600 853
-68500 85
-68400 5
-68300 7
-68200 0
-68100 1
-68000 0
-67900 0
-67800 0
-67700 0
-67600 0
-67500 0
-67400 0
-67300 1
-67200 2
-67100 0
-67000 2
-66900 0
-66800 0
-66700 0
-66600 0
-66500 0
-66400 0
-66300 0
-66200 1
-66100 0
-66000 0
-65900 1
-65800 2
-65700 0
-65600 1
-65500 0
-65400 0
-65300 1
-65200 1
-65100 0
-65000 0
-64900 0
-64800 0
-64700 1
-64600 0
-64500 0
-64400 0
-64300 0
-64200 0
-64100 1
-64000 3
-63900 25
-63800 20
-63700 2
-63600 0
-63500 0
-63400 0
-63300 0
-63200 0
-63100 0
-63000 0
-62900 0
-62800 0
-62700 0
-62600 0
-62500 1
-62400 0
-62300 0
-62200 1
-62100 0
-62000 0
-61900 0
-61800 0
-61700 0
-61600 1
-61500 0
-61400 1
-61300 0
-61200 0
-61100 0
-61000 0
-60900 0
-60800 0
-60700 0
-60600 0
-60500 0
-60400 0
-60300 1
-60200 0
-60100 0
-60000 0
-59900 0
-59800 1
-59700 0
-59600 0
-59500 0
-59400 0
-59300 0
-59200 0
-59100 0
-59000 0
-58900 1
-58800 0
-58700 0
-58600 0
-58500 0
-58400 0
-58300 0
-58200 0
-58100 0
-58000 1
-57900 0
-57800 2
-57700 1
-57600 0
-57500 0
-57400 0
-57300 3
-57200 1
-57100 0
-57000 0
-56900 1
-56800 0
-56700 0
-56600 1
-56500 2
-56400 0
-56300 3
-56200 4
-56100 4
-56000 7
-55900 65
-55800 702
-55700 3138
-55600 4032
-55500 1419
-55400 162
-55300 12
-55200 2
-55100 2
-55000 3
-54900 1
-54800 1
-54700 0
-54600 0
-54500 0
-54400 1
-54300 0
-54200 2
-54100 4
-54000 1
-53900 0
-53800 0
-53700 0
-53600 0
-53500 0
-53400 0
-53300 0
-53200 0
-53100 0
-53000 0
-52900 0
-52800 0
-52700 0
-52600 1
-52500 0
-52400 0
-52300 0
-52200 0
-52100 0
-52000 0
-51900 0
-51800 0
-51700 0
-51600 0
-51500 0
-51400 0
-51300 0
-51200 1
-51100 0
-51000 0
-50900 0
-50800 17
-50700 32
-50600 14
-50500 2
-50400 1
-50300 1
-50200 0
-50100 1
-50000 0
-49900 0
-49800 0
-49700 0
-49600 0
-49500 0
-49400 0
-49300 0
-49200 1
-49100 1
-49000 0
-48900 0
-48800 0
-48700 0
-48600 0
-48500 0
-48400 0
-48300 0
-48200 0
-48100 0
-48000 0
-47900 1
-47800 0
-47700 0
-47600 0
-47500 1
-47400 0
-47300 0
-47200 0
-47100 0
-47000 0
-46900 0
-46800 0
-46700 1
-46600 0
-46500 1
-46400 0
-46300 0
-46200 0
-46100 0
-46000 0
-45900 2
-45800 1
-45700 1
-45600 0
-45500 0
-45400 0
-45300 0
-45200 0
-45100 0
-45000 1
-44900 0
-44800 0
-44700 0
-44600 0
-44500 0
-44400 0
-44300 0
-44200 1
-44100 1
-44000 1
-43900 0
-43800 0
-43700 0
-43600 0
-43500 1
-43400 0
-43300 0
-43200 0
-43100 2
-43000 4
-42900 12
-42800 54
-42700 192
-42600 1399
-42500 4038
-42400 3096
-42300 585
-42200 55
-42100 8
-42000 4
-41900 6
-41800 3
-41700 0
-41600 0
-41500 0
-41400 1
-41300 0
-41200 0
-41100 0
-41000 0
-40900 0
-40800 1
-40700 0
-40600 1
-40500 1
-40400 0
-40300 0
-40200 0
-40100 0
-40000 0
-39900 0
-39800 1
-39700 0
-39600 0
-39500 0
-39400 0
-39300 0
-39200 0
-39100 0
-39000 0
-38900 0
-38800 0
-38700 0
-38600 0
-38500 0
-38400 1
-38300 0
-38200 0
-38100 1
-38000 0
-37900 1
-37800 0
-37700 7
-37600 26
-37500 17
-37400 4
-37300 0
-37200 1
-37100 1
-37000 0
-36900 0
-36800 0
-36700 0
-36600 0
-36500 0
-36400 0
-36300 0
-36200 0
-36100 0
-36000 1
-35900 1
-35800 0
-35700 0
-35600 0
-35500 0
-35400 0
-35300 1
-35200 1
-35100 1
-35000 1
-34900 1
-34800 0
-34700 1
-34600 0
-34500 1
-34400 0
-34300 0
-34200 1
-34100 0
-34000 1
-33900 0
-33800 0
-33700 1
-33600 0
-33500 1
-33400 0
-33300 0
-33200 0
-33100 0
-33000 0
-32900 1
-32800 1
-32700 2
-32600 0
-32500 1
-32400 0
-32300 1
-32200 0
-32100 0
-32000 0
-31900 0
-31800 0
-31700 0
-31600 1
-31500 0
-31400 1
-31300 0
-31200 1
-31100 1
-31000 2
-30900 0
-30800 2
-30700 0
-30600 2
-30500 1
-30400 0
-30300 1
-30200 0
-30100 1
-30000 5
-29900 18
-29800 33
-29700 46
-29600 65
-29500 792
-29400 3344
-29300 3985
-29200 1268
-29100 123
-29000 9
-28900 2
-28800 1
-28700 4
-28600 1
-28500 0
-28400 0
-28300 1
-28200 1
-28100 0
-28000 1
-27900 0
-27800 0
-27700 1
-27600 0
-27500 0
-27400 0
-27300 0
-27200 1
-27100 0
-27000 1
-26900 1
-26800 0
-26700 0
-26600 1
-26500 0
-26400 0
-26300 0
-26200 0
-26100 0
-26000 0
-25900 0
-25800 0
-25700 0
-25600 0
-25500 0
-25400 0
-25300 0
-25200 0
-25100 0
-25000 0
-24900 1
-24800 0
-24700 0
-24600 17
-24500 31
-24400 28
-24300 5
-24200 0
-24100 0
-24000 0
-23900 1
-23800 0
-23700 1
-23600 1
-23500 0
-23400 0
-23300 0
-23200 1
-23100 0
-23000 1
-22900 0
-22800 0
-22700 0
-22600 0
-22500 0
-22400 2
-22300 1
-22200 0
-22100 0
-22000 0
-21900 0
-21800 0
-21700 0
-21600 0
-21500 0
-21400 0
-21300 0
-21200 1
-21100 1
-21000 0
-20900 0
-20800 0
-20700 1
-20600 0
-20500 0
-20400 1
-20300 1
-20200 0
-20100 0
-20000 0
-19900 0
-19800 0
-19700 1
-19600 2
-19500 0
-19400 0
-19300 1
-19200 0
-19100 0
-19000 0
-18900 0
-18800 1
-18700 0
-18600 0
-18500 1
-18400 2
-18300 0
-18200 1
-18100 0
-18000 0
-17900 2
-17800 2
-17700 1
-17600 0
-17500 1
-17400 0
-17300 0
-17200 0
-17100 0
-17000 2
-16900 0
-16800 1
-16700 7
-16600 15
-16500 131
-16400 1148
-16300 3625
-16200 3459
-16100 960
-16000 89
-15900 8
-15800 5
-15700 1
-15600 0
-15500 5
-15400 1
-15300 1
-15200 0
-15100 0
-15000 0
-14900 1
-14800 2
-14700 2
-14600 0
-14500 1
-14400 0
-14300 0
-14200 0
-14100 0
-14000 0
-13900 0
-13800 0
-13700 0
-13600 0
-13500 0
-13400 0
-13300 1
-13200 0
-13100 1
-13000 0
-12900 0
-12800 0
-12700 0
-12600 0
-12500 0
-12400 0
-12300 0
-12200 0
-12100 1
-12000 0
-11900 1
-11800 0
-11700 0
-11600 0
-11500 12
-11400 24
-11300 21
-11200 3
-11100 1
-11000 0
-10900 1
-10800 0
-10700 0
-10600 0
-10500 0
-10400 0
-10300 0
-10200 1
-10100 0
-10000 0
-9900 2
-9800 0
-9700 0
-9600 0
-9500 0
-9400 0
-9300 0
-9200 0
-9100 1
-9000 0
-8900 0
-8800 0
-8700 0
-8600 0
-8500 0
-8400 0
-8300 0
-8200 0
-8100 0
-8000 0
-7900 0
-7800 0
-7700 0
-7600 0
-7500 0
-7400 0
-7300 0
-7200 0
-7100 1
-7000 0
-6900 2
-6800 1
-6700 2
-6600 0
-6500 0
-6400 4
-6300 0
-6200 0
-6100 0
-6000 1
-5900 0
-5800 0
-5700 0
-5600 0
-5500 0
-5400 1
-5300 0
-5200 0
-5100 0
-5000 0
-4900 1
-4800 0
-4700 0
-4600 0
-4500 0
-4400 0
-4300 0
-4200 0
-4100 0
-4000 0
-3900 1
-3800 0
-3700 3
-3600 5
-3500 5
-3400 17
-3300 210
-3200 1676
-3100 4243
-3000 2911
-2900 551
-2800 39
-2700 7
-2600 4
-2500 4
-2400 1
-2300 2
-2200 0
-2100 0
-2000 1
-1900 0
-1800 0
-1700 0
-1600 0
-1500 0
-1400 1
-1300 0
-1200 0
-1100 0
-1000 0
-900 0
-800 0
-700 0
-600 1
-500 0
-400 0
-300 0
-200 0
-100 0
0 0
100 0
200 0
300 0
400 1
500 0
600 0
700 0
800 1
900 0
1000 0
1100 0
1200 0
1300 1
1400 0
1500 0
1600 3
1700 12
1800 32
1900 21
2000 3
2100 1
2200 0
2300 1
2400 1
2500 0
2600 0
2700 0
2800 0
2900 0
3000 0
3100 0
3200 0
3300 0
3400 1
3500 0
3600 0
3700 0
3800 0
3900 0
4000 0
4100 0
4200 0
4300 0
4400 0
4500 0
4600 1
4700 0
4800 2
4900 3
5000 0
5100 0
5200 0
5300 0
5400 0
5500 0
5600 0
5700 0
5800 0
5900 1
6000 0
6100 0
6200 0
6300 0
6400 0
6500 0
6600 2
6700 1
6800 1
6900 1
7000 0
7100 0
7200 0
7300 0
7400 0
7500 0
7600 0
7700 0
7800 0
7900 0
8000 0
8100 2
8200 0
8300 0
8400 2
8500 3
8600 2
8700 2
8800 1
8900 0
9000 2
9100 0
9200 0
9300 1
9400 8
9500 21
9600 45
9700 80
9800 364
9900 4735
10000 26954
10100 46593
10200 22255
10300 3155
10400 208
10500 52
10600 33
10700 17
10800 4
10900 2
11000 1
11100 0
11200 2
11300 0
11400 0
11500 1
11600 1
11700 3
11800 0
11900 2
12000 0
12100 0
12200 0
12300 0
12400 0
12500 0
12600 0
12700 0
12800 0
12900 0
13000 0
13100 0
13200 1
13300 1
13400 1
13500 0
13600 0
13700 0
13800 0
13900 0
14000 1
14100 0
14200 0
14300 0
14400 1
14500 0
14600 1
14700 0
14800 0
14900 15
15000 35
15100 19
15200 2
15300 0
15400 1
15500 0
15600 0
15700 0
15800 0
15900 0
16000 0
16100 0
16200 0
16300 0
16400 0
16500 0
16600 0
16700 1
16800 0
16900 0
17000 0
17100 0
17200 0
17300 0
17400 1
17500 1
17600 0
17700 0
17800 0
17900 0
18000 0
18100 0
18200 0
18300 0
18400 0
18500 1
18600 0
18700 0
18800 0
18900 0
19000 0
19100 1
19200 0
19300 1
19400 1
19500 1
19600 0
19700 0
19800 0
19900 3
20000 1
20100 0
20200 0
20300 0
20400 0
20500 0
20600 0
20700 0
20800 0
20900 0
21000 0
21100 0
21200 0
21300 0
21400 0
21500 1
21600 3
21700 2
21800 1
21900 1
22000 0
22100 0
22200 0
22300 1
22400 0
22500 1
22600 2
22700 3
22800 2
22900 12
23000 188
23100 1485
23200 4208
23300 2902
23400 629
23500 50
23600 11
23700 1
23800 5
23900 1
24000 0
24100 0
24200 0
24300 0
24400 0
24500 0
24600 1
24700 0
24800 1
24900 3
25000 0
25100 0
25200 1
25300 0
25400 0
25500 0
25600 0
25700 0
25800 0
25900 0
26000 0
26100 0
26200 0
26300 0
26400 0
26500 0
26600 0
26700 1
26800 0
26900 1
27000 0
27100 0
27200 0
27300 0
27400 1
27500 0
27600 1
27700 1
27800 1
27900 4
28000 13
28100 30
28200 11
28300 4
28400 2
28500 0
28600 0
28700 1
28800 0
28900 0
29000 0
29100 0
29200 0
29300 0
29400 0
29500 0
29600 1
29700 0
29800 0
29900 0
30000 0
30100 0
30200 0
30300 0
30400 0
30500 0
30600 0
30700 1
30800 0
30900 1
31000 0
31100 0
31200 0
31300 0
31400 0
31500 0
31600 0
31700 0
31800 0
31900 0
32000 0
32100 0
32200 1
32300 0
32400 0
32500 0
32600 0
32700 1
32800 1
32900 1
33000 1
33100 2
33200 0
33300 0
33400 0
33500 0
33600 0
33700 1
33800 0
33900 1
34000 0
34100 0
34200 0
34300 0
34400 0
34500 1
34600 2
34700 2
34800 2
34900 0
35000 1
35100 1
35200 0
35300 0
35400 0
35500 1
35600 1
35700 0
35800 2
35900 6
36000 20
36100 223
36200 1748
36300 4219
36400 2624
36500 469
36600 46
36700 8
36800 8
36900 0
37000 3
37100 1
37200 0
37300 0
37400 3
37500 1
37600 0
37700 1
37800 2
37900 0
38000 1
38100 0
38200 0
38300 0
38400 1
38500 0
38600 0
38700 0
38800 0
38900 1
39000 0
39100 1
39200 0
39300 0
39400 0
39500 0
39600 0
39700 1
39800 1
39900 0
40000 0
40100 0
40200 0
40300 1
40400 0
40500 0
40600 0
40700 0
40800 0
40900 0
41000 3
41100 15
41200 34
41300 19
41400 5
41500 2
41600 1
41700 1
41800 0
41900 1
42000 1
42100 1
42200 0
42300 0
42400 0
42500 0
42600 0
42700 0
42800 0
42900 1
43000 0
43100 0
43200 0
43300 1
43400 0
43500 0
43600 0
43700 1
43800 0
43900 0
44000 0
44100 0
44200 2
44300 1
44400 0
44500 0
44600 0
44700 0
44800 0
44900 0
45000 0
45100 0
45200 0
45300 0
45400 0
45500 0
45600 0
45700 1
45800 0
45900 0
46000 0
46100 1
46200 0
46300 0
46400 0
46500 0
46600 0
46700 0
46800 0
46900 0
47000 0
47100 0
47200 0
47300 0
47400 0
47500 2
47600 0
47700 0
47800 3
47900 2
48000 0
48100 0
48200 0
48300 0
48400 1
48500 1
48600 1
48700 0
48800 0
48900 2
49000 1
49100 8
49200 79
49300 693
49400 3098
49500 4139
49600 1382
49700 166
49800 17
49900 38
50000 29
50100 16
50200 6
50300 1
50400 0
50500 0
50600 1
50700 0
50800 0
50900 0
51000 3
51100 0
51200 1
51300 1
51400 0
51500 0
51600 0
51700 0
51800 2
51900 0
52000 0
52100 0
52200 0
52300 0
52400 0
52500 1
52600 0
52700 1
52800 0
52900 0
53000 1
53100 0
53200 0
53300 0
53400 1
53500 0
53600 1
53700 1
53800 0
53900 0
54000 1
54100 8
54200 54
54300 222
54400 323
54500 89
54600 9
54700 4
54800 2
54900 0
55000 0
55100 2
55200 0
55300 1
55400 1
55500 0
55600 0
55700 0
55800 0
55900 0
56000 1
56100 0
56200 0
56300 0
56400 0
56500 0
56600 0
56700 0
56800 0
56900 0
57000 0
57100 0
57200 0
57300 0
57400 0
57500 0
57600 0
57700 0
57800 0
57900 0
58000 2
58100 0
58200 0
58300 0
58400 1
58500 0
58600 1
58700 0
58800 0
58900 0
59000 0
59100 1
59200 0
59300 0
59400 1
59500 0
59600 0
59700 0
59800 0
59900 0
60000 0
60100 0
60200 0
60300 0
60400 0
60500 0
60600 0
60700 0
60800 0
60900 0
61000 1
61100 1
61200 0
61300 1
61400 1
61500 0
61600 1
61700 0
61800 0
61900 0
62000 2
62100 4
62200 2
62300 29
62400 212
62500 1744
62600 4134
62700 2784
62800 599
62900 99
63000 22
63100 5
63200 2
63300 1
63400 1
63500 0
63600 0
63700 1
63800 0
63900 0
64000 1
64100 1
64200 1
64300 1
64400 1
64500 0
64600 0
64700 0
64800 0
64900 0
65000 0
65100 0
65200 1
65300 1
65400 1
65500 0
65600 0
65700 0
65800 0
65900 0
66000 0
66100 0
66200 1
66300 0
66400 0
66500 0
66600 1
66700 0
66800 2
66900 0
67000 0
67100 1
67200 0
67300 3
67400 11
67500 22
67600 18
67700 1
67800 1
67900 0
68000 0
68100 1
68200 0
68300 0
68400 0
68500 0
68600 0
68700 0
68800 0
68900 0
69000 0
69100 0
69200 0
69300 0
69400 0
69500 0
69600 0
69700 0
69800 0
69900 1
70000 1
70100 0
70200 0
70300 0
70400 0
70500 0
70600 0
70700 0
70800 0
70900 1
71000 0
71100 0
71200 0
71300 0
71400 0
71500 0
71600 0
71700 0
71800 1
71900 0
72000 0
72100 0
72200 0
72300 2
72400 1
72500 0
72600 0
72700 0
72800 1
72900 0
73000 0
73100 0
73200 0
73300 0
73400 0
73500 0
73600 1
73700 0
73800 0
73900 0
74000 2
74100 3
74200 1
74300 1
74400 0
74500 0
74600 0
74700 0
74800 0
74900 0
75000 0
75100 1
75200 4
75300 4
75400 25
75500 165
75600 1449
75700 3988
75800 3233
75900 716
76000 76
76100 9
76200 6
76300 3
76400 0
76500 1
76600 0
76700 1
76800 0
76900 0
77000 0
77100 0
77200 0
77300 2
77400 2
77500 0
77600 0
77700 0
77800 0
77900 0
78000 1
78100 0
78200 0
78300 0
78400 1
78500 2
78600 1
78700 0
78800 0
78900 0
79000 0
79100 2
79200 0
79300 0
79400 0
79500 0
79600 0
79700 0
79800 1
79900 0
80000 0
80100 1
80200 1
80300 0
80400 6
80500 9
80600 39
80700 13
80800 5
80900 0
81000 0
81100 0
81200 1
81300 0
81400 0
81500 0
81600 0
81700 0
81800 1
81900 0
82000 1
82100 0
82200 0
82300 1
82400 0
82500 0
82600 0
82700 0
82800 0
82900 0
83000 0
83100 0
83200 0
83300 0
83400 0
83500 1
83600 0
83700 0
83800 0
83900 0
84000 0
84100 0
84200 1
84300 0
84400 0
84500 1
84600 0
84700 0
84800 0
84900 0
85000 0
85100 0
85200 0
85300 0
85400 1
85500 0
85600 1
85700 0
85800 2
85900 0
86000 0
86100 0
86200 1
86300 0
86400 0
86500 0
86600 0
86700 0
86800 0
86900 0
87000 0
87100 0
87200 2
87300 0
87400 1
87500 0
87600 0
87700 0
87800 0
87900 0
88000 0
88100 0
88200 1
88300 2
88400 3
88500 11
88600 85
88700 793
88800 3430
88900 3875
89000 1200
89100 147
89200 7
89300 3
89400 1
89500 1
89600 1
89700 0
89800 0
89900 0
90000 0
90100 0
90200 0
90300 1
90400 0
90500 1
90600 0
90700 1
90800 0
90900 0
91000 0
91100 0
91200 0
91300 0
91400 0
91500 0
91600 0
91700 0
91800 0
91900 0
92000 0
92100 0
92200 0
92300 0
92400 0
92500 1
92600 0
92700 0
92800 0
92900 0
93000 0
93100 0
93200 0
93300 1
93400 0
93500 0
93600 7
93700 27
93800 22
93900 8
94000 0
94100 0
94200 0
94300 1
94400 0
94500 0
94600 0
94700 1
94800 0
94900 0
95000 0
95100 0
95200 0
95300 0
95400 0
95500 0
95600 1
95700 0
95800 0
95900 0
96000 0
96100 0
96200 1
96300 0
96400 0
96500 0
96600 0
96700 0
96800 0
96900 0
97000 1
97100 0
97200 0
97300 0
97400 0
97500 1
97600 1
97700 0
97800 0
97900 0
98000 0
98100 0
98200 0
98300 0
98400 0
98500 2
98600 8
98700 9
98800 3
98900 0
99000 0
99100 0
99200 1
99300 0
99400 0
99500 0
99600 0
99700 1
99800 0
99900 0
100000 0
100100 0
100200 0
100300 1
100400 1
100500 0
100600 1
100700 0
100800 1
100900 0
101000 1
101100 1
101200 0
101300 1
101400 1
101500 1
101600 9
101700 28
101800 255
101900 1960
102000 4291
102100 2601
102200 456
102300 37
102400 6
102500 4
102600 1
102700 1
102800 0
102900 1
103000 2
103100 0
103200 0
103300 0
103400 1
103500 1
103600 1
103700 3
103800 1
103900 0
104000 1
104100 0
104200 0
104300 0
104400 0
104500 0
104600 0
104700 0
104800 0
104900 0
105000 0
105100 1
105200 1
105300 0
105400 0
105500 0
105600 0
105700 0
105800 0
105900 1
106000 0
106100 0
106200 0
106300 0
106400 0
106500 1
106600 0
106700 4
106800 16
106900 35
107000 18
107100 5
107200 3
107300 0
107400 0
107500 0
107600 0
107700 1
107800 0
107900 0
108000 0
108100 1
108200 0
108300 0
108400 1
108500 0
108600 0
108700 0
108800 1
108900 0
109000 0
109100 0
109200 1
109300 0
109400 0
109500 1
109600 1
109700 0
109800 0
109900 0
110000 2
110100 0
110200 0
110300 0
110400 0
110500 1
110600 0
110700 1
110800 1
110900 1
111000 0
111100 0
111200 0
111300 0
111400 0
111500 1
111600 0
111700 1
111800 1
111900 0
112000 0
112100 1
112200 1
112300 0
112400 0
112500 0
112600 0
112700 0
112800 0
112900 0
113000 0
113100 0
113200 0
113300 0
113400 1
113500 2
113600 1
113700 0
113800 0
113900 0
114000 1
114100 0
114200 0
114300 0
114400 1
114500 1
114600 5
114700 10
114800 15
114900 116
115000 1204
115100 3939
115200 3567
115300 895
115400 75
115500 6
115600 8
115700 5
115800 1
115900 0
116000 0
116100 0
116200 0
116300 1
116400 0
116500 0
116600 1
116700 2
116800 2
116900 2
117000 0
117100 0
117200 0
117300 0
117400 0
117500 0
117600 0
117700 0
117800 0
117900 0
118000 1
118100 0
118200 0
118300 0
118400 1
118500 0
118600 0
118700 0
118800 1
118900 0
119000 0
119100 0
119200 0
119300 0
119400 1
119500 0
119600 1
119700 0
119800 4
119900 11
120000 27
120100 25
120200 7
120300 3
120400 1
120500 0
120600 0
120700 0
120800 0
120900 0
121000 0
121100 1
121200 1
121300 0
121400 0
121500 0
121600 0
121700 0
121800 0
121900 0
122000 0
122100 0
122200 0
122300 0
122400 0
122500 1
122600 1
122700 0
122800 0
122900 0
123000 0
123100 1
123200 0
123300 0
123400 0
123500 2
123600 0
123700 0
123800 0
123900 0
124000 0
124100 0
124200 0
124300 1
124400 0
124500 1
124600 1
124700 0
124800 0
124900 0
125000 0
125100 0
125200 0
125300 0
125400 1
125500 0
125600 0
125700 1
125800 0
125900 0
126000 1
126100 1
126200 0
126300 0
126400 0
126500 0
126600 0
126700 2
126800 1
126900 0
127000 0
127100 0
127200 0
127300 0
127400 0
127500 1
127600 0
127700 0
127800 2
127900 5
128000 58
128100 540
128200 3036
128300 4071
128400 1570
128500 206
128600 16
128700 4
128800 7
128900 4
129000 2
129100 2
129200 0
129300 1
129400 1
129500 0
129600 0
129700 2
129800 2
129900 2
130000 0
130100 0
130200 0
130300 0
130400 0
130500 0
130600 1
130700 0
130800 0
130900 0
131000 0
131100 0
131200 0
131300 0
131400 0
131500 0
131600 0
131700 0
131800 0
131900 1
132000 0
132100 0
132200 0
132300 1
132400 0
132500 0
132600 0
132700 0
132800 0
132900 2
133000 5
133100 24
133200 23
133300 7
133400 0
133500 1
133600 1
133700 0
133800 1
133900 0
134000 0
134100 1
134200 1
134300 0
134400 1
134500 0
134600 0
134700 1
134800 1
134900 0
135000 0
135100 0
135200 1
135300 0
135400 0
135500 0
135600 0
135700 0
135800 0
135900 0
136000 0
136100 0
136200 0
136300 0
136400 0
136500 0
136600 0
136700 0
136800 0
136900 0
137000 0
137100 1
137200 1
137300 0
137400 0
137500 0
137600 0
137700 0
137800 0
137900 0
138000 1
138100 1
138200 0
138300 1
138400 0
138500 1
138600 0
138700 0
138800 0
138900 0
139000 0
139100 0
139200 0
139300 0
139400 1
139500 1
139600 0
139700 1
139800 2
139900 1
140000 0
140100 0
140200 0
140300 0
140400 1
140500 0
140600 0
140700 2
140800 3
140900 3
141000 7
141100 23
141200 251
141300 1891
141400 4398
141500 2547
141600 462
141700 40
141800 6
141900 4
142000 2
142100 1
142200 0
142300 0
142400 0
142500 0
142600 0
142700 0
142800 0
142900 1
143000 2
143100 2
143200 1
143300 0
143400 0
143500 0
143600 0
143700 0
143800 0
143900 1
144000 1
144100 0
144200 0
144300 1
144400 1
144500 0
144600 0
144700 0
144800 0
144900 1
145000 0
145100 0
145200 0
145300 0
145400 0
145500 0
145600 0
145700 1
145800 0
145900 0
146000 0
146100 0
146200 11
146300 27
146400 17
146500 9
146600 1
146700 2
146800 0
146900 0
147000 1
147100 0
147200 0
147300 0
147400 1
147500 1
147600 0
147700 0
147800 1
147900 0
148000 1
148100 1
148200 0
148300 0
148400 0
148500 1
148600 0
148700 0
148800 0
148900 0
149000 0
149100 1
149200 0
149300 0
149400 0
149500 0
149600 0
149700 1
149800 0
149900 0
150000 0
150100 0
150200 1
150300 0
150400 0
150500 0
150600 0
150700 1
150800 0
150900 0
151000 0
151100 1
151200 2
151300 0
151400 0
151500 0
151600 1
151700 1
151800 0
151900 1
152000 0
152100 0
152200 0
152300 1
152400 0
152500 0
152600 0
152700 2
152800 1
152900 0
153000 1
153100 0
153200 0
153300 0
153400 0
153500 0
153600 0
153700 0
153800 0
153900 2
154000 3
154100 6
154200 9
154300 117
154400 978
154500 3598
154600 3698
154700 1055
154800 113
154900 10
155000 6
155100 1
155200 0
155300 1
155400 0
155500 0
155600 1
155700 1
155800 0
155900 0
156000 0
156100 1
156200 1
156300 2
156400 1
156500 1
156600 1
156700 0
156800 0
156900 0
157000 1
157100 0
157200 0
157300 0
157400 0
157500 0
157600 0
157700 0
157800 0
157900 0
158000 0
158100 1
158200 1
158300 0
158400 0
158500 1
158600 0
158700 0
158800 1
158900 0
159000 0
159100 1
159200 2
159300 6
159400 21
159500 18
159600 12
159700 2
159800 0
159900 1
160000 0
160100 0
160200 0
160300 0
160400 0
160500 0
160600 0
160700 0
160800 0
160900 0
161000 0
161100 0
161200 0
161300 0
161400 0
161500 1
161600 0
161700 1
161800 0
161900 0
162000 0
162100 0
162200 0
162300 1
162400 0
162500 0
162600 2
162700 1
162800 0
162900 1
163000 0
163100 1
163200 0
163300 0
163400 0
163500 0
163600 1
163700 0
163800 0
163900 0
164000 0
164100 0
164200 1
164300 0
164400 0
164500 0
164600 0
164700 0
164800 1
164900 0
165000 0
165100 1
165200 0
165300 0
165400 0
165500 1
165600 0
165700 0
165800 0
165900 1
166000 2
166100 3
166200 0
166300 0
166400 0
166500 0
166600 0
166700 0
166800 0
166900 0
167000 1
167100 1
167200 3
167300 16
167400 47
167500 503
167600 2676
167700 4119
167800 1907
167900 259
168000 16
168100 5
168200 3
168300 3
168400 0
168500 0
168600 1
168700 0
168800 0
168900 1
169000 0
169100 0
169200 0
169300 0
169400 0
169500 0
169600 0
169700 0
169800 1
169900 0
170000 0
170100 0
170200 0
170300 1
170400 1
170500 0
170600 0
170700 0
170800 0
170900 0
171000 0
171100 0
171200 0
171300 0
171400 0
171500 0
171600 0
171700 0
171800 1
171900 0
172000 0
172100 0
172200 0
172300 0
172400 3
172500 27
172600 29
172700 10
172800 1
172900 0
173000 2
173100 0
173200 0
173300 1
173400 0
173500 1
173600 0
173700 0
173800 0
173900 1
174000 2
174100 1
174200 0
174300 0
174400 0
174500 0
174600 0
174700 0
174800 0
174900 0
175000 1
175100 1
175200 1
175300 1
175400 0
175500 0
175600 0
175700 0
175800 0
175900 0
176000 0
176100 1
176200 0
176300 0
176400 0
176500 1
176600 0
176700 1
176800 0
176900 1
177000 1
177100 0
177200 0
177300 0
177400 0
177500 1
177600 0
177700 0
177800 1
177900 1
178000 0
178100 0
178200 0
178300 0
178400 0
178500 0
178600 0
178700 0
178800 0
178900 1
179000 0
179100 1
179200 2
179300 1
179400 0
179500 0
179600 0
179700 0
179800 0
179900 0
180000 1
180100 0
180200 1
180300 4
180400 4
180500 27
180600 241
180700 1768
180800 4264
180900 2881
181000 613
181100 47
181200 8
181300 3
181400 1
181500 1
181600 0
181700 0
181800 0
181900 0
182000 1
182100 0
182200 2
182300 7
182400 9
182500 6
182600 2
182700 0
182800 0
182900 0
183000 0
183100 0
183200 0
183300 0
183400 0
183500 0
183600 0
183700 0
183800 0
183900 1
184000 1
184100 0
184200 0
184300 1
184400 0
184500 1
184600 0
184700 0
184800 0
184900 0
185000 0
185100 0
185200 0
185300 0
185400 0
185500 1
185600 15
185700 33
185800 18
185900 2
186000 2
186100 1
186200 0
186300 2
186400 0
186500 0
186600 0
186700 0
186800 0
186900 0
187000 0
187100 0
187200 1
187300 0
187400 0
187500 0
187600 0
187700 0
187800 0
187900 0
188000 0
188100 1
188200 1
188300 0
188400 0
188500 0
188600 0
188700 0
188800 0
188900 0
189000 0
189100 0
189200 0
189300 1
189400 0
189500 0
189600 0
189700 1
189800 1
189900 1
190000 0
190100 0
190200 0
190300 1
190400 0
190500 0
190600 3
190700 1
190800 0
190900 1
191000 1
191100 0
191200 0
191300 0
191400 1
191500 0
191600 1
191700 0
191800 0
191900 0
192000 0
192100 1
192200 0
192300 1
192400 4
192500 2
192600 0
192700 0
192800 0
192900 0
193000 0
193100 1
193200 0
193300 2
193400 2
193500 5
193600 8
193700 76
193800 815
193900 3228
194000 3906
194100 1249
194200 138
194300 15
194400 6
194500 3
194600 1
194700 0
194800 0
194900 0
195000 1
195100 0
195200 0
195300 0
195400 0
195500 1
195600 4
195700 0
195800 0
195900 0
196000 1
196100 2
196200 0
196300 0
196400 0
196500 0
196600 0
196700 0
196800 0
196900 0
197000 0
197100 1
197200 0
197300 0
197400 1
197500 0
197600 0
197700 0
197800 0
197900 0
198000 0
198100 0
198200 0
198300 0
198400 0
198500 0
198600 0
198700 7
198800 26
198900 23
199000 17
199100 0
199200 0
199300 1
199400 0
199500 0
199600 0
199700 0
199800 0
199900 0
200000 1
200100 0
200200 1
200300 1
200400 0
200500 0
200600 1
200700 1
200800 0
200900 0
201000 0
201100 0
201200 0
201300 0
201400 0
201500 0
201600 1
201700 0
201800 0
201900 0
202000 0
202100 0
202200 0
202300 1
202400 0
202500 0
202600 0
202700 0
202800 1
202900 0
203000 2
203100 0
203200 0
203300 0
203400 0
203500 0
203600 0
203700 0
203800 1
203900 1
204000 0
204100 0
204200 0
204300 0
204400 0
204500 0
204600 0
204700 1
204800 0
204900 0
205000 0
205100 0
205200 2
205300 0
205400 1
205500 1
205600 0
205700 0
205800 0
205900 0
206000 0
206100 0
206200 0
206300 0
206400 2
206500 0
206600 10
206700 6
206800 46
206900 495
207000 2516
207100 4185
207200 1996
207300 290
207400 22
207500 4
207600 3
207700 2
207800 2
207900 0
208000 1
208100 0
208200 0
208300 0
208400 0
208500 0
208600 0
208700 5
208800 1
208900 0
209000 0
209100 0
209200 0
209300 0
209400 0
209500 0
209600 0
209700 0
209800 1
209900 0
210000 0
210100 1
210200 1
210300 0
210400 0
210500 0
210600 0
210700 0
210800 0
210900 0
211000 0
211100 1
211200 0
211300 0
211400 0
211500 0
211600 1
211700 0
211800 5
211900 21
212000 21
212100 13
212200 2
212300 1
212400 1
212500 0
212600 0
212700 0
212800 2
212900 0
213000 0
213100 0
213200 1
213300 0
213400 0
213500 0
213600 0
213700 0
213800 0
213900 0
214000 0
214100 2
214200 1
214300 0
214400 0
214500 1
214600 0
214700 0
214800 1
214900 1
215000 0
215100 0
215200 0
215300 0
215400 1
215500 0
215600 1
215700 0
215800 0
215900 1
216000 1
216100 0
216200 0
216300 1
216400 1
216500 0
216600 0
216700 0
216800 1
216900 3
217000 0
217100 1
217200 0
217300 1
217400 0
217500 0
217600 0
217700 1
217800 0
217900 0
218000 0
218100 0
218200 0
218300 0
218400 0
218500 0
218600 4
218700 2
218800 0
218900 0
219000 0
219100 0
219200 0
219300 1
219400 1
219500 1
219600 1
219700 6
219800 7
219900 21
220000 199
220100 1607
220200 3968
220300 2947
220400 645
220500 52
220600 7
220700 5
220800 1
220900 2
221000 0
221100 0
221200 0
221300 0
221400 0
221500 0
221600 0
221700 2
221800 3
221900 0
222000 0
222100 0
222200 0
222300 0
222400 0
222500 0
222600 0
222700 0
222800 0
222900 0
223000 1
223100 0
223200 1
223300 0
223400 0
223500 1
223600 1
223700 0
223800 0
223900 0
224000 0
224100 0
224200 0
224300 0
224400 0
224500 0
224600 0
224700 0
224800 0
224900 3
225000 12
225100 30
225200 17
225300 3
225400 2
225500 1
225600 0
225700 0
225800 0
225900 0
226000 0
226100 0
226200 0
226300 1
226400 0
226500 1
226600 0
226700 0
226800 0
226900 0
227000 0
227100 0
227200 0
227300 0
227400 0
227500 0
227600 0
227700 0
227800 0
227900 0
228000 0
228100 0
228200 1
228300 0
228400 0
228500 0
228600 0
228700 1
228800 0
228900 0
229000 0
229100 0
229200 1
229300 0
229400 0
229500 0
229600 0
229700 0
229800 0
229900 0
230000 0
230100 0
230200 1
230300 2
230400 0
230500 1
230600 1
230700 0
230800 0
230900 0
231000 1
231100 0
231200 0
231300 0
231400 0
231500 0
231600 1
231700 2
231800 0
231900 1
232000 0
232100 0
232200 0
232300 1
232400 0
232500 0
232600 0
232700 5
232800 5
232900 3
233000 20
233100 113
233200 1148
233300 3691
233400 3556
233500 1017
233600 113
233700 11
233800 7
233900 3
234000 0
234100 2
234200 0
234300 0
234400 0
234500 0
234600 1
234700 0
234800 0
234900 1
235000 1
235100 1
235200 0
235300 0
235400 0
235500 0
235600 1
235700 0
235800 0
235900 0
236000 0
236100 1
236200 0
236300 0
236400 0
236500 0
236600 0
236700 0
236800 0
236900 0
237000 0
237100 0
237200 0
237300 0
237400 0
237500 0
237600 0
237700 1
237800 3
237900 0
238000 2
238100 7
238200 27
238300 30
238400 3
238500 2
238600 0
238700 1
238800 0
238900 0
239000 0
239100 1
239200 1
239300 1
239400 0
239500 1
239600 1
239700 1
239800 0
239900 0
240000 0
240100 1
240200 0
240300 0
240400 0
240500 0
240600 0
240700 0
240800 0
240900 1
241000 2
241100 0
241200 0
241300 0
241400 0
241500 0
241600 0
241700 0
241800 0
241900 0
242000 0
242100 1
242200 0
242300 0
242400 0
242500 0
242600 0
242700 0
242800 0
242900 0
243000 1
243100 0
243200 1
243300 3
243400 0
243500 0
243600 0
243700 0
243800 0
243900 0
244000 0
244100 1
244200 1
244300 0
244400 0
244500 0
244600 0
244700 0
244800 0
244900 2
245000 2
245100 0
245200 0
245300 0
245400 1
245500 0
245600 0
245700 1
245800 0
245900 2
246000 8
246100 11
246200 47
246300 486
246400 2516
246500 4048
246600 2073
246700 323
246800 19
246900 7
247000 2
247100 2
247200 2
247300 0
247400 2
247500 0
247600 1
247700 0
247800 0
247900 2
248000 1
248100 0
248200 1
248300 0
248400 0
248500 0
248600 0
248700 0
248800 0
248900 0
249000 0
249100 0
249200 0
249300 0
249400 0
249500 0
249600 1
249700 0
249800 1
249900 0
250000 1
250100 0
250200 0
250300 0
250400 0
250500 0
250600 1
250700 0
250800 1
250900 0
251000 2
251100 0
251200 7
251300 26
251400 24
251500 12
251600 1
251700 0
251800 0
251900 2
252000 0
252100 0
252200 0
252300 0
252400 0
252500 0
252600 1
252700 0
252800 0
252900 0
253000 1
253100 1
253200 0
253300 0
253400 0
253500 0
253600 0
253700 0
253800 1
253900 0
254000 0
254100 0
254200 0
254300 0
254400 0
254500 0
254600 0
254700 0
254800 0
254900 0
255000 2
255100 0
255200 0
255300 0
255400 1
255500 0
255600 0
255700 0
255800 0
255900 0
256000 0
256100 0
256200 0
256300 0
256400 0
256500 1
256600 0
256700 0
256800 1
256900 0
257000 0
257100 1
257200 1
257300 0
257400 0
257500 0
257600 1
257700 0
257800 0
257900 1
258000 2
258100 0
258200 1
258300 0
258400 1
258500 2
258600 0
258700 1
258800 0
258900 1
259000 3
259100 2
259200 5
259300 19
259400 241
259500 1647
259600 3990
259700 2897
259800 620
259900 55
260000 6
260100 7
260200 1
260300 0
260400 0
260500 0
260600 0
260700 1
260800 0
260900 0
261000 0
261100 1
261200 1
261300 2
261400 1
261500 0
261600 0
261700 0
261800 0
261900 0
262000 0
262100 1
262200 0
262300 0
262400 0
262500 0
262600 0
262700 0
262800 1
262900 0
263000 1
263100 1
263200 0
263300 1
263400 0
263500 0
263600 0
263700 0
263800 0
263900 0
264000 0
264100 1
264200 1
264300 4
264400 15
264500 34
264600 20
264700 6
264800 0
264900 2
265000 0
265100 0
265200 0
265300 0
265400 0
265500 0
265600 1
265700 0
265800 1
265900 0
266000 1
266100 0
266200 0
266300 0
266400 0
266500 0
266600 0
266700 0
266800 0
266900 0
267000 0
267100 0
267200 2
267300 1
267400 1
267500 0
267600 0
267700 0
267800 0
267900 0
268000 1
268100 0
268200 0
268300 0
268400 0
268500 1
268600 0
268700 0
268800 0
268900 0
269000 0
269100 0
269200 0
269300 2
269400 1
269500 1
269600 0
269700 2
269800 1
269900 0
270000 0
270100 0
270200 0
270300 1
270400 0
270500 2
270600 0
270700 0
270800 0
270900 1
271000 0
271100 1
271200 1
271300 3
271400 0
271500 0
271600 1
271700 0
271800 0
271900 0
272000 0
272100 0
272200 2
272300 5
272400 18
272500 107
272600 995
272700 3560
272800 3780
272900 1204
273000 134
273100 11
273200 2
273300 6
273400 3
273500 1
273600 1
273700 0
273800 1
273900 0
274000 0
274100 0
274200 0
274300 0
274400 2
274500 0
274600 1
274700 0
274800 0
274900 0
275000 1
275100 0
275200 0
275300 0
275400 0
275500 0
275600 0
275700 0
275800 0
275900 0
276000 2
276100 0
276200 0
276300 0
276400 0
276500 0
276600 0
276700 0
276800 1
276900 0
277000 0
277100 0
277200 0
277300 2
277400 0
277500 6
277600 13
277700 29
277800 5
277900 2
278000 0
278100 0
278200 0
278300 0
278400 1
278500 0
278600 0
278700 1
278800 0
278900 0
279000 0
279100 1
279200 0
279300 0
279400 0
279500 1
279600 1
279700 2
279800 0
279900 1
280000 1
280100 0
280200 1
280300 0
280400 0
280500 0
280600 1
280700 1
280800 1
280900 0
281000 0
281100 0
281200 0
281300 0
281400 0
281500 1
281600 0
281700 0
281800 0
281900 0
282000 0
282100 0
282200 0
282300 0
282400 1
282500 1
282600 0
282700 0
282800 0
282900 0
283000 0
283100 0
283200 0
283300 0
283400 0
283500 1
283600 0
283700 1
283800 0
283900 0
284000 0
284100 0
284200 1
284300 2
284400 1
284500 0
284600 1
284700 0
284800 1
284900 0
285000 1
285100 0
285200 2
285300 1
285400 1
285500 10
285600 52
285700 511
285800 2526
285900 4186
286000 2025
286100 359
286200 30
286300 3
286400 5
286500 0
286600 1
286700 0
286800 1
286900 0
287000 0
287100 0
287200 0
287300 0
287400 3
287500 1
287600 0
287700 0
287800 0
287900 1
288000 0
288100 0
288200 0
288300 0
288400 0
288500 0
288600 0
288700 0
288800 0
288900 0
289000 0
289100 0
289200 0
289300 0
289400 0
289500 0
289600 1
289700 1
289800 1
289900 0
290000 0
290100 0
290200 1
290300 0
290400 0
290500 1
290600 5
290700 22
290800 33
290900 16
291000 1
291100 1
291200 1
291300 1
291400 1
291500 0
291600 0
291700 0
291800 0
291900 1
292000 0
292100 0
292200 1
292300 1
292400 0
292500 0
292600 0
292700 0
292800 0
292900 0
293000 0
293100 0
293200 0
293300 0
293400 0
293500 0
293600 0
293700 1
293800 0
293900 0
294000 0
294100 0
294200 0
294300 0
294400 0
294500 2
294600 0
294700 0
294800 0
294900 0
295000 1
295100 1
295200 0
295300 1
295400 0
295500 0
295600 1
295700 0
295800 0
295900 0
296000 1
296100 1
296200 0
296300 0
296400 0
296500 0
296600 0
296700 0
296800 0
296900 0
297000 0
297100 0
297200 1
297300 1
297400 1
297500 0
297600 0
297700 0
297800 0
297900 0
298000 0
298100 0
298200 0
298300 0
298400 0
298500 4
298600 7
298700 23
298800 211
298900 1525
299000 3898
299100 3155
299200 743
299300 63
299400 8
299500 3
299600 2
299700 0
299800 0
299900 1
300000 0
300100 0
300200 0
300300 0
300400 0
300500 1
300600 3
300700 0
300800 0
300900 0
301000 0
301100 0
301200 0
301300 0
301400 0
301500 0
301600 0
301700 0
301800 0
301900 0
302000 0
302100 0
302200 0
302300 1
302400 0
302500 1
302600 1
302700 0
302800 0
302900 0
303000 0
303100 1
303200 1
303300 1
303400 0
303500 1
303600 1
303700 2
303800 16
303900 21
304000 21
304100 2
304200 0
304300 0
304400 0
304500 0
304600 0
304700 0
304800 0
304900 0
305000 0
305100 0
305200 0
305300 1
305400 0
305500 0
305600 1
305700 1
305800 0
305900 0
306000 0
306100 0
306200 0
306300 0
306400 1
306500 0
306600 0
306700 0
306800 1
306900 1
307000 0
307100 0
307200 0
307300 0
307400 0
307500 0
307600 0
307700 0
307800 0
307900 1
308000 0
308100 1
308200 0
308300 0
308400 0
308500 0
308600 0
308700 0
308800 3
308900 1
309000 0
309100 0
309200 0
309300 0
309400 0
309500 0
309600 0
309700 0
309800 1
309900 0
