-290000 0
-289900 0
-289800 1
-289700 0
-289600 0
-289500 0
-289400 1
-289300 0
-289200 1
-289100 0
-289000 1
-288900 0
-288800 0
-288700 1
-288600 0
-288500 0
-288400 0
-288300 0
-288200 1
-288100 0
-288000 0
-287900 1
-287800 0
-287700 0
-287600 0
-287500 0
-287400 1
-287300 2
-287200 5
-287100 9
-287000 0
-286900 0
-286800 0
-286700 0
-286600 0
-286500 0
-286400 0
-286300 0
-286200 0
-286100 0
-286000 0
-285900 0
-285800 0
-285700 0
-285600 1
-285500 0
-285400 0
-285300 0
-285200 0
-285100 0
-285000 0
-284900 0
-284800 0
-284700 0
-284600 0
-284500 0
-284400 0
-284300 0
-284200 0
-284100 0
-284000 0
-283900 0
-283800 0
-283700 0
-283600 0
-283500 0
-283400 0
-283300 0
-283200 0
-283100 0
-283000 0
-282900 0
-282800 0
-282700 0
-282600 0
-282500 0
-282400 1
-282300 0
-282200 1
-282100 2
-282000 0
-281900 0
-281800 1
-281700 0
-281600 0
-281500 0
-281400 0
-281300 0
-281200 1
-281100 0
-281000 0
-280900 0
-280800 0
-280700 0
-280600 0
-280500 0
-280400 0
-280300 0
-280200 0
-280100 0
-280000 0
-279900 1
-279800 0
-279700 0
-279600 0
-279500 0
-279400 1
-279300 0
-279200 7
-279100 78
-279000 302
-278900 600
-278800 316
-278700 52
-278600 5
-278500 1
-278400 0
-278300 0
-278200 0
-278100 0
-278000 0
-277900 0
-277800 0
-277700 0
-277600 0
-277500 0
-277400 0
-277300 0
-277200 0
-277100 0
-277000 0
-276900 0
-276800 1
-276700 0
-276600 0
-276500 0
-276400 0
-276300 1
-276200 0
-276100 0
-276000 0
-275900 1
-275800 0
-275700 0
-275600 0
-275500 0
-275400 0
-275300 0
-275200 0
-275100 0
-275000 0
-274900 0
-274800 0
-274700 2
-274600 0
-274500 0
-274400 0
-274300 0
-274200 2
-274100 4
-274000 8
-273900 3
-273800 0
-273700 0
-273600 0
-273500 0
-273400 1
-273300 0
-273200 0
-273100 1
-273000 0
-272900 0
-272800 0
-272700 0
-272600 0
-272500 0
-272400 0
-272300 0
-272200 0
-272100 0
-272000 0
-271900 0
-271800 0
-271700 0
-271600 0
-271500 0
-271400 0
-271300 0
-271200 0
-271100 0
-271000 1
-270900 0
-270800 1
-270700 0
-270600 0
-270500 0
-270400 0
-270300 0
-270200 0
-270100 0
-270000 0
-269900 0
-269800 0
-269700 0
-269600 0
-269500 0
-269400 0
-269300 1
-269200 0
-269100 0
-269000 0
-268900 0
-268800 0
-268700 0
-268600 0
-268500 0
-268400 2
-268300 0
-268200 0
-268100 0
-268000 0
-267900 0
-267800 1
-267700 0
-267600 2
-267500 0
-267400 0
-267300 1
-267200 0
-267100 0
-267000 1
-266900 0
-266800 0
-266700 0
-266600 0
-266500 0
-266400 0
-266300 1
-266200 1
-266100 0
-266000 27
-265900 228
-265800 533
-265700 421
-265600 112
-265500 16
-265400 0
-265300 1
-265200 0
-265100 0
-265000 0
-264900 0
-264800 0
-264700 0
-264600 0
-264500 0
-264400 0
-264300 0
-264200 0
-264100 0
-264000 0
-263900 1
-263800 0
-263700 1
-263600 0
-263500 0
-263400 1
-263300 0
-263200 0
-263100 0
-263000 0
-262900 0
-262800 1
-262700 0
-262600 0
-262500 0
-262400 0
-262300 0
-262200 0
-262100 0
-262000 0
-261900 1
-261800 0
-261700 0
-261600 0
-261500 0
-261400 0
-261300 0
-261200 0
-261100 0
-261000 2
-260900 4
-260800 0
-260700 0
-260600 0
-260500 0
-260400 0
-260300 0
-260200 0
-260100 0
-260000 0
-259900 1
-259800 0
-259700 0
-259600 0
-259500 0
-259400 0
-259300 1
-259200 0
-259100 0
-259000 0
-258900 0
-258800 0
-258700 0
-258600 0
-258500 0
-258400 0
-258300 0
-258200 0
-258100 1
-258000 1
-257900 1
-257800 0
-257700 1
-257600 0
-257500 0
-257400 1
-257300 0
-257200 0
-257100 0
-257000 0
-256900 0
-256800 0
-256700 0
-256600 0
-256500 1
-256400 0
-256300 1
-256200 0
-256100 0
-256000 1
-255900 0
-255800 0
-255700 0
-255600 0
-255500 0
-255400 0
-255300 0
-255200 0
-255100 0
-255000 0
-254900 0
-254800 0
-254700 0
-254600 0
-254500 0
-254400 0
-254300 0
-254200 0
-254100 0
-254000 0
-253900 0
-253800 0
-253700 0
-253600 0
-253500 0
-253400 0
-253300 0
-253200 1
-253100 0
-253000 0
-252900 14
-252800 109
-252700 445
-252600 545
-252500 192
-252400 22
-252300 2
-252200 0
-252100 1
-252000 1
-251900 0
-251800 0
-251700 0
-251600 1
-251500 0
-251400 0
-251300 0
-251200 0
-251100 0
-251000 0
-250900 1
-250800 0
-250700 0
-250600 0
-250500 0
-250400 0
-250300 0
-250200 0
-250100 0
-250000 0
-249900 0
-249800 1
-249700 0
-249600 0
-249500 0
-249400 0
-249300 0
-249200 0
-249100 0
-249000 1
-248900 0
-248800 0
-248700 0
-248600 0
-248500 0
-248400 0
-248300 0
-248200 0
-248100 0
-248000 0
-247900 1
-247800 1
-247700 7
-247600 2
-247500 0
-247400 0
-247300 0
-247200 0
-247100 0
-247000 0
-246900 0
-246800 0
-246700 0
-246600 1
-246500 1
-246400 0
-246300 0
-246200 0
-246100 0
-246000 0
-245900 1
-245800 1
-245700 0
-245600 0
-245500 0
-245400 0
-245300 0
-245200 0
-245100 0
-245000 0
-244900 0
-244800 1
-244700 0
-244600 0
-244500 0
-244400 0
-244300 0
-244200 0
-244100 0
-244000 0
-243900 2
-243800 0
-243700 0
-243600 0
-243500 0
-243400 0
-243300 0
-243200 0
-243100 0
-243000 0
-242900 0
-242800 0
-242700 0
-242600 0
-242500 1
-242400 0
-242300 0
-242200 0
-242100 0
-242000 0
-241900 0
-241800 0
-241700 0
-241600 0
-241500 0
-241400 0
-241300 0
-241200 0
-241100 0
-241000 0
-240900 0
-240800 0
-240700 0
-240600 0
-240500 0
-240400 0
-240300 0
-240200 0
-240100 0
-240000 0
-239900 2
-239800 7
-239700 45
-239600 299
-239500 565
-239400 338
-239300 49
-239200 4
-239100 1
-239000 0
-238900 0
-238800 0
-238700 0
-238600 1
-238500 0
-238400 0
-238300 0
-238200 0
-238100 0
-238000 0
-237900 0
-237800 0
-237700 0
-237600 0
-237500 0
-237400 0
-237300 0
-237200 0
-237100 0
-237000 0
-236900 0
-236800 0
-236700 0
-236600 1
-236500 1
-236400 1
-236300 2
-236200 0
-236100 0
-236000 0
-235900 0
-235800 0
-235700 0
-235600 0
-235500 0
-235400 0
-235300 1
-235200 1
-235100 1
-235000 0
-234900 0
-234800 2
-234700 1
-234600 0
-234500 3
-234400 0
-234300 0
-234200 0
-234100 0
-234000 0
-233900 0
-233800 0
-233700 0
-233600 0
-233500 0
-233400 0
-233300 0
-233200 1
-233100 0
-233000 0
-232900 0
-232800 0
-232700 0
-232600 0
-232500 0
-232400 0
-232300 0
-232200 0
-232100 0
-232000 0
-231900 0
-231800 0
-231700 0
-231600 0
-231500 0
-231400 1
-231300 0
-231200 0
-231100 1
-231000 0
-230900 0
-230800 0
-230700 0
-230600 0
-230500 0
-230400 1
-230300 0
-230200 0
-230100 0
-230000 0
-229900 0
-229800 0
-229700 0
-229600 0
-229500 1
-229400 0
-229300 0
-229200 0
-229100 0
-229000 0
-228900 0
-228800 0
-228700 0
-228600 0
-228500 0
-228400 0
-228300 0
-228200 0
-228100 1
-228000 0
-227900 0
-227800 0
-227700 1
-227600 0
-227500 0
-227400 0
-227300 0
-227200 0
-227100 0
-227000 0
-226900 0
-226800 0
-226700 0
-226600 18
-226500 177
-226400 557
-226300 488
-226200 137
-226100 19
-226000 0
-225900 0
-225800 0
-225700 0
-225600 0
-225500 0
-225400 0
-225300 0
-225200 0
-225100 0
-225000 0
-224900 0
-224800 0
-224700 0
-224600 0
-224500 0
-224400 0
-224300 0
-224200 0
-224100 0
-224000 0
-223900 0
-223800 0
-223700 0
-223600 0
-223500 0
-223400 0
-223300 0
-223200 0
-223100 0
-223000 0
-222900 1
-222800 0
-222700 0
-222600 0
-222500 0
-222400 0
-222300 0
-222200 0
-222100 0
-222000 0
-221900 0
-221800 0
-221700 1
-221600 2
-221500 6
-221400 1
-221300 1
-221200 1
-221100 0
-221000 0
-220900 0
-220800 0
-220700 0
-220600 0
-220500 0
-220400 0
-220300 0
-220200 0
-220100 1
-220000 0
-219900 0
-219800 0
-219700 0
-219600 0
-219500 0
-219400 0
-219300 0
-219200 0
-219100 0
-219000 0
-218900 0
-218800 1
-218700 0
-218600 0
-218500 0
-218400 0
-218300 0
-218200 0
-218100 0
-218000 0
-217900 0
-217800 1
-217700 0
-217600 0
-217500 0
-217400 0
-217300 0
-217200 0
-217100 1
-217000 1
-216900 0
-216800 0
-216700 0
-216600 0
-216500 1
-216400 0
-216300 0
-216200 0
-216100 1
-216000 0
-215900 1
-215800 1
-215700 1
-215600 0
-215500 0
-215400 0
-215300 0
-215200 0
-215100 0
-215000 0
-214900 0
-214800 2
-214700 1
-214600 0
-214500 0
-214400 0
-214300 0
-214200 1
-214100 0
-214000 0
-213900 0
-213800 1
-213700 1
-213600 0
-213500 11
-213400 110
-213300 438
-213200 575
-213100 192
-213000 27
-212900 0
-212800 0
-212700 0
-212600 0
-212500 0
-212400 1
-212300 0
-212200 0
-212100 0
-212000 0
-211900 0
-211800 0
-211700 1
-211600 0
-211500 0
-211400 0
-211300 0
-211200 0
-211100 0
-211000 0
-210900 0
-210800 0
-210700 0
-210600 1
-210500 0
-210400 0
-210300 0
-210200 0
-210100 1
-210000 0
-209900 0
-209800 0
-209700 0
-209600 0
-209500 0
-209400 0
-209300 0
-209200 0
-209100 0
-209000 0
-208900 0
-208800 0
-208700 0
-208600 0
-208500 3
-208400 5
-208300 2
-208200 1
-208100 0
-208000 0
-207900 1
-207800 0
-207700 0
-207600 0
-207500 0
-207400 0
-207300 0
-207200 0
-207100 0
-207000 0
-206900 0
-206800 0
-206700 0
-206600 0
-206500 0
-206400 0
-206300 0
-206200 0
-206100 0
-206000 0
-205900 1
-205800 0
-205700 0
-205600 0
-205500 0
-205400 0
-205300 0
-205200 0
-205100 0
-205000 0
-204900 0
-204800 0
-204700 0
-204600 1
-204500 0
-204400 0
-204300 0
-204200 0
-204100 0
-204000 0
-203900 0
-203800 0
-203700 1
-203600 0
-203500 0
-203400 2
-203300 0
-203200 0
-203100 0
-203000 0
-202900 0
-202800 0
-202700 0
-202600 0
-202500 1
-202400 1
-202300 0
-202200 0
-202100 0
-202000 0
-201900 0
-201800 1
-201700 0
-201600 0
-201500 0
-201400 0
-201300 0
-201200 0
-201100 0
-201000 0
-200900 0
-200800 1
-200700 0
-200600 0
-200500 1
-200400 3
-200300 52
-200200 320
-200100 613
-200000 295
-199900 47
-199800 2
-199700 0
-199600 0
-199500 0
-199400 1
-199300 0
-199200 0
-199100 0
-199000 0
-198900 0
-198800 0
-198700 0
-198600 0
-198500 1
-198400 0
-198300 1
-198200 0
-198100 0
-198000 0
-197900 0
-197800 0
-197700 0
-197600 0
-197500 0
-197400 0
-197300 0
-197200 0
-197100 0
-197000 1
-196900 0
-196800 0
-196700 0
-196600 0
-196500 0
-196400 2
-196300 0
-196200 1
-196100 0
-196000 0
-195900 0
-195800 0
-195700 0
-195600 0
-195500 0
-195400 0
-195300 3
-195200 2
-195100 3
-195000 0
-194900 0
-194800 0
-194700 1
-194600 1
-194500 0
-194400 0
-194300 0
-194200 0
-194100 0
-194000 0
-193900 0
-193800 0
-193700 0
-193600 0
-193500 0
-193400 0
-193300 0
-193200 0
-193100 1
-193000 1
-192900 0
-192800 0
-192700 0
-192600 0
-192500 0
-192400 0
-192300 0
-192200 0
-192100 0
-192000 0
-191900 0
-191800 0
-191700 0
-191600 0
-191500 0
-191400 0
-191300 0
-191200 0
-191100 0
-191000 0
-190900 0
-190800 0
-190700 1
-190600 0
-190500 1
-190400 1
-190300 0
-190200 0
-190100 0
-190000 0
-189900 0
-189800 0
-189700 0
-189600 0
-189500 0
-189400 0
-189300 0
-189200 0
-189100 0
-189000 1
-188900 0
-188800 0
-188700 0
-188600 0
-188500 1
-188400 0
-188300 0
-188200 0
-188100 0
-188000 0
-187900 0
-187800 0
-187700 0
-187600 0
-187500 1
-187400 0
-187300 0
-187200 29
-187100 225
-187000 576
-186900 470
-186800 99
-186700 7
-186600 0
-186500 0
-186400 0
-186300 0
-186200 0
-186100 0
-186000 0
-185900 0
-185800 0
-185700 1
-185600 0
-185500 0
-185400 1
-185300 0
-185200 0
-185100 0
-185000 0
-184900 0
-184800 0
-184700 0
-184600 0
-184500 0
-184400 0
-184300 1
-184200 0
-184100 0
-184000 0
-183900 2
-183800 0
-183700 0
-183600 0
-183500 1
-183400 0
-183300 0
-183200 0
-183100 0
-183000 0
-182900 0
-182800 1
-182700 0
-182600 0
-182500 0
-182400 0
-182300 1
-182200 0
-182100 6
-182000 3
-181900 1
-181800 0
-181700 0
-181600 0
-181500 0
-181400 0
-181300 0
-181200 0
-181100 0
-181000 0
-180900 1
-180800 1
-180700 0
-180600 0
-180500 0
-180400 2
-180300 0
-180200 1
-180100 1
-180000 1
-179900 0
-179800 0
-179700 1
-179600 0
-179500 0
-179400 1
-179300 0
-179200 0
-179100 0
-179000 0
-178900 0
-178800 0
-178700 0
-178600 0
-178500 0
-178400 0
-178300 0
-178200 0
-178100 0
-178000 0
-177900 0
-177800 0
-177700 0
-177600 0
-177500 0
-177400 0
-177300 0
-177200 0
-177100 0
-177000 0
-176900 1
-176800 1
-176700 1
-176600 0
-176500 0
-176400 0
-176300 0
-176200 0
-176100 1
-176000 0
-175900 0
-175800 0
-175700 0
-175600 0
-175500 0
-175400 1
-175300 0
-175200 0
-175100 0
-175000 0
-174900 0
-174800 0
-174700 0
-174600 1
-174500 0
-174400 1
-174300 0
-174200 0
-174100 5
-174000 93
-173900 425
-173800 567
-173700 188
-173600 16
-173500 4
-173400 1
-173300 0
-173200 0
-173100 0
-173000 0
-172900 0
-172800 0
-172700 0
-172600 0
-172500 0
-172400 1
-172300 1
-172200 0
-172100 0
-172000 0
-171900 0
-171800 0
-171700 0
-171600 0
-171500 0
-171400 0
-171300 0
-171200 0
-171100 0
-171000 0
-170900 0
-170800 0
-170700 1
-170600 0
-170500 0
-170400 0
-170300 0
-170200 0
-170100 0
-170000 0
-169900 0
-169800 0
-169700 0
-169600 0
-169500 0
-169400 0
-169300 1
-169200 0
-169100 1
-169000 3
-168900 6
-168800 4
-168700 0
-168600 0
-168500 0
-168400 0
-168300 0
-168200 0
-168100 0
-168000 0
-167900 0
-167800 0
-167700 0
-167600 0
-167500 0
-167400 0
-167300 1
-167200 0
-167100 0
-167000 0
-166900 1
-166800 0
-166700 0
-166600 0
-166500 0
-166400 0
-166300 0
-166200 0
-166100 0
-166000 0
-165900 0
-165800 0
-165700 1
-165600 0
-165500 1
-165400 0
-165300 0
-165200 0
-165100 0
-165000 0
-164900 0
-164800 0
-164700 0
-164600 0
-164500 1
-164400 0
-164300 0
-164200 1
-164100 2
-164000 0
-163900 0
-163800 0
-163700 0
-163600 0
-163500 0
-163400 0
-163300 0
-163200 0
-163100 0
-163000 0
-162900 0
-162800 0
-162700 0
-162600 0
-162500 2
-162400 2
-162300 4
-162200 2
-162100 0
-162000 0
-161900 0
-161800 0
-161700 0
-161600 1
-161500 0
-161400 0
-161300 1
-161200 0
-161100 0
-161000 3
-160900 52
-160800 298
-160700 618
-160600 352
-160500 44
-160400 3
-160300 3
-160200 0
-160100 0
-160000 0
-159900 0
-159800 0
-159700 0
-159600 0
-159500 1
-159400 0
-159300 0
-159200 2
-159100 1
-159000 0
-158900 0
-158800 0
-158700 0
-158600 0
-158500 0
-158400 0
-158300 0
-158200 0
-158100 2
-158000 0
-157900 0
-157800 0
-157700 1
-157600 0
-157500 0
-157400 0
-157300 0
-157200 0
-157100 0
-157000 0
-156900 0
-156800 0
-156700 0
-156600 0
-156500 0
-156400 0
-156300 0
-156200 1
-156100 0
-156000 2
-155900 3
-155800 7
-155700 3
-155600 0
-155500 1
-155400 0
-155300 0
-155200 0
-155100 0
-155000 1
-154900 0
-154800 0
-154700 0
-154600 0
-154500 0
-154400 0
-154300 0
-154200 0
-154100 0
-154000 0
-153900 1
-153800 0
-153700 0
-153600 0
-153500 0
-153400 0
-153300 0
-153200 0
-153100 0
-153000 0
-152900 0
-152800 1
-152700 0
-152600 0
-152500 1
-152400 0
-152300 0
-152200 0
-152100 0
-152000 0
-151900 0
-151800 0
-151700 0
-151600 0
-151500 0
-151400 0
-151300 0
-151200 1
-151100 0
-151000 0
-150900 0
-150800 0
-150700 0
-150600 0
-150500 0
-150400 0
-150300 0
-150200 0
-150100 0
-150000 0
-149900 0
-149800 0
-149700 0
-149600 0
-149500 0
-149400 0
-149300 0
-149200 0
-149100 0
-149000 0
-148900 0
-148800 1
-148700 0
-148600 1
-148500 0
-148400 0
-148300 0
-148200 1
-148100 0
-148000 1
-147900 2
-147800 17
-147700 168
-147600 544
-147500 469
-147400 106
-147300 13
-147200 0
-147100 0
-147000 1
-146900 0
-146800 1
-146700 0
-146600 1
-146500 0
-146400 0
-146300 0
-146200 0
-146100 0
-146000 0
-145900 0
-145800 0
-145700 0
-145600 0
-145500 0
-145400 0
-145300 0
-145200 0
-145100 0
-145000 0
-144900 0
-144800 0
-144700 0
-144600 1
-144500 0
-144400 1
-144300 0
-144200 0
-144100 0
-144000 0
-143900 0
-143800 0
-143700 0
-143600 0
-143500 0
-143400 0
-143300 0
-143200 0
-143100 0
-143000 0
-142900 0
-142800 3
-142700 5
-142600 3
-142500 1
-142400 1
-142300 0
-142200 0
-142100 0
-142000 0
-141900 0
-141800 1
-141700 0
-141600 0
-141500 0
-141400 0
-141300 0
-141200 1
-141100 0
-141000 0
-140900 0
-140800 0
-140700 0
-140600 0
-140500 0
-140400 0
-140300 1
-140200 0
-140100 0
-140000 0
-139900 0
-139800 0
-139700 0
-139600 0
-139500 0
-139400 0
-139300 0
-139200 0
-139100 0
-139000 1
-138900 0
-138800 0
-138700 1
-138600 0
-138500 0
-138400 0
-138300 0
-138200 0
-138100 0
-138000 0
-137900 0
-137800 0
-137700 0
-137600 0
-137500 0
-137400 0
-137300 0
-137200 1
-137100 0
-137000 0
-136900 0
-136800 0
-136700 0
-136600 0
-136500 0
-136400 0
-136300 0
-136200 0
-136100 0
-136000 2
-135900 2
-135800 0
-135700 0
-135600 0
-135500 0
-135400 0
-135300 0
-135200 0
-135100 1
-135000 0
-134900 0
-134800 1
-134700 8
-134600 97
-134500 392
-134400 556
-134300 247
-134200 29
-134100 2
-134000 0
-133900 0
-133800 0
-133700 0
-133600 0
-133500 0
-133400 0
-133300 0
-133200 0
-133100 1
-133000 0
-132900 1
-132800 0
-132700 1
-132600 0
-132500 0
-132400 0
-132300 0
-132200 0
-132100 0
-132000 1
-131900 0
-131800 0
-131700 0
-131600 0
-131500 0
-131400 0
-131300 0
-131200 0
-131100 0
-131000 0
-130900 1
-130800 0
-130700 0
-130600 0
-130500 0
-130400 0
-130300 0
-130200 0
-130100 0
-130000 0
-129900 0
-129800 0
-129700 0
-129600 1
-129500 5
-129400 2
-129300 0
-129200 0
-129100 0
-129000 0
-128900 0
-128800 0
-128700 0
-128600 0
-128500 0
-128400 0
-128300 1
-128200 0
-128100 0
-128000 0
-127900 0
-127800 0
-127700 0
-127600 0
-127500 0
-127400 0
-127300 0
-127200 0
-127100 0
-127000 0
-126900 0
-126800 0
-126700 0
-126600 0
-126500 0
-126400 0
-126300 0
-126200 1
-126100 1
-126000 0
-125900 0
-125800 0
-125700 0
-125600 0
-125500 0
-125400 0
-125300 0
-125200 1
-125100 0
-125000 0
-124900 0
-124800 0
-124700 0
-124600 0
-124500 0
-124400 0
-124300 0
-124200 0
-124100 0
-124000 0
-123900 0
-123800 1
-123700 0
-123600 0
-123500 0
-123400 0
-123300 0
-123200 0
-123100 0
-123000 0
-122900 0
-122800 0
-122700 0
-122600 1
-122500 0
-122400 0
-122300 0
-122200 0
-122100 0
-122000 1
-121900 0
-121800 0
-121700 0
-121600 1
-121500 28
-121400 258
-121300 564
-121200 387
-121100 60
-121000 2
-120900 0
-120800 0
-120700 0
-120600 0
-120500 0
-120400 0
-120300 1
-120200 0
-120100 0
-120000 0
-119900 0
-119800 0
-119700 1
-119600 0
-119500 0
-119400 0
-119300 0
-119200 1
-119100 1
-119000 0
-118900 0
-118800 0
-118700 0
-118600 0
-118500 0
-118400 0
-118300 0
-118200 0
-118100 0
-118000 0
-117900 0
-117800 0
-117700 0
-117600 0
-117500 0
-117400 1
-117300 0
-117200 0
-117100 1
-117000 1
-116900 0
-116800 0
-116700 1
-116600 0
-116500 2
-116400 7
-116300 2
-116200 1
-116100 0
-116000 1
-115900 0
-115800 0
-115700 0
-115600 0
-115500 0
-115400 0
-115300 0
-115200 0
-115100 0
-115000 0
-114900 0
-114800 0
-114700 0
-114600 0
-114500 0
-114400 0
-114300 0
-114200 0
-114100 0
-114000 0
-113900 0
-113800 0
-113700 1
-113600 0
-113500 0
-113400 0
-113300 1
-113200 1
-113100 0
-113000 0
-112900 0
-112800 0
-112700 0
-112600 0
-112500 0
-112400 0
-112300 0
-112200 0
-112100 0
-112000 0
-111900 0
-111800 0
-111700 0
-111600 1
-111500 0
-111400 0
-111300 0
-111200 1
-111100 1
-111000 0
-110900 0
-110800 0
-110700 0
-110600 0
-110500 0
-110400 0
-110300 0
-110200 0
-110100 0
-110000 0
-109900 0
-109800 0
-109700 0
-109600 0
-109500 0
-109400 0
-109300 0
-109200 0
-109100 0
-109000 0
-108900 1
-108800 0
-108700 0
-108600 0
-108500 1
-108400 20
-108300 156
-108200 506
-108100 496
-108000 132
-107900 19
-107800 0
-107700 0
-107600 0
-107500 0
-107400 0
-107300 0
-107200 2
-107100 1
-107000 0
-106900 0
-106800 1
-106700 0
-106600 0
-106500 0
-106400 0
-106300 0
-106200 0
-106100 0
-106000 0
-105900 1
-105800 0
-105700 1
-105600 0
-105500 1
-105400 1
-105300 0
-105200 0
-105100 0
-105000 0
-104900 0
-104800 0
-104700 0
-104600 0
-104500 0
-104400 1
-104300 0
-104200 0
-104100 0
-104000 2
-103900 0
-103800 0
-103700 0
-103600 1
-103500 0
-103400 3
-103300 8
-103200 2
-103100 2
-103000 0
-102900 0
-102800 0
-102700 0
-102600 0
-102500 0
-102400 1
-102300 0
-102200 0
-102100 0
-102000 0
-101900 0
-101800 0
-101700 1
-101600 0
-101500 0
-101400 0
-101300 0
-101200 1
-101100 0
-101000 0
-100900 1
-100800 0
-100700 0
-100600 0
-100500 0
-100400 0
-100300 0
-100200 0
-100100 0
-100000 0
-99900 0
-99800 0
-99700 0
-99600 0
-99500 0
-99400 0
-99300 0
-99200 0
-99100 0
-99000 0
-98900 0
-98800 0
-98700 0
-98600 1
-98500 0
-98400 0
-98300 0
-98200 0
-98100 0
-98000 0
-97900 0
-97800 0
-97700 0
-97600 0
-97500 0
-97400 0
-97300 0
-97200 0
-97100 0
-97000 0
-96900 0
-96800 0
-96700 1
-96600 0
-96500 0
-96400 1
-96300 0
-96200 1
-96100 0
-96000 0
-95900 0
-95800 0
-95700 0
-95600 0
-95500 0
-95400 0
-95300 3
-95200 57
-95100 376
-95000 572
-94900 287
-94800 42
-94700 1
-94600 1
-94500 0
-94400 0
-94300 0
-94200 1
-94100 0
-94000 0
-93900 0
-93800 0
-93700 0
-93600 0
-93500 0
-93400 0
-93300 1
-93200 0
-93100 0
-93000 1
-92900 0
-92800 1
-92700 0
-92600 1
-92500 1
-92400 0
-92300 1
-92200 0
-92100 0
-92000 0
-91900 0
-91800 0
-91700 0
-91600 0
-91500 0
-91400 0
-91300 1
-91200 1
-91100 0
-91000 0
-90900 0
-90800 0
-90700 0
-90600 0
-90500 0
-90400 0
-90300 1
-90200 3
-90100 6
-90000 2
-89900 1
-89800 1
-89700 0
-89600 0
-89500 0
-89400 0
-89300 0
-89200 0
-89100 0
-89000 0
-88900 0
-88800 0
-88700 0
-88600 0
-88500 0
-88400 0
-88300 0
-88200 0
-88100 0
-88000 1
-87900 0
-87800 1
-87700 0
-87600 1
-87500 0
-87400 0
-87300 0
-87200 0
-87100 0
-87000 1
-86900 0
-86800 0
-86700 0
-86600 0
-86500 0
-86400 0
-86300 1
-86200 0
-86100 0
-86000 0
-85900 1
-85800 0
-85700 0
-85600 1
-85500 1
-85400 0
-85300 0
-85200 2
-85100 2
-85000 0
-84900 0
-84800 1
-84700 0
-84600 1
-84500 0
-84400 0
-84300 0
-84200 0
-84100 0
-84000 0
-83900 0
-83800 0
-83700 0
-83600 0
-83500 0
-83400 1
-83300 0
-83200 0
-83100 0
-83000 0
-82900 0
-82800 0
-82700 0
-82600 0
-82500 0
-82400 0
-82300 1
-82200 1
-82100 31
-82000 172
-81900 577
-81800 492
-81700 123
-81600 13
-81500 1
-81400 0
-81300 0
-81200 0
-81100 0
-81000 0
-80900 0
-80800 0
-80700 0
-80600 0
-80500 0
-80400 1
-80300 1
-80200 0
-80100 1
-80000 0
-79900 0
-79800 0
-79700 0
-79600 0
-79500 0
-79400 0
-79300 0
-79200 0
-79100 0
-79000 0
-78900 0
-78800 0
-78700 0
-78600 0
-78500 0
-78400 0
-78300 0
-78200 1
-78100 0
-78000 0
-77900 0
-77800 0
-77700 0
-77600 0
-77500 0
-77400 0
-77300 0
-77200 0
-77100 1
-77000 4
-76900 1
-76800 1
-76700 0
-76600 0
-76500 0
-76400 0
-76300 0
-76200 0
-76100 0
-76000 0
-75900 0
-75800 0
-75700 0
-75600 0
-75500 0
-75400 0
-75300 0
-75200 0
-75100 0
-75000 0
-74900 0
-74800 0
-74700 1
-74600 0
-74500 0
-74400 0
-74300 0
-74200 0
-74100 1
-74000 0
-73900 0
-73800 0
-73700 1
-73600 0
-73500 0
-73400 0
-73300 0
-73200 0
-73100 0
-73000 0
-72900 0
-72800 0
-72700 0
-72600 1
-72500 0
-72400 0
-72300 0
-72200 0
-72100 0
-72000 0
-71900 0
-71800 0
-71700 0
-71600 1
-71500 0
-71400 0
-71300 0
-71200 0
-71100 0
-71000 0
-70900 0
-70800 0
-70700 0
-70600 0
-70500 1
-70400 0
-70300 0
-70200 1
-70100 0
-70000 0
-69900 0
-69800 0
-69700 0
-69600 0
-69500 0
-69400 1
-69300 0
-69200 0
-69100 2
-69000 12
-68900 161
-68800 550
-68700 452
-68600 125
-68500 6
-68400 1
-68300 0
-68200 0
-68100 0
-68000 0
-67900 0
-67800 0
-67700 0
-67600 0
-67500 0
-67400 0
-67300 0
-67200 0
-67100 1
-67000 0
-66900 0
-66800 0
-66700 1
-66600 0
-66500 0
-66400 0
-66300 0
-66200 0
-66100 0
-66000 0
-65900 0
-65800 0
-65700 0
-65600 0
-65500 0
-65400 0
-65300 0
-65200 0
-65100 0
-65000 0
-64900 0
-64800 0
-64700 0
-64600 0
-64500 1
-64400 0
-64300 0
-64200 0
-64100 0
-64000 1
-63900 7
-63800 4
-63700 1
-63600 0
-63500 0
-63400 1
-63300 0
-63200 0
-63100 0
-63000 1
-62900 0
-62800 0
-62700 0
-62600 1
-62500 0
-62400 0
-62300 1
-62200 0
-62100 0
-62000 0
-61900 0
-61800 0
-61700 0
-61600 0
-61500 0
-61400 0
-61300 0
-61200 0
-61100 0
-61000 0
-60900 0
-60800 0
-60700 1
-60600 0
-60500 0
-60400 0
-60300 0
-60200 0
-60100 0
-60000 0
-59900 0
-59800 0
-59700 1
-59600 0
-59500 1
-59400 0
-59300 0
-59200 0
-59100 2
-59000 0
-58900 0
-58800 0
-58700 1
-58600 0
-58500 1
-58400 0
-58300 0
-58200 0
-58100 0
-58000 0
-57900 0
-57800 0
-57700 0
-57600 0
-57500 1
-57400 0
-57300 0
-57200 0
-57100 0
-57000 0
-56900 0
-56800 1
-56700 0
-56600 0
-56500 0
-56400 0
-56300 0
-56200 0
-56100 0
-56000 0
-55900 9
-55800 109
-55700 448
-55600 568
-55500 217
-55400 19
-55300 2
-55200 0
-55100 2
-55000 0
-54900 0
-54800 0
-54700 0
-54600 0
-54500 0
-54400 1
-54300 0
-54200 0
-54100 0
-54000 1
-53900 0
-53800 0
-53700 0
-53600 1
-53500 0
-53400 0
-53300 0
-53200 0
-53100 0
-53000 1
-52900 0
-52800 0
-52700 0
-52600 0
-52500 0
-52400 0
-52300 0
-52200 1
-52100 0
-52000 0
-51900 0
-51800 0
-51700 0
-51600 0
-51500 0
-51400 0
-51300 1
-51200 0
-51100 0
-51000 0
-50900 0
-50800 6
-50700 3
-50600 4
-50500 0
-50400 1
-50300 0
-50200 0
-50100 0
-50000 0
-49900 0
-49800 0
-49700 0
-49600 0
-49500 0
-49400 0
-49300 0
-49200 1
-49100 0
-49000 0
-48900 0
-48800 0
-48700 0
-48600 0
-48500 0
-48400 0
-48300 0
-48200 0
-48100 0
-48000 0
-47900 0
-47800 0
-47700 0
-47600 0
-47500 0
-47400 0
-47300 0
-47200 0
-47100 0
-47000 0
-46900 0
-46800 0
-46700 0
-46600 0
-46500 0
-46400 0
-46300 0
-46200 0
-46100 0
-46000 0
-45900 2
-45800 1
-45700 1
-45600 0
-45500 0
-45400 0
-45300 0
-45200 0
-45100 0
-45000 0
-44900 0
-44800 0
-44700 1
-44600 0
-44500 0
-44400 0
-44300 0
-44200 0
-44100 0
-44000 0
-43900 0
-43800 0
-43700 0
-43600 1
-43500 1
-43400 0
-43300 0
-43200 0
-43100 0
-43000 0
-42900 1
-42800 6
-42700 26
-42600 213
-42500 591
-42400 444
-42300 73
-42200 11
-42100 1
-42000 0
-41900 0
-41800 0
-41700 0
-41600 0
-41500 0
-41400 0
-41300 0
-41200 0
-41100 0
-41000 0
-40900 0
-40800 0
-40700 0
-40600 0
-40500 0
-40400 0
-40300 0
-40200 0
-40100 0
-40000 0
-39900 0
-39800 0
-39700 1
-39600 1
-39500 0
-39400 0
-39300 0
-39200 0
-39100 1
-39000 0
-38900 0
-38800 0
-38700 0
-38600 0
-38500 0
-38400 0
-38300 1
-38200 0
-38100 0
-38000 0
-37900 0
-37800 0
-37700 1
-37600 6
-37500 3
-37400 1
-37300 0
-37200 0
-37100 0
-37000 0
-36900 0
-36800 0
-36700 0
-36600 0
-36500 0
-36400 0
-36300 0
-36200 0
-36100 0
-36000 0
-35900 0
-35800 0
-35700 0
-35600 0
-35500 1
-35400 0
-35300 0
-35200 0
-35100 0
-35000 0
-34900 0
-34800 0
-34700 1
-34600 0
-34500 0
-34400 0
-34300 0
-34200 0
-34100 0
-34000 0
-33900 1
-33800 1
-33700 1
-33600 0
-33500 0
-33400 0
-33300 0
-33200 0
-33100 0
-33000 0
-32900 0
-32800 0
-32700 0
-32600 0
-32500 0
-32400 0
-32300 0
-32200 0
-32100 0
-32000 0
-31900 0
-31800 0
-31700 0
-31600 1
-31500 0
-31400 0
-31300 0
-31200 0
-31100 0
-31000 0
-30900 0
-30800 0
-30700 0
-30600 0
-30500 0
-30400 1
-30300 0
-30200 0
-30100 1
-30000 0
-29900 1
-29800 4
-29700 5
-29600 19
-29500 96
-29400 460
-29300 555
-29200 171
-29100 14
-29000 1
-28900 0
-28800 1
-28700 0
-28600 0
-28500 0
-28400 0
-28300 0
-28200 0
-28100 0
-28000 0
-27900 1
-27800 1
-27700 0
-27600 0
-27500 0
-27400 0
-27300 0
-27200 0
-27100 0
-27000 0
-26900 0
-26800 0
-26700 0
-26600 0
-26500 0
-26400 0
-26300 0
-26200 0
-26100 0
-26000 0
-25900 0
-25800 0
-25700 0
-25600 0
-25500 1
-25400 0
-25300 0
-25200 0
-25100 0
-25000 0
-24900 0
-24800 0
-24700 2
-24600 2
-24500 5
-24400 3
-24300 1
-24200 1
-24100 0
-24000 0
-23900 0
-23800 0
-23700 0
-23600 0
-23500 0
-23400 0
-23300 0
-23200 0
-23100 0
-23000 0
-22900 0
-22800 0
-22700 0
-22600 0
-22500 0
-22400 0
-22300 0
-22200 0
-22100 0
-22000 0
-21900 0
-21800 0
-21700 0
-21600 0
-21500 0
-21400 0
-21300 0
-21200 0
-21100 1
-21000 0
-20900 0
-20800 0
-20700 0
-20600 0
-20500 0
-20400 0
-20300 0
-20200 0
-20100 0
-20000 0
-19900 0
-19800 0
-19700 1
-19600 0
-19500 0
-19400 1
-19300 0
-19200 0
-19100 0
-19000 2
-18900 0
-18800 0
-18700 0
-18600 0
-18500 0
-18400 0
-18300 0
-18200 0
-18100 0
-18000 0
-17900 0
-17800 0
-17700 0
-17600 0
-17500 0
-17400 0
-17300 0
-17200 0
-17100 0
-17000 0
-16900 0
-16800 0
-16700 0
-16600 1
-16500 13
-16400 146
-16300 496
-16200 475
-16100 146
-16000 17
-15900 3
-15800 0
-15700 0
-15600 0
-15500 0
-15400 0
-15300 0
-15200 0
-15100 0
-15000 1
-14900 0
-14800 0
-14700 0
-14600 0
-14500 1
-14400 0
-14300 0
-14200 0
-14100 0
-14000 0
-13900 0
-13800 0
-13700 0
-13600 0
-13500 0
-13400 0
-13300 0
-13200 0
-13100 0
-13000 0
-12900 1
-12800 2
-12700 0
-12600 0
-12500 0
-12400 0
-12300 0
-12200 0
-12100 0
-12000 0
-11900 0
-11800 0
-11700 0
-11600 1
-11500 1
-11400 1
-11300 2
-11200 2
-11100 0
-11000 0
-10900 0
-10800 0
-10700 0
-10600 0
-10500 0
-10400 1
-10300 1
-10200 0
-10100 0
-10000 0
-9900 0
-9800 0
-9700 0
-9600 0
-9500 0
-9400 0
-9300 0
-9200 0
-9100 1
-9000 0
-8900 0
-8800 0
-8700 0
-8600 0
-8500 0
-8400 0
-8300 0
-8200 1
-8100 0
-8000 0
-7900 1
-7800 0
-7700 0
-7600 1
-7500 0
-7400 0
-7300 0
-7200 0
-7100 0
-7000 0
-6900 0
-6800 0
-6700 0
-6600 0
-6500 1
-6400 0
-6300 1
-6200 0
-6100 0
-6000 1
-5900 0
-5800 0
-5700 0
-5600 1
-5500 0
-5400 0
-5300 0
-5200 1
-5100 0
-5000 0
-4900 0
-4800 1
-4700 0
-4600 0
-4500 1
-4400 0
-4300 0
-4200 0
-4100 0
-4000 0
-3900 0
-3800 0
-3700 0
-3600 0
-3500 0
-3400 2
-3300 26
-3200 226
-3100 550
-3000 423
-2900 80
-2800 9
-2700 0
-2600 0
-2500 2
-2400 0
-2300 0
-2200 0
-2100 0
-2000 0
-1900 0
-1800 0
-1700 0
-1600 1
-1500 1
-1400 0
-1300 0
-1200 0
-1100 0
-1000 0
-900 0
-800 0
-700 0
-600 0
-500 0
-400 0
-300 0
-200 0
-100 0
0 0
100 0
200 0
300 0
400 0
500 0
600 0
700 0
800 0
900 1
1000 0
1100 0
1200 0
1300 0
1400 0
1500 0
1600 1
1700 1
1800 2
1900 2
2000 0
2100 1
2200 0
2300 0
2400 0
2500 0
2600 0
2700 0
2800 0
2900 0
3000 0
3100 0
3200 0
3300 0
3400 0
3500 0
3600 0
3700 0
3800 1
3900 0
4000 0
4100 0
4200 0
4300 0
4400 0
4500 0
4600 0
4700 0
4800 0
4900 0
5000 0
5100 0
5200 0
5300 0
5400 1
5500 1
5600 0
5700 0
5800 0
5900 0
6000 0
6100 0
6200 0
6300 1
6400 0
6500 1
6600 0
6700 0
6800 1
6900 0
7000 0
7100 0
7200 0
7300 0
7400 0
7500 1
7600 0
7700 0
7800 0
7900 0
8000 0
8100 1
8200 0
8300 0
8400 1
8500 0
8600 0
8700 0
8800 1
8900 0
9000 0
9100 0
9200 0
9300 1
9400 2
9500 1
9600 10
9700 8
9800 89
9900 1503
10000 9008
10100 15728
10200 7743
10300 1033
10400 60
10500 7
10600 5
10700 2
10800 2
10900 0
11000 0
11100 0
11200 0
11300 0
11400 0
11500 0
11600 0
11700 0
11800 0
11900 0
12000 0
12100 0
12200 0
12300 0
12400 0
12500 0
12600 0
12700 0
12800 0
12900 0
13000 0
13100 0
13200 0
13300 0
13400 0
13500 0
13600 0
13700 0
13800 0
13900 1
14000 0
14100 0
14200 0
14300 0
14400 0
14500 0
14600 0
14700 0
14800 1
14900 1
15000 2
15100 2
15200 0
15300 0
15400 0
15500 0
15600 0
15700 0
15800 0
15900 0
16000 0
16100 0
16200 0
16300 0
16400 0
16500 0
16600 0
16700 0
16800 0
16900 0
17000 0
17100 0
17200 0
17300 0
17400 0
17500 0
17600 0
17700 0
17800 0
17900 0
18000 0
18100 0
18200 0
18300 0
18400 1
18500 0
18600 0
18700 0
18800 0
18900 0
19000 0
19100 0
19200 0
19300 0
19400 0
19500 0
19600 0
19700 0
19800 0
19900 0
20000 0
20100 1
20200 0
20300 0
20400 0
20500 0
20600 0
20700 0
20800 0
20900 0
21000 0
21100 0
21200 0
21300 0
21400 1
21500 0
21600 0
21700 1
21800 0
21900 0
22000 0
22100 0
22200 0
22300 1
22400 0
22500 0
22600 1
22700 0
22800 0
22900 2
23000 28
23100 195
23200 575
23300 399
23400 75
23500 8
23600 0
23700 2
23800 0
23900 0
24000 0
24100 0
24200 1
24300 0
24400 0
24500 0
24600 0
24700 0
24800 1
24900 0
25000 1
25100 0
25200 0
25300 0
25400 1
25500 0
25600 0
25700 0
25800 0
25900 1
26000 0
26100 0
26200 1
26300 0
26400 0
26500 0
26600 0
26700 1
26800 1
26900 0
27000 1
27100 0
27200 0
27300 0
27400 0
27500 0
27600 0
27700 0
27800 0
27900 0
28000 2
28100 8
28200 3
28300 0
28400 0
28500 0
28600 0
28700 0
28800 0
28900 0
29000 0
29100 0
29200 0
29300 0
29400 0
29500 0
29600 0
29700 1
29800 0
29900 0
30000 0
30100 0
30200 0
30300 0
30400 0
30500 0
30600 0
30700 0
30800 0
30900 0
31000 0
31100 1
31200 1
31300 0
31400 0
31500 0
31600 0
31700 0
31800 1
31900 0
32000 0
32100 0
32200 0
32300 0
32400 0
32500 0
32600 0
32700 0
32800 0
32900 0
33000 1
33100 1
33200 0
33300 0
33400 0
33500 0
33600 1
33700 0
33800 1
33900 0
34000 0
34100 0
34200 0
34300 0
34400 1
34500 0
34600 0
34700 1
34800 0
34900 0
35000 0
35100 1
35200 1
35300 0
35400 0
35500 0
35600 0
35700 0
35800 0
35900 0
36000 2
36100 27
36200 274
36300 602
36400 401
36500 71
36600 2
36700 1
36800 0
36900 1
37000 0
37100 0
37200 0
37300 0
37400 0
37500 0
37600 0
37700 0
37800 1
37900 0
38000 0
38100 0
38200 0
38300 0
38400 0
38500 0
38600 0
38700 0
38800 1
38900 1
39000 0
39100 0
39200 0
39300 0
39400 0
39500 0
39600 0
39700 0
39800 0
39900 0
40000 0
40100 0
40200 0
40300 0
40400 0
40500 0
40600 0
40700 0
40800 0
40900 0
41000 0
41100 1
41200 4
41300 2
41400 0
41500 0
41600 0
41700 0
41800 0
41900 0
42000 0
42100 0
42200 0
42300 0
42400 0
42500 0
42600 0
42700 0
42800 0
42900 0
43000 0
43100 0
43200 0
43300 0
43400 0
43500 0
43600 0
43700 0
43800 0
43900 0
44000 0
44100 0
44200 0
44300 0
44400 0
44500 0
44600 0
44700 0
44800 0
44900 0
45000 0
45100 0
45200 1
45300 0
45400 0
45500 0
45600 0
45700 0
45800 1
45900 0
46000 0
46100 0
46200 0
46300 0
46400 0
46500 0
46600 0
46700 0
46800 0
46900 0
47000 0
47100 0
47200 0
47300 0
47400 0
47500 0
47600 0
47700 2
47800 0
47900 0
48000 0
48100 0
48200 0
48300 0
48400 0
48500 0
48600 0
48700 1
48800 0
48900 1
49000 1
49100 1
49200 6
49300 83
49400 392
49500 568
49600 224
49700 21
49800 4
49900 7
50000 4
50100 4
50200 0
50300 0
50400 0
50500 0
50600 0
50700 0
50800 0
50900 1
51000 1
51100 0
51200 0
51300 0
51400 0
51500 0
51600 0
51700 0
51800 0
51900 0
52000 1
52100 0
52200 0
52300 1
52400 0
52500 1
52600 0
52700 2
52800 0
52900 0
53000 0
53100 0
53200 1
53300 0
53400 1
53500 0
53600 0
53700 0
53800 0
53900 0
54000 0
54100 0
54200 19
54300 88
54400 91
54500 37
54600 5
54700 0
54800 1
54900 1
55000 0
55100 0
55200 1
55300 0
55400 0
55500 0
55600 0
55700 0
55800 0
55900 0
56000 0
56100 0
56200 0
56300 0
56400 0
56500 0
56600 0
56700 0
56800 0
56900 0
57000 0
57100 0
57200 0
57300 0
57400 0
57500 0
57600 0
57700 0
57800 0
57900 0
58000 0
58100 1
58200 0
58300 0
58400 0
58500 0
58600 1
58700 0
58800 0
58900 0
59000 0
59100 0
59200 1
59300 0
59400 1
59500 0
59600 0
59700 1
59800 1
59900 0
60000 0
60100 0
60200 1
60300 0
60400 0
60500 0
60600 1
60700 0
60800 0
60900 0
61000 0
61100 0
61200 0
61300 0
61400 0
61500 0
61600 0
61700 0
61800 0
61900 0
62000 0
62100 1
62200 1
62300 3
62400 21
62500 257
62600 553
62700 365
62800 69
62900 10
63000 2
63100 0
63200 0
63300 0
63400 1
63500 0
63600 0
63700 0
63800 0
63900 0
64000 0
64100 0
64200 0
64300 0
64400 0
64500 0
64600 0
64700 0
64800 0
64900 0
65000 0
65100 0
65200 0
65300 0
65400 0
65500 0
65600 2
65700 0
65800 0
65900 0
66000 0
66100 0
66200 1
66300 0
66400 0
66500 0
66600 1
66700 0
66800 0
66900 0
67000 0
67100 1
67200 0
67300 0
67400 1
67500 8
67600 1
67700 0
67800 0
67900 0
68000 0
68100 1
68200 0
68300 0
68400 0
68500 0
68600 0
68700 0
68800 0
68900 0
69000 0
69100 0
69200 1
69300 0
69400 0
69500 0
69600 0
69700 0
69800 0
69900 0
70000 1
70100 0
70200 0
70300 0
70400 0
70500 0
70600 0
70700 0
70800 0
70900 0
71000 0
71100 0
71200 0
71300 0
71400 0
71500 1
71600 1
71700 0
71800 1
71900 0
72000 0
72100 0
72200 2
72300 1
72400 1
72500 0
72600 0
72700 0
72800 0
72900 0
73000 0
73100 0
73200 0
73300 0
73400 0
73500 0
73600 0
73700 0
73800 0
73900 0
74000 0
74100 0
74200 0
74300 0
74400 0
74500 0
74600 0
74700 0
74800 1
74900 0
75000 0
75100 0
75200 0
75300 1
75400 2
75500 16
75600 183
75700 552
75800 459
75900 96
76000 5
76100 2
76200 0
76300 0
76400 2
76500 0
76600 0
76700 1
76800 1
76900 0
77000 0
77100 0
77200 0
77300 0
77400 0
77500 0
77600 0
77700 0
77800 0
77900 0
78000 0
78100 0
78200 0
78300 0
78400 1
78500 0
78600 1
78700 2
78800 0
78900 0
79000 0
79100 0
79200 0
79300 1
79400 1
79500 0
79600 0
79700 0
79800 0
79900 0
80000 1
80100 1
80200 0
80300 0
80400 0
80500 2
80600 4
80700 1
80800 0
80900 0
81000 0
81100 0
81200 0
81300 0
81400 0
81500 0
81600 0
81700 0
81800 1
81900 0
82000 0
82100 0
82200 0
82300 0
82400 0
82500 0
82600 1
82700 2
82800 0
82900 0
83000 0
83100 1
83200 0
83300 0
83400 0
83500 0
83600 0
83700 0
83800 0
83900 0
84000 0
84100 0
84200 0
84300 0
84400 0
84500 0
84600 0
84700 0
84800 0
84900 0
85000 0
85100 0
85200 0
85300 0
85400 0
85500 0
85600 1
85700 0
85800 0
85900 0
86000 0
86100 0
86200 0
86300 0
86400 0
86500 0
86600 0
86700 1
86800 0
86900 0
87000 0
87100 0
87200 0
87300 0
87400 0
87500 1
87600 0
87700 0
87800 0
87900 0
88000 0
88100 0
88200 0
88300 1
88400 0
88500 1
88600 8
88700 96
88800 458
88900 581
89000 179
89100 14
89200 0
89300 0
89400 1
89500 0
89600 1
89700 0
89800 0
89900 1
90000 0
90100 0
90200 0
90300 0
90400 0
90500 0
90600 0
90700 1
90800 0
90900 0
91000 0
91100 1
91200 0
91300 0
91400 0
91500 0
91600 0
91700 0
91800 0
91900 1
92000 0
92100 0
92200 0
92300 1
92400 0
92500 1
92600 0
92700 0
92800 1
92900 0
93000 0
93100 0
93200 0
93300 0
93400 0
93500 0
93600 1
93700 1
93800 2
93900 2
94000 1
94100 0
94200 2
94300 0
94400 0
94500 1
94600 1
94700 0
94800 0
94900 0
95000 0
95100 0
95200 1
95300 0
95400 0
95500 0
95600 0
95700 0
95800 0
95900 0
96000 0
96100 1
96200 0
96300 1
96400 1
96500 0
96600 0
96700 0
96800 0
96900 0
97000 1
97100 0
97200 0
97300 1
97400 0
97500 0
97600 0
97700 0
97800 0
97900 0
98000 0
98100 0
98200 0
98300 1
98400 0
98500 1
98600 1
98700 2
98800 2
98900 0
99000 0
99100 0
99200 1
99300 0
99400 0
99500 0
99600 0
99700 0
99800 1
99900 0
100000 0
100100 0
100200 0
100300 0
100400 0
100500 0
100600 0
100700 0
100800 0
100900 0
101000 0
101100 0
101200 0
101300 0
101400 0
101500 0
101600 0
101700 6
101800 37
101900 272
102000 584
102100 349
102200 55
102300 3
102400 0
102500 0
102600 0
102700 0
102800 0
102900 0
103000 0
103100 0
103200 0
103300 0
103400 0
103500 0
103600 0
103700 0
103800 0
103900 0
104000 0
104100 0
104200 0
104300 0
104400 0
104500 0
104600 0
104700 0
104800 0
104900 0
105000 0
105100 0
105200 0
105300 0
105400 0
105500 1
105600 0
105700 0
105800 0
105900 0
106000 0
106100 0
106200 0
106300 1
106400 0
106500 0
106600 0
106700 0
106800 3
106900 3
107000 2
107100 1
107200 0
107300 0
107400 0
107500 0
107600 0
107700 0
107800 0
107900 0
108000 0
108100 0
108200 0
108300 0
108400 1
108500 1
108600 1
108700 0
108800 0
108900 1
109000 0
109100 1
109200 2
109300 0
109400 0
109500 0
109600 0
109700 0
109800 0
109900 0
110000 0
110100 0
110200 0
110300 1
110400 0
110500 0
110600 0
110700 0
110800 0
110900 1
111000 1
111100 0
111200 0
111300 0
111400 0
111500 0
111600 0
111700 0
111800 0
111900 0
112000 0
112100 0
112200 0
112300 0
112400 0
112500 0
112600 0
112700 0
112800 1
112900 0
113000 0
113100 0
113200 1
113300 0
113400 0
113500 0
113600 0
113700 0
113800 0
113900 1
114000 0
114100 0
114200 0
114300 0
114400 0
114500 0
114600 0
114700 0
114800 3
114900 14
115000 166
115100 549
115200 476
115300 119
115400 3
115500 1
115600 0
115700 0
115800 1
115900 0
116000 0
116100 0
116200 0
116300 0
116400 0
116500 0
116600 0
116700 0
116800 1
116900 1
117000 0
117100 0
117200 0
117300 0
117400 1
117500 0
117600 0
117700 0
117800 0
117900 0
118000 0
118100 0
118200 0
118300 0
118400 0
118500 0
118600 0
118700 0
118800 0
118900 0
119000 0
119100 0
119200 1
119300 0
119400 0
119500 1
119600 1
119700 0
119800 0
119900 2
120000 1
120100 5
120200 0
120300 1
120400 0
120500 1
120600 0
120700 0
120800 0
120900 0
121000 0
121100 0
121200 0
121300 0
121400 0
121500 0
121600 0
121700 0
121800 0
121900 0
122000 0
122100 0
122200 0
122300 0
122400 1
122500 0
122600 0
122700 0
122800 0
122900 0
123000 0
123100 0
123200 1
123300 0
123400 0
123500 0
123600 0
123700 0
123800 0
123900 0
124000 0
124100 0
124200 0
124300 0
124400 0
124500 0
124600 0
124700 0
124800 0
124900 1
125000 0
125100 0
125200 0
125300 0
125400 1
125500 1
125600 0
125700 0
125800 0
125900 0
126000 1
126100 0
126200 0
126300 0
126400 0
126500 0
126600 0
126700 1
126800 0
126900 1
127000 0
127100 0
127200 0
127300 0
127400 0
127500 0
127600 1
127700 1
127800 1
127900 0
128000 8
128100 100
128200 404
128300 594
128400 226
128500 30
128600 0
128700 0
128800 1
128900 0
129000 1
129100 0
129200 0
129300 0
129400 1
129500 0
129600 2
129700 0
129800 0
129900 0
130000 0
130100 0
130200 0
130300 1
130400 0
130500 0
130600 0
130700 0
130800 0
130900 0
131000 0
131100 0
131200 0
131300 0
131400 0
131500 0
131600 0
131700 0
131800 0
131900 0
132000 0
132100 0
132200 0
132300 0
132400 0
132500 0
132600 0
132700 0
132800 1
132900 0
133000 0
133100 2
133200 4
133300 0
133400 0
133500 0
133600 0
133700 0
133800 0
133900 1
134000 0
134100 0
134200 0
134300 0
134400 0
134500 0
134600 0
134700 1
134800 0
134900 0
135000 0
135100 0
135200 0
135300 0
135400 0
135500 0
135600 0
135700 0
135800 0
135900 0
136000 0
136100 0
136200 1
136300 0
136400 1
136500 0
136600 0
136700 1
136800 0
136900 0
137000 0
137100 0
137200 0
137300 0
137400 0
137500 0
137600 0
137700 0
137800 0
137900 0
138000 0
138100 1
138200 0
138300 0
138400 0
138500 0
138600 0
138700 0
138800 0
138900 0
139000 0
139100 0
139200 1
139300 0
139400 0
139500 0
139600 0
139700 0
139800 0
139900 0
140000 0
140100 0
140200 0
140300 0
140400 0
140500 0
140600 0
140700 0
140800 0
140900 2
141000 0
141100 1
141200 31
141300 276
141400 587
141500 376
141600 80
141700 3
141800 0
141900 0
142000 0
142100 1
142200 0
142300 0
142400 0
142500 0
142600 0
142700 0
142800 0
142900 0
143000 1
143100 0
143200 0
143300 0
143400 0
143500 0
143600 1
143700 0
143800 0
143900 1
144000 0
144100 0
144200 0
144300 0
144400 0
144500 0
144600 0
144700 0
144800 0
144900 0
145000 0
145100 0
145200 0
145300 0
145400 0
145500 0
145600 0
145700 0
145800 0
145900 1
146000 0
146100 0
146200 2
146300 2
146400 0
146500 0
146600 0
146700 0
146800 0
146900 0
147000 0
147100 0
147200 0
147300 0
147400 0
147500 0
147600 0
147700 0
147800 0
147900 1
148000 1
148100 1
148200 0
148300 0
148400 0
148500 0
148600 0
148700 0
148800 0
148900 0
149000 0
149100 0
149200 1
149300 0
149400 1
149500 0
149600 0
149700 1
149800 0
149900 0
150000 0
150100 0
150200 0
150300 1
150400 0
150500 0
150600 0
150700 0
150800 1
150900 0
151000 0
151100 1
151200 1
151300 0
151400 0
151500 0
151600 0
151700 0
151800 0
151900 0
152000 0
152100 0
152200 0
152300 0
152400 0
152500 0
152600 0
152700 0
152800 0
152900 2
153000 0
153100 0
153200 0
153300 0
153400 0
153500 1
153600 0
153700 0
153800 0
153900 0
154000 0
154100 0
154200 1
154300 19
154400 136
154500 500
154600 481
154700 137
154800 23
154900 1
155000 0
155100 1
155200 0
155300 0
155400 0
155500 0
155600 0
155700 0
155800 1
155900 1
156000 0
156100 0
156200 1
156300 0
156400 0
156500 0
156600 0
156700 0
156800 0
156900 0
157000 0
157100 0
157200 0
157300 0
157400 0
157500 0
157600 0
157700 0
157800 0
157900 1
158000 0
158100 0
158200 0
158300 0
158400 0
158500 0
158600 0
158700 0
158800 0
158900 0
159000 1
159100 0
159200 1
159300 1
159400 7
159500 4
159600 1
159700 0
159800 0
159900 0
160000 0
160100 1
160200 0
160300 0
160400 0
160500 0
160600 0
160700 0
160800 0
160900 0
161000 0
161100 0
161200 0
161300 1
161400 0
161500 0
161600 0
161700 1
161800 0
161900 0
162000 0
162100 0
162200 2
162300 0
162400 0
162500 0
162600 0
162700 0
162800 0
162900 0
163000 0
163100 0
163200 1
163300 0
163400 1
163500 0
163600 0
163700 0
163800 0
163900 0
164000 0
164100 0
164200 1
164300 1
164400 0
164500 0
164600 0
164700 0
164800 0
164900 1
165000 0
165100 0
165200 0
165300 0
165400 1
165500 0
165600 0
165700 0
165800 0
165900 1
166000 0
166100 1
166200 1
166300 0
166400 0
166500 0
166600 1
166700 0
166800 0
166900 0
167000 0
167100 0
167200 0
167300 0
167400 5
167500 63
167600 405
167700 561
167800 249
167900 35
168000 0
168100 0
168200 1
168300 0
168400 1
168500 0
168600 0
168700 0
168800 0
168900 0
169000 1
169100 1
169200 0
169300 2
169400 0
169500 0
169600 0
169700 0
169800 0
169900 0
170000 0
170100 0
170200 0
170300 0
170400 0
170500 0
170600 0
170700 0
170800 0
170900 0
171000 0
171100 0
171200 0
171300 0
171400 0
171500 0
171600 0
171700 0
171800 0
171900 0
172000 0
172100 0
172200 1
172300 0
172400 0
172500 2
172600 3
172700 4
172800 0
172900 0
173000 1
173100 0
173200 0
173300 0
173400 0
173500 0
173600 0
173700 0
173800 0
173900 0
174000 1
174100 0
174200 0
174300 0
174400 0
174500 1
174600 1
174700 0
174800 0
174900 0
175000 0
175100 1
175200 0
175300 0
175400 0
175500 0
175600 0
175700 0
175800 0
175900 0
176000 0
176100 0
176200 0
176300 0
176400 0
176500 0
176600 0
176700 0
176800 0
176900 0
177000 0
177100 0
177200 0
177300 1
177400 0
177500 1
177600 0
177700 0
177800 0
177900 0
178000 0
178100 0
178200 0
178300 0
178400 0
178500 0
178600 0
178700 0
178800 0
178900 0
179000 0
179100 0
179200 0
179300 0
179400 1
179500 0
179600 0
179700 0
179800 0
179900 0
180000 0
180100 0
180200 1
180300 0
180400 0
180500 2
180600 26
180700 233
180800 620
180900 366
181000 84
181100 5
181200 1
181300 1
181400 0
181500 0
181600 0
181700 0
181800 0
181900 0
182000 0
182100 0
182200 1
182300 0
182400 2
182500 2
182600 1
182700 0
182800 0
182900 0
183000 0
183100 1
183200 0
183300 0
183400 0
183500 0
183600 0
183700 0
183800 0
183900 1
184000 0
184100 1
184200 0
184300 1
184400 0
184500 0
184600 0
184700 0
184800 0
184900 0
185000 0
185100 0
185200 0
185300 0
185400 0
185500 0
185600 2
185700 2
185800 2
185900 0
186000 0
186100 0
186200 1
186300 0
186400 0
186500 0
186600 0
186700 1
186800 0
186900 0
187000 0
187100 0
187200 1
187300 0
187400 1
187500 0
187600 0
187700 0
187800 0
187900 0
188000 0
188100 0
188200 0
188300 0
188400 1
188500 0
188600 1
188700 0
188800 0
188900 0
189000 0
189100 0
189200 1
189300 1
189400 0
189500 1
189600 1
189700 0
189800 0
189900 0
190000 0
190100 0
190200 0
190300 0
190400 1
190500 2
190600 0
190700 0
190800 0
190900 0
191000 1
191100 0
191200 0
191300 0
191400 0
191500 0
191600 0
191700 0
191800 0
191900 0
192000 0
192100 0
192200 0
192300 0
192400 0
192500 0
192600 0
192700 0
192800 0
192900 0
193000 0
193100 1
193200 0
193300 0
193400 0
193500 0
193600 1
193700 11
193800 102
193900 443
194000 552
194100 175
194200 22
194300 1
194400 0
194500 0
194600 0
194700 0
194800 0
194900 1
195000 0
195100 0
195200 0
195300 0
195400 0
195500 0
195600 1
195700 0
195800 0
195900 0
196000 0
196100 0
196200 0
196300 0
196400 0
196500 0
196600 1
196700 0
196800 2
196900 1
197000 0
197100 0
197200 1
197300 0
197400 0
197500 1
197600 1
197700 0
197800 0
197900 0
198000 0
198100 0
198200 0
198300 0
198400 0
198500 0
198600 0
198700 2
198800 4
198900 1
199000 1
199100 0
199200 0
199300 0
199400 0
199500 0
199600 1
199700 0
199800 1
199900 2
200000 1
200100 0
200200 0
200300 0
200400 1
200500 0
200600 0
200700 0
200800 0
200900 0
201000 0
201100 0
201200 0
201300 0
201400 0
201500 0
201600 0
201700 0
201800 0
201900 1
202000 0
202100 0
202200 0
202300 0
202400 0
202500 0
202600 0
202700 0
202800 0
202900 0
203000 0
203100 0
203200 0
203300 0
203400 0
203500 0
203600 0
203700 1
203800 0
203900 0
204000 1
204100 0
204200 0
204300 0
204400 0
204500 0
204600 0
204700 0
204800 0
204900 0
205000 1
205100 0
205200 0
205300 0
205400 1
205500 0
205600 0
205700 0
205800 1
205900 0
206000 0
206100 0
206200 0
206300 0
206400 0
206500 0
206600 0
206700 2
206800 5
206900 49
207000 328
207100 588
207200 256
207300 36
207400 2
207500 1
207600 0
207700 0
207800 0
207900 0
208000 1
208100 0
208200 0
208300 0
208400 0
208500 0
208600 1
208700 0
208800 1
208900 0
209000 0
209100 0
209200 0
209300 1
209400 0
209500 0
209600 0
209700 0
209800 0
209900 0
210000 0
210100 0
210200 0
210300 0
210400 0
210500 0
210600 0
210700 1
210800 0
210900 0
211000 0
211100 0
211200 0
211300 0
211400 0
211500 0
211600 0
211700 1
211800 0
211900 2
212000 3
212100 0
212200 0
212300 0
212400 0
212500 0
212600 0
212700 0
212800 1
212900 0
213000 0
213100 0
213200 0
213300 0
213400 0
213500 0
213600 0
213700 0
213800 0
213900 0
214000 0
214100 0
214200 0
214300 0
214400 0
214500 0
214600 0
214700 1
214800 0
214900 0
215000 0
215100 0
215200 0
215300 0
215400 0
215500 0
215600 0
215700 0
215800 1
215900 0
216000 0
216100 0
216200 0
216300 0
216400 3
216500 0
216600 0
216700 1
216800 0
216900 0
217000 1
217100 0
217200 0
217300 0
217400 1
217500 0
217600 0
217700 0
217800 0
217900 0
218000 0
218100 0
218200 0
218300 0
218400 0
218500 0
218600 0
218700 0
218800 0
218900 0
219000 1
219100 0
219200 0
219300 0
219400 0
219500 0
219600 0
219700 0
219800 0
219900 2
220000 29
220100 184
220200 602
220300 383
220400 95
220500 12
220600 0
220700 1
220800 0
220900 0
221000 0
221100 0
221200 1
221300 0
221400 0
221500 0
221600 1
221700 1
221800 0
221900 0
222000 0
222100 0
222200 0
222300 0
222400 0
222500 0
222600 0
222700 0
222800 0
222900 1
223000 0
223100 0
223200 0
223300 1
223400 0
223500 0
223600 0
223700 0
223800 0
223900 0
224000 0
224100 0
224200 0
224300 0
224400 0
224500 0
224600 0
224700 0
224800 0
224900 1
225000 3
225100 3
225200 4
225300 0
225400 0
225500 0
225600 0
225700 0
225800 0
225900 0
226000 0
226100 0
226200 0
226300 0
226400 0
226500 0
226600 0
226700 1
226800 0
226900 0
227000 1
227100 0
227200 0
227300 1
227400 1
227500 0
227600 0
227700 0
227800 0
227900 0
228000 1
228100 0
228200 0
228300 0
228400 0
228500 0
228600 1
228700 0
228800 0
228900 0
229000 0
229100 0
229200 0
229300 0
229400 0
229500 0
229600 0
229700 0
229800 0
229900 0
230000 0
230100 1
230200 0
230300 0
230400 1
230500 0
230600 0
230700 0
230800 0
230900 0
231000 0
231100 1
231200 0
231300 0
231400 0
231500 0
231600 0
231700 0
231800 1
231900 0
232000 0
232100 0
232200 0
232300 1
232400 0
232500 0
232600 1
232700 1
232800 0
232900 0
233000 0
233100 15
233200 150
233300 493
233400 492
233500 140
233600 15
233700 1
233800 0
233900 0
234000 0
234100 0
234200 0
234300 1
234400 0
234500 1
234600 0
234700 0
234800 0
234900 0
235000 0
235100 0
235200 0
235300 0
235400 0
235500 0
235600 0
235700 0
235800 0
235900 0
236000 0
236100 0
236200 0
236300 0
236400 0
236500 0
236600 0
236700 0
236800 0
236900 0
237000 1
237100 1
237200 0
237300 2
237400 0
237500 0
237600 1
237700 1
237800 0
237900 0
238000 1
238100 0
238200 4
238300 1
238400 2
238500 0
238600 0
238700 0
238800 0
238900 1
239000 0
239100 1
239200 0
239300 0
239400 1
239500 0
239600 0
239700 1
239800 0
239900 0
240000 0
240100 0
240200 0
240300 0
240400 0
240500 0
240600 0
240700 1
240800 0
240900 0
241000 0
241100 0
241200 0
241300 0
241400 1
241500 1
241600 0
241700 0
241800 0
241900 0
242000 0
242100 0
242200 0
242300 0
242400 0
242500 0
242600 0
242700 1
242800 0
242900 0
243000 0
243100 0
243200 0
243300 0
243400 0
243500 0
243600 0
243700 2
243800 0
243900 1
244000 0
244100 0
244200 0
244300 0
244400 0
244500 0
244600 0
244700 0
244800 0
244900 0
245000 0
245100 0
245200 1
245300 1
245400 0
245500 0
245600 0
245700 0
245800 0
245900 0
246000 1
246100 0
246200 5
246300 72
246400 357
246500 602
246600 279
246700 47
246800 7
246900 0
247000 0
247100 0
247200 0
247300 0
247400 2
247500 0
247600 0
247700 0
247800 0
247900 0
248000 0
248100 0
248200 0
248300 0
248400 0
248500 0
248600 0
248700 0
248800 0
248900 1
249000 0
249100 0
249200 0
249300 0
249400 0
249500 0
249600 1
249700 0
249800 0
249900 0
250000 0
250100 0
250200 2
250300 0
250400 0
250500 0
250600 0
250700 0
250800 0
250900 0
251000 0
251100 0
251200 1
251300 3
251400 5
251500 2
251600 0
251700 0
251800 0
251900 0
252000 0
252100 0
252200 0
252300 0
252400 0
252500 0
252600 0
252700 1
252800 0
252900 0
253000 0
253100 0
253200 0
253300 0
253400 0
253500 0
253600 0
253700 0
253800 0
253900 0
254000 0
254100 0
254200 1
254300 0
254400 0
254500 0
254600 0
254700 0
254800 0
254900 0
255000 2
255100 0
255200 0
255300 0
255400 0
255500 0
255600 0
255700 0
255800 1
255900 0
256000 0
256100 0
256200 0
256300 0
256400 0
256500 1
256600 0
256700 0
256800 0
256900 0
257000 0
257100 0
257200 0
257300 0
257400 0
257500 0
257600 0
257700 0
257800 0
257900 0
258000 1
258100 0
258200 0
258300 0
258400 0
258500 0
258600 0
258700 0
258800 0
258900 0
259000 0
259100 0
259200 0
259300 2
259400 25
259500 181
259600 582
259700 459
259800 87
259900 9
260000 0
260100 1
260200 0
260300 0
260400 0
260500 0
260600 0
260700 0
260800 0
260900 0
261000 1
261100 0
261200 0
261300 0
261400 1
261500 0
261600 0
261700 0
261800 0
261900 0
262000 0
262100 0
262200 0
262300 0
262400 0
262500 0
262600 0
262700 0
262800 0
262900 0
263000 0
263100 0
263200 0
263300 0
263400 0
263500 0
263600 0
263700 0
263800 0
263900 0
264000 0
264100 0
264200 0
264300 1
264400 2
264500 4
264600 1
264700 1
264800 0
264900 0
265000 0
265100 0
265200 0
265300 0
265400 0
265500 0
265600 0
265700 0
265800 0
265900 1
266000 0
266100 1
266200 0
266300 0
266400 0
266500 0
266600 0
266700 1
266800 0
266900 1
267000 0
267100 0
267200 0
267300 0
267400 0
267500 0
267600 0
267700 0
267800 1
267900 0
268000 0
268100 0
268200 0
268300 0
268400 0
268500 0
268600 1
268700 0
268800 0
268900 0
269000 0
269100 0
269200 0
269300 0
269400 1
269500 0
269600 0
269700 1
269800 0
269900 0
270000 1
270100 0
270200 0
270300 0
270400 0
270500 1
270600 1
270700 0
270800 0
270900 0
271000 0
271100 0
271200 1
271300 0
271400 0
271500 1
271600 0
271700 0
271800 0
271900 0
272000 0
272100 0
272200 0
272300 1
272400 0
272500 17
272600 136
272700 469
272800 571
272900 186
273000 24
273100 1
273200 0
273300 0
273400 0
273500 0
273600 0
273700 0
273800 0
273900 0
274000 1
274100 0
274200 0
274300 0
274400 0
274500 0
274600 0
274700 0
274800 0
274900 0
275000 0
275100 0
275200 0
275300 0
275400 1
275500 1
275600 1
275700 0
275800 0
275900 0
276000 1
276100 0
276200 0
276300 0
276400 1
276500 0
276600 0
276700 0
276800 1
276900 0
277000 0
277100 0
277200 1
277300 0
277400 0
277500 0
277600 5
277700 2
277800 2
277900 0
278000 0
278100 1
278200 0
278300 0
278400 0
278500 0
278600 0
278700 0
278800 1
278900 0
279000 0
279100 0
279200 0
279300 0
279400 0
279500 0
279600 0
279700 0
279800 0
279900 0
280000 0
280100 0
280200 0
280300 0
280400 0
280500 0
280600 0
280700 0
280800 0
280900 0
281000 0
281100 0
281200 0
281300 0
281400 0
281500 0
281600 0
281700 0
281800 0
281900 0
282000 0
282100 0
282200 0
282300 0
282400 0
282500 0
282600 0
282700 0
282800 0
282900 0
283000 0
283100 0
283200 1
283300 0
283400 1
283500 1
283600 0
283700 0
283800 0
283900 0
284000 0
284100 0
284200 0
284300 0
284400 0
284500 0
284600 0
284700 1
284800 0
284900 0
285000 1
285100 1
285200 0
285300 0
285400 1
285500 0
285600 7
285700 70
285800 360
285900 576
286000 292
286100 40
286200 1
286300 0
286400 0
286500 0
286600 0
286700 0
286800 0
286900 0
287000 0
287100 0
287200 0
287300 0
287400 0
287500 0
287600 1
287700 0
287800 1
287900 1
288000 0
288100 0
288200 0
288300 0
288400 0
288500 0
288600 0
288700 0
288800 0
288900 0
289000 0
289100 0
289200 0
289300 0
289400 0
289500 0
289600 0
289700 0
289800 0
289900 0
290000 0
290100 1
290200 0
290300 0
290400 0
290500 1
290600 0
290700 1
290800 3
290900 0
291000 1
291100 0
291200 0
291300 0
291400 0
291500 0
291600 0
291700 0
291800 1
291900 1
292000 0
292100 0
292200 0
292300 0
292400 0
292500 0
292600 1
292700 0
292800 0
292900 0
293000 0
293100 0
293200 0
293300 0
293400 1
293500 0
293600 0
293700 0
293800 0
293900 0
294000 1
294100 0
294200 0
294300 0
294400 0
294500 0
294600 0
294700 0
294800 0
294900 0
295000 0
295100 0
295200 0
295300 0
295400 0
295500 0
295600 1
295700 0
295800 0
295900 0
296000 0
296100 0
296200 0
296300 0
296400 0
296500 0
296600 0
296700 0
296800 0
296900 0
297000 0
297100 0
297200 0
297300 0
297400 1
297500 1
297600 0
297700 0
297800 0
297900 0
298000 1
298100 0
298200 0
298300 0
298400 0
298500 1
298600 1
298700 3
298800 39
298900 211
299000 545
299100 408
299200 125
299300 11
299400 1
299500 0
299600 0
299700 0
299800 0
299900 0
300000 0
300100 1
300200 0
300300 0
300400 0
300500 0
300600 0
300700 0
300800 0
300900 0
301000 0
301100 0
301200 0
301300 0
301400 0
301500 0
301600 0
301700 1
301800 0
301900 0
302000 0
302100 0
302200 0
302300 1
302400 0
302500 0
302600 1
302700 0
302800 0
302900 0
303000 0
303100 0
303200 0
303300 0
303400 0
303500 0
303600 0
303700 0
303800 2
303900 3
304000 3
304100 0
304200 0
304300 0
304400 0
304500 1
304600 0
304700 1
304800 0
304900 0
305000 0
305100 0
305200 0
305300 0
305400 0
305500 0
305600 0
305700 0
305800 0
305900 0
306000 0
306100 0
306200 0
306300 0
306400 0
306500 0
306600 0
306700 0
306800 0
306900 0
307000 1
307100 0
307200 0
307300 0
307400 0
307500 0
307600 0
307700 0
307800 0
307900 0
308000 1
308100 1
308200 0
308300 0
308400 0
308500 0
308600 0
308700 0
308800 0
308900 2
309000 0
309100 1
309200 0
309300 0
309400 0
309500 0
309600 0
309700 0
309800 0
309900 0
