-290000 0
-289900 0
-289800 0
-289700 0
-289600 0
-289500 0
-289400 0
-289300 0
-289200 2
-289100 0
-289000 1
-288900 0
-288800 0
-288700 0
-288600 0
-288500 0
-288400 1
-288300 0
-288200 1
-288100 1
-288000 0
-287900 0
-287800 1
-287700 0
-287600 0
-287500 1
-287400 1
-287300 17
-287200 40
-287100 34
-287000 14
-286900 3
-286800 0
-286700 2
-286600 1
-286500 0
-286400 0
-286300 0
-286200 0
-286100 1
-286000 1
-285900 3
-285800 0
-285700 0
-285600 0
-285500 1
-285400 2
-285300 1
-285200 0
-285100 1
-285000 0
-284900 0
-284800 0
-284700 0
-284600 0
-284500 0
-284400 0
-284300 0
-284200 0
-284100 0
-284000 1
-283900 0
-283800 0
-283700 0
-283600 0
-283500 1
-283400 0
-283300 0
-283200 0
-283100 0
-283000 0
-282900 0
-282800 0
-282700 0
-282600 0
-282500 0
-282400 0
-282300 1
-282200 2
-282100 1
-282000 1
-281900 0
-281800 1
-281700 1
-281600 1
-281500 0
-281400 0
-281300 0
-281200 1
-281100 0
-281000 0
-280900 1
-280800 0
-280700 0
-280600 3
-280500 4
-280400 3
-280300 0
-280200 0
-280100 1
-280000 0
-279900 0
-279800 1
-279700 1
-279600 2
-279500 5
-279400 6
-279300 12
-279200 58
-279100 665
-279000 3656
-278900 6329
-278800 3526
-278700 625
-278600 51
-278500 12
-278400 4
-278300 2
-278200 1
-278100 0
-278000 0
-277900 0
-277800 1
-277700 3
-277600 0
-277500 1
-277400 4
-277300 2
-277200 2
-277100 1
-277000 1
-276900 0
-276800 0
-276700 0
-276600 0
-276500 0
-276400 0
-276300 0
-276200 0
-276100 1
-276000 2
-275900 0
-275800 0
-275700 0
-275600 0
-275500 0
-275400 2
-275300 0
-275200 1
-275100 0
-275000 1
-274900 0
-274800 0
-274700 0
-274600 1
-274500 0
-274400 0
-274300 1
-274200 5
-274100 24
-274000 42
-273900 17
-273800 5
-273700 2
-273600 1
-273500 0
-273400 0
-273300 0
-273200 1
-273100 0
-273000 0
-272900 0
-272800 0
-272700 0
-272600 0
-272500 0
-272400 0
-272300 0
-272200 0
-272100 0
-272000 0
-271900 0
-271800 0
-271700 1
-271600 1
-271500 0
-271400 1
-271300 0
-271200 0
-271100 0
-271000 0
-270900 0
-270800 0
-270700 0
-270600 0
-270500 1
-270400 1
-270300 0
-270200 0
-270100 0
-270000 0
-269900 0
-269800 0
-269700 1
-269600 0
-269500 1
-269400 0
-269300 0
-269200 2
-269100 1
-269000 2
-268900 0
-268800 0
-268700 0
-268600 0
-268500 1
-268400 0
-268300 1
-268200 0
-268100 0
-268000 0
-267900 0
-267800 0
-267700 0
-267600 0
-267500 2
-267400 0
-267300 1
-267200 1
-267100 0
-267000 0
-266900 0
-266800 0
-266700 0
-266600 0
-266500 0
-266400 4
-266300 3
-266200 12
-266100 24
-266000 311
-265900 2332
-265800 6100
-265700 4872
-265600 1284
-265500 137
-265400 10
-265300 13
-265200 9
-265100 4
-265000 2
-264900 0
-264800 0
-264700 0
-264600 1
-264500 0
-264400 1
-264300 0
-264200 1
-264100 0
-264000 0
-263900 1
-263800 0
-263700 0
-263600 1
-263500 0
-263400 0
-263300 0
-263200 1
-263100 0
-263000 1
-262900 0
-262800 0
-262700 0
-262600 0
-262500 0
-262400 0
-262300 0
-262200 0
-262100 0
-262000 1
-261900 0
-261800 0
-261700 0
-261600 0
-261500 0
-261400 0
-261300 0
-261200 2
-261100 8
-261000 13
-260900 41
-260800 34
-260700 11
-260600 3
-260500 0
-260400 0
-260300 1
-260200 0
-260100 1
-260000 0
-259900 1
-259800 0
-259700 0
-259600 0
-259500 0
-259400 1
-259300 1
-259200 1
-259100 0
-259000 0
-258900 0
-258800 0
-258700 0
-258600 0
-258500 0
-258400 0
-258300 1
-258200 0
-258100 0
-258000 2
-257900 0
-257800 1
-257700 0
-257600 1
-257500 1
-257400 0
-257300 0
-257200 0
-257100 0
-257000 0
-256900 0
-256800 0
-256700 0
-256600 0
-256500 0
-256400 0
-256300 0
-256200 0
-256100 1
-256000 4
-255900 5
-255800 0
-255700 0
-255600 0
-255500 1
-255400 0
-255300 0
-255200 0
-255100 0
-255000 0
-254900 0
-254800 0
-254700 0
-254600 0
-254500 1
-254400 0
-254300 4
-254200 4
-254100 1
-254000 1
-253900 0
-253800 0
-253700 0
-253600 0
-253500 0
-253400 3
-253300 3
-253200 5
-253100 7
-253000 21
-252900 133
-252800 1299
-252700 5217
-252600 5887
-252500 2110
-252400 276
-252300 32
-252200 7
-252100 10
-252000 4
-251900 2
-251800 0
-251700 0
-251600 0
-251500 0
-251400 0
-251300 0
-251200 0
-251100 2
-251000 2
-250900 0
-250800 0
-250700 0
-250600 0
-250500 0
-250400 0
-250300 0
-250200 0
-250100 0
-250000 0
-249900 0
-249800 0
-249700 0
-249600 2
-249500 0
-249400 0
-249300 0
-249200 1
-249100 0
-249000 0
-248900 0
-248800 1
-248700 0
-248600 0
-248500 1
-248400 1
-248300 1
-248200 0
-248100 0
-248000 1
-247900 9
-247800 33
-247700 49
-247600 5
-247500 2
-247400 1
-247300 1
-247200 1
-247100 2
-247000 0
-246900 0
-246800 0
-246700 0
-246600 0
-246500 0
-246400 0
-246300 0
-246200 0
-246100 0
-246000 0
-245900 0
-245800 0
-245700 0
-245600 1
-245500 0
-245400 0
-245300 2
-245200 0
-245100 2
-245000 2
-244900 0
-244800 0
-244700 0
-244600 0
-244500 0
-244400 1
-244300 2
-244200 1
-244100 0
-244000 0
-243900 1
-243800 1
-243700 0
-243600 1
-243500 0
-243400 0
-243300 0
-243200 0
-243100 1
-243000 0
-242900 3
-242800 3
-242700 1
-242600 0
-242500 0
-242400 0
-242300 0
-242200 1
-242100 0
-242000 0
-241900 0
-241800 0
-241700 0
-241600 0
-241500 0
-241400 1
-241300 0
-241200 1
-241100 1
-241000 3
-240900 1
-240800 0
-240700 0
-240600 1
-240500 0
-240400 2
-240300 1
-240200 2
-240100 5
-240000 3
-239900 15
-239800 42
-239700 574
-239600 3277
-239500 6398
-239400 3715
-239300 667
-239200 62
-239100 13
-239000 10
-238900 3
-238800 2
-238700 0
-238600 0
-238500 0
-238400 0
-238300 0
-238200 0
-238100 0
-238000 2
-237900 3
-237800 1
-237700 0
-237600 0
-237500 2
-237400 0
-237300 0
-237200 0
-237100 0
-237000 0
-236900 0
-236800 0
-236700 0
-236600 0
-236500 0
-236400 0
-236300 0
-236200 0
-236100 0
-236000 1
-235900 0
-235800 0
-235700 0
-235600 0
-235500 1
-235400 1
-235300 0
-235200 1
-235100 1
-235000 0
-234900 1
-234800 3
-234700 24
-234600 52
-234500 19
-234400 1
-234300 0
-234200 0
-234100 0
-234000 1
-233900 0
-233800 0
-233700 0
-233600 0
-233500 0
-233400 1
-233300 0
-233200 0
-233100 0
-233000 0
-232900 0
-232800 0
-232700 0
-232600 0
-232500 0
-232400 1
-232300 0
-232200 1
-232100 1
-232000 0
-231900 1
-231800 0
-231700 0
-231600 1
-231500 1
-231400 0
-231300 0
-231200 0
-231100 0
-231000 0
-230900 0
-230800 0
-230700 0
-230600 0
-230500 0
-230400 0
-230300 1
-230200 1
-230100 0
-230000 1
-229900 0
-229800 1
-229700 3
-229600 2
-229500 1
-229400 0
-229300 1
-229200 1
-229100 0
-229000 1
-228900 0
-228800 0
-228700 0
-228600 0
-228500 0
-228400 0
-228300 0
-228200 0
-228100 1
-228000 4
-227900 1
-227800 0
-227700 0
-227600 1
-227500 0
-227400 0
-227300 0
-227200 0
-227100 2
-227000 3
-226900 3
-226800 12
-226700 29
-226600 237
-226500 1962
-226400 5937
-226300 5336
-226200 1401
-226100 139
-226000 17
-225900 12
-225800 4
-225700 1
-225600 0
-225500 0
-225400 0
-225300 1
-225200 1
-225100 0
-225000 0
-224900 0
-224800 4
-224700 2
-224600 0
-224500 0
-224400 0
-224300 0
-224200 0
-224100 0
-224000 0
-223900 0
-223800 0
-223700 0
-223600 0
-223500 0
-223400 0
-223300 1
-223200 0
-223100 0
-223000 0
-222900 0
-222800 0
-222700 0
-222600 1
-222500 2
-222400 1
-222300 0
-222200 1
-222100 0
-222000 1
-221900 0
-221800 0
-221700 7
-221600 22
-221500 50
-221400 28
-221300 8
-221200 2
-221100 1
-221000 1
-220900 0
-220800 1
-220700 0
-220600 0
-220500 1
-220400 1
-220300 1
-220200 0
-220100 0
-220000 0
-219900 0
-219800 1
-219700 1
-219600 1
-219500 1
-219400 1
-219300 1
-219200 0
-219100 0
-219000 0
-218900 0
-218800 2
-218700 0
-218600 0
-218500 0
-218400 0
-218300 0
-218200 0
-218100 0
-218000 0
-217900 0
-217800 0
-217700 0
-217600 0
-217500 1
-217400 2
-217300 0
-217200 0
-217100 0
-217000 0
-216900 0
-216800 0
-216700 3
-216600 0
-216500 2
-216400 0
-216300 1
-216200 0
-216100 0
-216000 0
-215900 0
-215800 1
-215700 0
-215600 0
-215500 0
-215400 0
-215300 0
-215200 0
-215100 1
-215000 0
-214900 1
-214800 1
-214700 1
-214600 0
-214500 2
-214400 1
-214300 2
-214200 0
-214100 0
-214000 1
-213900 1
-213800 5
-213700 11
-213600 28
-213500 120
-213400 1240
-213300 5083
-213200 6044
-213100 2181
-213000 276
-212900 26
-212800 12
-212700 7
-212600 4
-212500 2
-212400 1
-212300 1
-212200 0
-212100 0
-212000 1
-211900 1
-211800 1
-211700 2
-211600 4
-211500 0
-211400 1
-211300 0
-211200 0
-211100 0
-211000 0
-210900 1
-210800 1
-210700 0
-210600 1
-210500 1
-210400 0
-210300 0
-210200 0
-210100 0
-210000 0
-209900 1
-209800 0
-209700 0
-209600 0
-209500 0
-209400 0
-209300 0
-209200 1
-209100 0
-209000 0
-208900 0
-208800 0
-208700 0
-208600 1
-208500 13
-208400 46
-208300 43
-208200 16
-208100 2
-208000 2
-207900 0
-207800 1
-207700 1
-207600 0
-207500 1
-207400 0
-207300 0
-207200 0
-207100 0
-207000 0
-206900 1
-206800 1
-206700 0
-206600 0
-206500 0
-206400 1
-206300 0
-206200 1
-206100 0
-206000 1
-205900 0
-205800 0
-205700 0
-205600 0
-205500 0
-205400 0
-205300 0
-205200 0
-205100 1
-205000 0
-204900 0
-204800 0
-204700 0
-204600 1
-204500 1
-204400 0
-204300 0
-204200 0
-204100 1
-204000 0
-203900 0
-203800 1
-203700 0
-203600 1
-203500 0
-203400 2
-203300 2
-203200 4
-203100 0
-203000 0
-202900 1
-202800 0
-202700 0
-202600 0
-202500 0
-202400 1
-202300 0
-202200 0
-202100 1
-202000 0
-201900 0
-201800 0
-201700 4
-201600 1
-201500 0
-201400 1
-201300 0
-201200 2
-201100 0
-201000 0
-200900 1
-200800 1
-200700 3
-200600 5
-200500 16
-200400 67
-200300 707
-200200 3846
-200100 6633
-200000 3168
-199900 532
-199800 44
-199700 7
-199600 12
-199500 4
-199400 1
-199300 0
-199200 0
-199100 0
-199000 0
-198900 1
-198800 0
-198700 0
-198600 0
-198500 1
-198400 1
-198300 0
-198200 0
-198100 1
-198000 1
-197900 0
-197800 0
-197700 0
-197600 1
-197500 0
-197400 0
-197300 0
-197200 0
-197100 0
-197000 0
-196900 2
-196800 0
-196700 0
-196600 0
-196500 0
-196400 1
-196300 1
-196200 0
-196100 0
-196000 0
-195900 0
-195800 1
-195700 1
-195600 0
-195500 1
-195400 5
-195300 26
-195200 47
-195100 22
-195000 2
-194900 0
-194800 2
-194700 0
-194600 1
-194500 1
-194400 0
-194300 0
-194200 0
-194100 1
-194000 0
-193900 0
-193800 0
-193700 0
-193600 0
-193500 0
-193400 0
-193300 0
-193200 1
-193100 0
-193000 0
-192900 0
-192800 1
-192700 1
-192600 0
-192500 0
-192400 1
-192300 1
-192200 0
-192100 0
-192000 0
-191900 0
-191800 0
-191700 1
-191600 0
-191500 0
-191400 0
-191300 0
-191200 1
-191100 0
-191000 0
-190900 0
-190800 1
-190700 0
-190600 1
-190500 0
-190400 2
-190300 1
-190200 0
-190100 1
-190000 0
-189900 0
-189800 0
-189700 1
-189600 1
-189500 0
-189400 0
-189300 0
-189200 0
-189100 1
-189000 0
-188900 0
-188800 0
-188700 2
-188600 2
-188500 2
-188400 1
-188300 0
-188200 1
-188100 0
-188000 0
-187900 0
-187800 0
-187700 0
-187600 3
-187500 8
-187400 10
-187300 25
-187200 265
-187100 2347
-187000 6109
-186900 5218
-186800 1170
-186700 102
-186600 9
-186500 4
-186400 12
-186300 0
-186200 0
-186100 0
-186000 0
-185900 1
-185800 0
-185700 0
-185600 0
-185500 3
-185400 5
-185300 3
-185200 0
-185100 0
-185000 0
-184900 0
-184800 0
-184700 0
-184600 0
-184500 0
-184400 1
-184300 0
-184200 0
-184100 2
-184000 0
-183900 0
-183800 0
-183700 1
-183600 1
-183500 0
-183400 0
-183300 0
-183200 3
-183100 0
-183000 0
-182900 0
-182800 2
-182700 0
-182600 1
-182500 1
-182400 1
-182300 3
-182200 17
-182100 39
-182000 37
-181900 3
-181800 3
-181700 0
-181600 1
-181500 0
-181400 0
-181300 0
-181200 1
-181100 1
-181000 1
-180900 2
-180800 0
-180700 0
-180600 0
-180500 0
-180400 0
-180300 0
-180200 0
-180100 0
-180000 1
-179900 0
-179800 0
-179700 0
-179600 0
-179500 1
-179400 0
-179300 0
-179200 0
-179100 1
-179000 0
-178900 0
-178800 1
-178700 0
-178600 2
-178500 0
-178400 0
-178300 0
-178200 0
-178100 2
-178000 3
-177900 0
-177800 1
-177700 0
-177600 0
-177500 0
-177400 0
-177300 0
-177200 1
-177100 0
-177000 2
-176900 1
-176800 1
-176700 0
-176600 0
-176500 0
-176400 0
-176300 1
-176200 0
-176100 1
-176000 0
-175900 0
-175800 0
-175700 1
-175600 3
-175500 2
-175400 1
-175300 4
-175200 1
-175100 1
-175000 0
-174900 0
-174800 1
-174700 0
-174600 1
-174500 1
-174400 3
-174300 11
-174200 27
-174100 103
-174000 1084
-173900 4799
-173800 6525
-173700 2390
-173600 292
-173500 20
-173400 4
-173300 2
-173200 3
-173100 0
-173000 0
-172900 0
-172800 0
-172700 0
-172600 0
-172500 0
-172400 1
-172300 0
-172200 1
-172100 2
-172000 1
-171900 2
-171800 0
-171700 0
-171600 0
-171500 0
-171400 0
-171300 0
-171200 0
-171100 0
-171000 1
-170900 0
-170800 0
-170700 0
-170600 0
-170500 0
-170400 0
-170300 2
-170200 1
-170100 0
-170000 0
-169900 0
-169800 0
-169700 1
-169600 0
-169500 1
-169400 1
-169300 1
-169200 2
-169100 10
-169000 54
-168900 36
-168800 7
-168700 1
-168600 2
-168500 0
-168400 0
-168300 0
-168200 0
-168100 0
-168000 0
-167900 0
-167800 0
-167700 0
-167600 1
-167500 0
-167400 0
-167300 0
-167200 0
-167100 1
-167000 0
-166900 0
-166800 0
-166700 0
-166600 0
-166500 0
-166400 0
-166300 0
-166200 1
-166100 0
-166000 1
-165900 0
-165800 1
-165700 0
-165600 0
-165500 0
-165400 0
-165300 0
-165200 0
-165100 0
-165000 0
-164900 1
-164800 1
-164700 1
-164600 0
-164500 0
-164400 0
-164300 0
-164200 0
-164100 2
-164000 2
-163900 0
-163800 0
-163700 1
-163600 0
-163500 1
-163400 0
-163300 0
-163200 0
-163100 0
-163000 0
-162900 0
-162800 0
-162700 0
-162600 0
-162500 1
-162400 8
-162300 19
-162200 9
-162100 5
-162000 0
-161900 0
-161800 0
-161700 0
-161600 1
-161500 1
-161400 2
-161300 1
-161200 11
-161100 14
-161000 37
-160900 513
-160800 3317
-160700 6606
-160600 3978
-160500 695
-160400 55
-160300 6
-160200 4
-160100 3
-160000 1
-159900 0
-159800 0
-159700 1
-159600 0
-159500 0
-159400 0
-159300 0
-159200 3
-159100 3
-159000 4
-158900 0
-158800 1
-158700 0
-158600 1
-158500 0
-158400 0
-158300 0
-158200 1
-158100 0
-158000 0
-157900 0
-157800 2
-157700 0
-157600 0
-157500 0
-157400 1
-157300 2
-157200 0
-157100 2
-157000 0
-156900 0
-156800 0
-156700 0
-156600 0
-156500 1
-156400 1
-156300 0
-156200 0
-156100 0
-156000 3
-155900 25
-155800 48
-155700 26
-155600 3
-155500 0
-155400 0
-155300 0
-155200 0
-155100 1
-155000 0
-154900 0
-154800 2
-154700 1
-154600 0
-154500 0
-154400 0
-154300 1
-154200 0
-154100 0
-154000 0
-153900 0
-153800 0
-153700 0
-153600 0
-153500 0
-153400 0
-153300 1
-153200 0
-153100 0
-153000 1
-152900 0
-152800 0
-152700 0
-152600 1
-152500 0
-152400 0
-152300 0
-152200 0
-152100 0
-152000 0
-151900 0
-151800 0
-151700 1
-151600 0
-151500 1
-151400 0
-151300 1
-151200 0
-151100 0
-151000 3
-150900 0
-150800 0
-150700 0
-150600 1
-150500 0
-150400 2
-150300 0
-150200 0
-150100 0
-150000 0
-149900 1
-149800 2
-149700 0
-149600 0
-149500 0
-149400 0
-149300 0
-149200 1
-149100 0
-149000 0
-148900 1
-148800 0
-148700 0
-148600 1
-148500 1
-148400 1
-148300 0
-148200 4
-148100 7
-148000 10
-147900 19
-147800 204
-147700 1988
-147600 5965
-147500 5379
-147400 1382
-147300 116
-147200 15
-147100 6
-147000 2
-146900 1
-146800 0
-146700 1
-146600 0
-146500 1
-146400 0
-146300 0
-146200 0
-146100 1
-146000 2
-145900 2
-145800 0
-145700 1
-145600 0
-145500 0
-145400 2
-145300 0
-145200 0
-145100 0
-145000 0
-144900 0
-144800 0
-144700 0
-144600 0
-144500 0
-144400 0
-144300 2
-144200 0
-144100 0
-144000 0
-143900 1
-143800 1
-143700 0
-143600 0
-143500 2
-143400 0
-143300 0
-143200 0
-143100 1
-143000 0
-142900 1
-142800 15
-142700 59
-142600 33
-142500 7
-142400 2
-142300 2
-142200 0
-142100 0
-142000 0
-141900 0
-141800 1
-141700 1
-141600 0
-141500 0
-141400 1
-141300 0
-141200 0
-141100 0
-141000 0
-140900 0
-140800 0
-140700 0
-140600 0
-140500 0
-140400 0
-140300 0
-140200 0
-140100 0
-140000 0
-139900 0
-139800 0
-139700 0
-139600 0
-139500 0
-139400 0
-139300 0
-139200 0
-139100 0
-139000 0
-138900 0
-138800 0
-138700 0
-138600 2
-138500 0
-138400 1
-138300 1
-138200 0
-138100 1
-138000 2
-137900 0
-137800 2
-137700 2
-137600 1
-137500 0
-137400 0
-137300 0
-137200 0
-137100 0
-137000 0
-136900 0
-136800 0
-136700 0
-136600 0
-136500 0
-136400 0
-136300 0
-136200 1
-136100 3
-136000 3
-135900 1
-135800 1
-135700 0
-135600 0
-135500 0
-135400 0
-135300 1
-135200 0
-135100 4
-135000 4
-134900 5
-134800 15
-134700 86
-134600 914
-134500 4363
-134400 6480
-134300 2669
-134200 342
-134100 39
-134000 12
-133900 9
-133800 4
-133700 0
-133600 0
-133500 0
-133400 0
-133300 1
-133200 0
-133100 0
-133000 1
-132900 2
-132800 3
-132700 2
-132600 0
-132500 0
-132400 1
-132300 1
-132200 1
-132100 0
-132000 0
-131900 0
-131800 0
-131700 0
-131600 0
-131500 0
-131400 1
-131300 1
-131200 1
-131100 0
-131000 0
-130900 0
-130800 0
-130700 0
-130600 0
-130500 0
-130400 0
-130300 0
-130200 0
-130100 0
-130000 0
-129900 1
-129800 1
-129700 14
-129600 31
-129500 49
-129400 13
-129300 3
-129200 1
-129100 0
-129000 0
-128900 0
-128800 0
-128700 1
-128600 0
-128500 0
-128400 0
-128300 0
-128200 0
-128100 0
-128000 1
-127900 1
-127800 0
-127700 0
-127600 0
-127500 0
-127400 0
-127300 0
-127200 0
-127100 0
-127000 0
-126900 0
-126800 0
-126700 0
-126600 1
-126500 0
-126400 0
-126300 0
-126200 0
-126100 0
-126000 0
-125900 0
-125800 2
-125700 2
-125600 0
-125500 0
-125400 0
-125300 0
-125200 0
-125100 0
-125000 0
-124900 1
-124800 1
-124700 1
-124600 0
-124500 0
-124400 0
-124300 0
-124200 0
-124100 0
-124000 0
-123900 0
-123800 1
-123700 0
-123600 0
-123500 0
-123400 0
-123300 0
-123200 0
-123100 0
-123000 1
-122900 0
-122800 0
-122700 0
-122600 1
-122500 0
-122400 0
-122300 0
-122200 0
-122100 0
-122000 2
-121900 6
-121800 5
-121700 13
-121600 48
-121500 388
-121400 2873
-121300 6533
-121200 4037
-121100 748
-121000 69
-120900 7
-120800 14
-120700 5
-120600 2
-120500 0
-120400 1
-120300 0
-120200 0
-120100 1
-120000 0
-119900 0
-119800 1
-119700 1
-119600 1
-119500 1
-119400 0
-119300 0
-119200 0
-119100 0
-119000 0
-118900 1
-118800 0
-118700 0
-118600 0
-118500 1
-118400 1
-118300 0
-118200 0
-118100 0
-118000 1
-117900 0
-117800 0
-117700 1
-117600 0
-117500 0
-117400 0
-117300 0
-117200 1
-117100 0
-117000 0
-116900 0
-116800 0
-116700 1
-116600 2
-116500 22
-116400 45
-116300 27
-116200 12
-116100 3
-116000 3
-115900 0
-115800 0
-115700 1
-115600 0
-115500 0
-115400 0
-115300 0
-115200 0
-115100 0
-115000 0
-114900 0
-114800 0
-114700 0
-114600 0
-114500 0
-114400 0
-114300 1
-114200 2
-114100 1
-114000 1
-113900 0
-113800 1
-113700 0
-113600 1
-113500 0
-113400 1
-113300 2
-113200 0
-113100 1
-113000 0
-112900 1
-112800 0
-112700 1
-112600 2
-112500 0
-112400 0
-112300 0
-112200 0
-112100 0
-112000 1
-111900 1
-111800 0
-111700 0
-111600 1
-111500 3
-111400 0
-111300 0
-111200 2
-111100 2
-111000 0
-110900 1
-110800 0
-110700 1
-110600 0
-110500 0
-110400 0
-110300 0
-110200 2
-110100 0
-110000 0
-109900 0
-109800 1
-109700 2
-109600 1
-109500 1
-109400 0
-109300 0
-109200 0
-109100 1
-109000 1
-108900 0
-108800 4
-108700 7
-108600 7
-108500 20
-108400 211
-108300 1786
-108200 6023
-108100 5520
-108000 1385
-107900 144
-107800 8
-107700 12
-107600 8
-107500 2
-107400 3
-107300 0
-107200 0
-107100 0
-107000 0
-106900 0
-106800 0
-106700 1
-106600 4
-106500 0
-106400 0
-106300 0
-106200 0
-106100 2
-106000 0
-105900 0
-105800 0
-105700 0
-105600 0
-105500 1
-105400 0
-105300 0
-105200 1
-105100 0
-105000 1
-104900 0
-104800 0
-104700 0
-104600 0
-104500 0
-104400 0
-104300 0
-104200 0
-104100 0
-104000 1
-103900 0
-103800 1
-103700 0
-103600 0
-103500 0
-103400 10
-103300 37
-103200 28
-103100 5
-103000 1
-102900 2
-102800 0
-102700 0
-102600 0
-102500 0
-102400 0
-102300 0
-102200 1
-102100 0
-102000 0
-101900 0
-101800 1
-101700 0
-101600 0
-101500 1
-101400 0
-101300 0
-101200 0
-101100 0
-101000 0
-100900 1
-100800 1
-100700 0
-100600 0
-100500 0
-100400 0
-100300 1
-100200 0
-100100 0
-100000 0
-99900 0
-99800 0
-99700 0
-99600 0
-99500 0
-99400 0
-99300 1
-99200 0
-99100 1
-99000 1
-98900 0
-98800 0
-98700 0
-98600 0
-98500 0
-98400 1
-98300 1
-98200 0
-98100 0
-98000 0
-97900 0
-97800 0
-97700 0
-97600 0
-97500 0
-97400 0
-97300 0
-97200 1
-97100 0
-97000 0
-96900 0
-96800 0
-96700 2
-96600 6
-96500 1
-96400 0
-96300 0
-96200 0
-96100 0
-96000 0
-95900 0
-95800 0
-95700 4
-95600 4
-95500 7
-95400 9
-95300 63
-95200 657
-95100 3929
-95000 6768
-94900 3093
-94800 416
-94700 31
-94600 7
-94500 5
-94400 2
-94300 1
-94200 0
-94100 0
-94000 2
-93900 0
-93800 0
-93700 0
-93600 0
-93500 1
-93400 0
-93300 2
-93200 2
-93100 0
-93000 0
-92900 0
-92800 0
-92700 0
-92600 1
-92500 1
-92400 0
-92300 0
-92200 1
-92100 0
-92000 1
-91900 0
-91800 1
-91700 0
-91600 1
-91500 0
-91400 1
-91300 0
-91200 0
-91100 1
-91000 0
-90900 0
-90800 1
-90700 1
-90600 0
-90500 0
-90400 0
-90300 13
-90200 34
-90100 57
-90000 17
-89900 3
-89800 3
-89700 0
-89600 0
-89500 0
-89400 0
-89300 1
-89200 0
-89100 0
-89000 0
-88900 0
-88800 1
-88700 0
-88600 1
-88500 0
-88400 0
-88300 1
-88200 1
-88100 1
-88000 1
-87900 0
-87800 1
-87700 0
-87600 1
-87500 0
-87400 0
-87300 0
-87200 0
-87100 0
-87000 1
-86900 0
-86800 3
-86700 0
-86600 1
-86500 0
-86400 0
-86300 0
-86200 1
-86100 3
-86000 0
-85900 1
-85800 0
-85700 0
-85600 1
-85500 0
-85400 0
-85300 1
-85200 2
-85100 0
-85000 0
-84900 0
-84800 0
-84700 0
-84600 0
-84500 0
-84400 0
-84300 0
-84200 1
-84100 0
-84000 0
-83900 0
-83800 0
-83700 0
-83600 0
-83500 6
-83400 2
-83300 1
-83200 1
-83100 0
-83000 1
-82900 0
-82800 0
-82700 1
-82600 1
-82500 4
-82400 9
-82300 6
-82200 21
-82100 190
-82000 1964
-81900 6110
-81800 5336
-81700 1295
-81600 107
-81500 15
-81400 3
-81300 7
-81200 3
-81100 1
-81000 0
-80900 1
-80800 0
-80700 0
-80600 1
-80500 0
-80400 2
-80300 4
-80200 0
-80100 0
-80000 0
-79900 0
-79800 0
-79700 0
-79600 0
-79500 0
-79400 0
-79300 0
-79200 1
-79100 0
-79000 0
-78900 0
-78800 0
-78700 0
-78600 1
-78500 1
-78400 0
-78300 2
-78200 1
-78100 0
-78000 0
-77900 1
-77800 0
-77700 1
-77600 0
-77500 0
-77400 0
-77300 1
-77200 2
-77100 25
-77000 40
-76900 43
-76800 4
-76700 0
-76600 2
-76500 0
-76400 0
-76300 0
-76200 0
-76100 1
-76000 1
-75900 0
-75800 1
-75700 0
-75600 0
-75500 0
-75400 0
-75300 0
-75200 0
-75100 0
-75000 0
-74900 2
-74800 0
-74700 0
-74600 0
-74500 1
-74400 0
-74300 0
-74200 0
-74100 2
-74000 0
-73900 0
-73800 0
-73700 1
-73600 0
-73500 0
-73400 0
-73300 0
-73200 1
-73100 0
-73000 0
-72900 0
-72800 0
-72700 0
-72600 0
-72500 0
-72400 0
-72300 0
-72200 1
-72100 0
-72000 0
-71900 0
-71800 0
-71700 1
-71600 2
-71500 1
-71400 0
-71300 0
-71200 0
-71100 0
-71000 0
-70900 0
-70800 1
-70700 1
-70600 0
-70500 0
-70400 4
-70300 5
-70200 1
-70100 0
-70000 0
-69900 0
-69800 0
-69700 0
-69600 1
-69500 1
-69400 3
-69300 9
-69200 10
-69100 23
-69000 177
-68900 1773
-68800 6056
-68700 5560
-68600 1391
-68500 113
-68400 15
-68300 9
-68200 3
-68100 4
-68000 0
-67900 0
-67800 0
-67700 0
-67600 0
-67500 0
-67400 0
-67300 1
-67200 0
-67100 1
-67000 0
-66900 1
-66800 0
-66700 0
-66600 0
-66500 0
-66400 0
-66300 0
-66200 0
-66100 0
-66000 0
-65900 1
-65800 0
-65700 0
-65600 0
-65500 2
-65400 1
-65300 1
-65200 0
-65100 0
-65000 0
-64900 0
-64800 0
-64700 0
-64600 0
-64500 0
-64400 1
-64300 0
-64200 0
-64100 1
-64000 17
-63900 40
-63800 33
-63700 6
-63600 0
-63500 1
-63400 1
-63300 0
-63200 0
-63100 0
-63000 0
-62900 0
-62800 0
-62700 0
-62600 0
-62500 0
-62400 1
-62300 1
-62200 0
-62100 0
-62000 0
-61900 0
-61800 0
-61700 0
-61600 1
-61500 1
-61400 0
-61300 0
-61200 0
-61100 1
-61000 0
-60900 0
-60800 0
-60700 0
-60600 1
-60500 0
-60400 0
-60300 0
-60200 0
-60100 1
-60000 0
-59900 0
-59800 0
-59700 0
-59600 1
-59500 1
-59400 0
-59300 0
-59200 0
-59100 0
-59000 2
-58900 2
-58800 1
-58700 0
-58600 0
-58500 0
-58400 1
-58300 1
-58200 0
-58100 0
-58000 0
-57900 0
-57800 1
-57700 1
-57600 0
-57500 1
-57400 0
-57300 4
-57200 2
-57100 0
-57000 1
-56900 1
-56800 1
-56700 2
-56600 0
-56500 0
-56400 0
-56300 0
-56200 5
-56100 13
-56000 18
-55900 102
-55800 1104
-55700 4761
-55600 6207
-55500 2277
-55400 234
-55300 18
-55200 9
-55100 8
-55000 3
-54900 2
-54800 0
-54700 1
-54600 0
-54500 0
-54400 0
-54300 1
-54200 1
-54100 5
-54000 2
-53900 2
-53800 0
-53700 0
-53600 1
-53500 1
-53400 0
-53300 0
-53200 0
-53100 2
-53000 1
-52900 0
-52800 0
-52700 0
-52600 0
-52500 0
-52400 0
-52300 0
-52200 0
-52100 0
-52000 1
-51900 0
-51800 0
-51700 0
-51600 0
-51500 0
-51400 0
-51300 1
-51200 0
-51100 1
-51000 0
-50900 7
-50800 37
-50700 49
-50600 19
-50500 5
-50400 0
-50300 1
-50200 0
-50100 0
-50000 0
-49900 0
-49800 0
-49700 0
-49600 0
-49500 0
-49400 1
-49300 0
-49200 1
-49100 0
-49000 0
-48900 0
-48800 0
-48700 0
-48600 0
-48500 0
-48400 0
-48300 1
-48200 0
-48100 0
-48000 0
-47900 0
-47800 1
-47700 0
-47600 0
-47500 0
-47400 1
-47300 1
-47200 0
-47100 0
-47000 0
-46900 1
-46800 0
-46700 0
-46600 0
-46500 0
-46400 0
-46300 0
-46200 0
-46100 0
-46000 0
-45900 2
-45800 0
-45700 0
-45600 0
-45500 0
-45400 0
-45300 0
-45200 1
-45100 0
-45000 0
-44900 0
-44800 0
-44700 0
-44600 0
-44500 0
-44400 1
-44300 0
-44200 1
-44100 3
-44000 2
-43900 2
-43800 2
-43700 0
-43600 0
-43500 0
-43400 0
-43300 1
-43200 0
-43100 3
-43000 6
-42900 19
-42800 79
-42700 303
-42600 2215
-42500 6405
-42400 4962
-42300 1045
-42200 73
-42100 13
-42000 8
-41900 8
-41800 1
-41700 1
-41600 1
-41500 0
-41400 0
-41300 1
-41200 0
-41100 1
-41000 1
-40900 2
-40800 1
-40700 0
-40600 1
-40500 1
-40400 0
-40300 0
-40200 0
-40100 0
-40000 1
-39900 0
-39800 0
-39700 1
-39600 0
-39500 0
-39400 0
-39300 1
-39200 0
-39100 0
-39000 0
-38900 0
-38800 0
-38700 1
-38600 0
-38500 0
-38400 0
-38300 0
-38200 0
-38100 0
-38000 1
-37900 0
-37800 1
-37700 11
-37600 47
-37500 32
-37400 8
-37300 1
-37200 0
-37100 1
-37000 0
-36900 0
-36800 0
-36700 0
-36600 0
-36500 0
-36400 2
-36300 0
-36200 0
-36100 0
-36000 0
-35900 0
-35800 1
-35700 0
-35600 0
-35500 0
-35400 0
-35300 0
-35200 1
-35100 0
-35000 0
-34900 3
-34800 1
-34700 0
-34600 0
-34500 0
-34400 0
-34300 0
-34200 0
-34100 0
-34000 1
-33900 1
-33800 0
-33700 1
-33600 0
-33500 1
-33400 1
-33300 1
-33200 0
-33100 1
-33000 0
-32900 0
-32800 2
-32700 1
-32600 1
-32500 1
-32400 1
-32300 0
-32200 0
-32100 0
-32000 0
-31900 0
-31800 0
-31700 1
-31600 0
-31500 0
-31400 0
-31300 0
-31200 0
-31100 0
-31000 2
-30900 6
-30800 0
-30700 0
-30600 1
-30500 0
-30400 1
-30300 0
-30200 0
-30100 7
-30000 8
-29900 23
-29800 62
-29700 60
-29600 109
-29500 1183
-29400 5136
-29300 6310
-29200 2046
-29100 232
-29000 20
-28900 7
-28800 7
-28700 2
-28600 3
-28500 0
-28400 0
-28300 1
-28200 0
-28100 0
-28000 0
-27900 4
-27800 3
-27700 3
-27600 1
-27500 0
-27400 1
-27300 0
-27200 0
-27100 0
-27000 0
-26900 0
-26800 0
-26700 0
-26600 0
-26500 0
-26400 0
-26300 0
-26200 0
-26100 0
-26000 3
-25900 0
-25800 0
-25700 0
-25600 0
-25500 0
-25400 1
-25300 1
-25200 1
-25100 0
-25000 0
-24900 0
-24800 0
-24700 1
-24600 7
-24500 43
-24400 40
-24300 3
-24200 0
-24100 2
-24000 1
-23900 1
-23800 1
-23700 0
-23600 0
-23500 0
-23400 0
-23300 0
-23200 0
-23100 0
-23000 0
-22900 0
-22800 1
-22700 1
-22600 1
-22500 0
-22400 0
-22300 0
-22200 0
-22100 2
-22000 0
-21900 0
-21800 1
-21700 0
-21600 0
-21500 0
-21400 0
-21300 0
-21200 0
-21100 1
-21000 1
-20900 1
-20800 1
-20700 2
-20600 0
-20500 0
-20400 1
-20300 0
-20200 0
-20100 0
-20000 1
-19900 0
-19800 0
-19700 0
-19600 2
-19500 0
-19400 0
-19300 1
-19200 0
-19100 0
-19000 0
-18900 0
-18800 0
-18700 0
-18600 0
-18500 0
-18400 0
-18300 1
-18200 1
-18100 0
-18000 0
-17900 3
-17800 3
-17700 1
-17600 1
-17500 0
-17400 0
-17300 0
-17200 1
-17100 4
-17000 0
-16900 0
-16800 4
-16700 13
-16600 31
-16500 212
-16400 1716
-16300 5687
-16200 5339
-16100 1540
-16000 134
-15900 18
-15800 10
-15700 5
-15600 3
-15500 0
-15400 1
-15300 0
-15200 2
-15100 0
-15000 0
-14900 1
-14800 0
-14700 5
-14600 1
-14500 1
-14400 0
-14300 0
-14200 0
-14100 0
-14000 0
-13900 0
-13800 1
-13700 0
-13600 0
-13500 1
-13400 1
-13300 0
-13200 1
-13100 0
-13000 0
-12900 0
-12800 0
-12700 0
-12600 0
-12500 0
-12400 1
-12300 1
-12200 0
-12100 2
-12000 0
-11900 0
-11800 0
-11700 0
-11600 3
-11500 13
-11400 40
-11300 39
-11200 7
-11100 1
-11000 2
-10900 1
-10800 0
-10700 0
-10600 0
-10500 0
-10400 2
-10300 0
-10200 0
-10100 0
-10000 0
-9900 0
-9800 0
-9700 1
-9600 1
-9500 0
-9400 0
-9300 0
-9200 0
-9100 1
-9000 0
-8900 0
-8800 0
-8700 1
-8600 1
-8500 0
-8400 0
-8300 0
-8200 1
-8100 0
-8000 0
-7900 0
-7800 0
-7700 1
-7600 1
-7500 1
-7400 0
-7300 1
-7200 0
-7100 0
-7000 0
-6900 1
-6800 0
-6700 0
-6600 1
-6500 0
-6400 3
-6300 3
-6200 1
-6100 0
-6000 1
-5900 0
-5800 1
-5700 0
-5600 0
-5500 0
-5400 1
-5300 0
-5200 1
-5100 1
-5000 1
-4900 0
-4800 1
-4700 2
-4600 0
-4500 0
-4400 0
-4300 0
-4200 0
-4100 1
-4000 2
-3900 0
-3800 1
-3700 6
-3600 10
-3500 10
-3400 20
-3300 320
-3200 2536
-3100 6454
-3000 4576
-2900 864
-2800 61
-2700 7
-2600 4
-2500 7
-2400 2
-2300 0
-2200 0
-2100 0
-2000 0
-1900 0
-1800 0
-1700 1
-1600 0
-1500 1
-1400 1
-1300 2
-1200 0
-1100 1
-1000 0
-900 1
-800 1
-700 0
-600 0
-500 0
-400 0
-300 1
-200 0
-100 0
0 0
100 0
200 2
300 0
400 0
500 0
600 2
700 0
800 0
900 1
1000 0
1100 0
1200 0
1300 1
1400 0
1500 1
1600 1
1700 27
1800 53
1900 30
2000 9
2100 2
2200 0
2300 0
2400 0
2500 0
2600 0
2700 0
2800 0
2900 0
3000 1
3100 0
3200 0
3300 0
3400 1
3500 0
3600 0
3700 0
3800 0
3900 1
4000 0
4100 0
4200 0
4300 0
4400 0
4500 0
4600 1
4700 1
4800 0
4900 0
5000 0
5100 0
5200 1
5300 1
5400 0
5500 1
5600 1
5700 1
5800 0
5900 0
6000 1
6100 1
6200 1
6300 1
6400 0
6500 0
6600 1
6700 0
6800 1
6900 0
7000 1
7100 1
7200 0
7300 1
7400 1
7500 0
7600 0
7700 1
7800 0
7900 0
8000 0
8100 0
8200 0
8300 1
8400 1
8500 3
8600 0
8700 0
8800 2
8900 0
9000 0
9100 0
9200 1
9300 5
9400 8
9500 32
9600 71
9700 117
9800 470
9900 5854
10000 34874
10100 60671
10200 28806
10300 4339
10400 300
10500 65
10600 67
10700 40
10800 12
10900 3
11000 0
11100 1
11200 1
11300 0
11400 0
11500 1
11600 3
11700 3
11800 0
11900 0
12000 0
12100 0
12200 0
12300 0
12400 0
12500 0
12600 1
12700 0
12800 0
12900 0
13000 0
13100 0
13200 0
13300 0
13400 1
13500 0
13600 0
13700 1
13800 0
13900 0
14000 0
14100 1
14200 0
14300 0
14400 0
14500 0
14600 1
14700 1
14800 5
14900 17
15000 44
15100 25
15200 3
15300 1
15400 0
15500 1
15600 0
15700 0
15800 1
15900 0
16000 0
16100 0
16200 1
16300 0
16400 0
16500 0
16600 0
16700 0
16800 0
16900 0
17000 0
17100 0
17200 0
17300 0
17400 0
17500 1
17600 0
17700 0
17800 0
17900 0
18000 0
18100 1
18200 0
18300 1
18400 0
18500 1
18600 0
18700 0
18800 0
18900 0
19000 0
19100 0
19200 2
19300 0
19400 0
19500 0
19600 0
19700 0
19800 1
19900 4
20000 1
20100 0
20200 1
20300 0
20400 0
20500 0
20600 0
20700 0
20800 0
20900 0
21000 2
21100 0
21200 0
21300 1
21400 1
21500 0
21600 2
21700 2
21800 0
21900 0
22000 0
22100 0
22200 1
22300 0
22400 0
22500 1
22600 6
22700 6
22800 12
22900 22
23000 269
23100 2305
23200 6348
23300 4700
23400 1008
23500 83
23600 14
23700 5
23800 4
23900 0
24000 0
24100 0
24200 1
24300 0
24400 0
24500 0
24600 0
24700 1
24800 0
24900 3
25000 1
25100 0
25200 0
25300 0
25400 1
25500 1
25600 1
25700 0
25800 0
25900 1
26000 0
26100 1
26200 2
26300 0
26400 0
26500 0
26600 0
26700 0
26800 1
26900 0
27000 0
27100 0
27200 0
27300 0
27400 1
27500 0
27600 0
27700 0
27800 0
27900 2
28000 24
28100 55
28200 13
28300 5
28400 2
28500 0
28600 1
28700 1
28800 0
28900 0
29000 1
29100 1
29200 0
29300 0
29400 0
29500 0
29600 0
29700 1
29800 0
29900 0
30000 0
30100 0
30200 0
30300 0
30400 0
30500 0
30600 2
30700 0
30800 1
30900 3
31000 0
31100 2
31200 1
31300 0
31400 0
31500 0
31600 0
31700 2
31800 1
31900 1
32000 0
32100 0
32200 1
32300 0
32400 0
32500 1
32600 0
32700 0
32800 0
32900 0
33000 0
33100 1
33200 0
33300 1
33400 0
33500 0
33600 0
33700 1
33800 0
33900 0
34000 0
34100 0
34200 0
34300 0
34400 0
34500 0
34600 1
34700 3
34800 2
34900 0
35000 0
35100 1
35200 1
35300 1
35400 0
35500 0
35600 0
35700 2
35800 8
35900 10
36000 32
36100 335
36200 2763
36300 6554
36400 4234
36500 851
36600 76
36700 10
36800 2
36900 5
37000 1
37100 0
37200 0
37300 0
37400 1
37500 1
37600 1
37700 1
37800 2
37900 1
38000 0
38100 0
38200 1
38300 0
38400 1
38500 1
38600 1
38700 1
38800 1
38900 0
39000 0
39100 3
39200 0
39300 0
39400 0
39500 0
39600 0
39700 0
39800 1
39900 0
40000 1
40100 1
40200 0
40300 0
40400 1
40500 0
40600 0
40700 0
40800 1
40900 2
41000 1
41100 20
41200 40
41300 23
41400 6
41500 0
41600 2
41700 1
41800 0
41900 1
42000 0
42100 0
42200 1
42300 1
42400 0
42500 0
42600 0
42700 0
42800 0
42900 0
43000 0
43100 0
43200 0
43300 0
43400 0
43500 0
43600 0
43700 1
43800 1
43900 2
44000 0
44100 0
44200 2
44300 1
44400 0
44500 2
44600 0
44700 0
44800 1
44900 0
45000 0
45100 0
45200 0
45300 3
45400 1
45500 1
45600 1
45700 0
45800 1
45900 0
46000 0
46100 2
46200 1
46300 0
46400 0
46500 0
46600 0
46700 1
46800 0
46900 0
47000 1
47100 0
47200 0
47300 0
47400 2
47500 0
47600 0
47700 2
47800 1
47900 4
48000 0
48100 2
48200 0
48300 0
48400 1
48500 0
48600 1
48700 0
48800 1
48900 4
49000 4
49100 18
49200 103
49300 1084
49400 4840
49500 6355
49600 2318
49700 254
49800 53
49900 80
50000 51
50100 21
50200 5
50300 2
50400 1
50500 0
50600 1
50700 0
50800 0
50900 0
51000 2
51100 3
51200 2
51300 0
51400 1
51500 1
51600 0
51700 0
51800 0
51900 1
52000 0
52100 1
52200 0
52300 0
52400 1
52500 1
52600 0
52700 2
52800 0
52900 1
53000 0
53100 0
53200 0
53300 0
53400 0
53500 0
53600 0
53700 0
53800 0
53900 0
54000 0
54100 8
54200 69
54300 348
54400 417
54500 109
54600 18
54700 4
54800 2
54900 0
55000 0
55100 0
55200 0
55300 0
55400 0
55500 0
55600 0
55700 0
55800 0
55900 0
56000 1
56100 1
56200 0
56300 0
56400 0
56500 0
56600 0
56700 0
56800 0
56900 0
57000 0
57100 0
57200 0
57300 0
57400 0
57500 1
57600 1
57700 0
57800 1
57900 0
58000 1
58100 0
58200 1
58300 0
58400 0
58500 0
58600 0
58700 0
58800 0
58900 0
59000 0
59100 1
59200 2
59300 2
59400 2
59500 0
59600 0
59700 0
59800 1
59900 1
60000 0
60100 0
60200 0
60300 2
60400 0
60500 0
60600 0
60700 1
60800 0
60900 1
61000 4
61100 1
61200 1
61300 0
61400 0
61500 2
61600 0
61700 1
61800 0
61900 2
62000 2
62100 7
62200 14
62300 24
62400 324
62500 2704
62600 6597
62700 4340
62800 886
62900 139
63000 30
63100 8
63200 5
63300 1
63400 0
63500 0
63600 0
63700 0
63800 0
63900 1
64000 0
64100 1
64200 2
64300 2
64400 1
64500 0
64600 0
64700 1
64800 0
64900 0
65000 0
65100 0
65200 0
65300 0
65400 0
65500 1
65600 0
65700 0
65800 0
65900 1
66000 1
66100 0
66200 0
66300 0
66400 0
66500 0
66600 0
66700 0
66800 0
66900 2
67000 0
67100 1
67200 0
67300 8
67400 22
67500 36
67600 25
67700 6
67800 1
67900 0
68000 0
68100 0
68200 0
68300 0
68400 1
68500 0
68600 1
68700 0
68800 0
68900 0
69000 0
69100 0
69200 0
69300 0
69400 0
69500 0
69600 0
69700 0
69800 0
69900 1
70000 0
70100 0
70200 0
70300 0
70400 0
70500 0
70600 0
70700 0
70800 1
70900 1
71000 1
71100 0
71200 0
71300 0
71400 0
71500 0
71600 0
71700 0
71800 1
71900 0
72000 0
72100 0
72200 0
72300 1
72400 1
72500 1
72600 1
72700 1
72800 1
72900 0
73000 1
73100 0
73200 0
73300 0
73400 0
73500 0
73600 1
73700 0
73800 0
73900 1
74000 2
74100 1
74200 1
74300 0
74400 1
74500 1
74600 1
74700 1
74800 0
74900 0
75000 5
75100 4
75200 10
75300 14
75400 25
75500 264
75600 2088
75700 6329
75800 5080
75900 1176
76000 108
76100 9
76200 8
76300 4
76400 2
76500 0
76600 0
76700 0
76800 0
76900 0
77000 0
77100 1
77200 3
77300 2
77400 2
77500 0
77600 0
77700 1
77800 0
77900 0
78000 0
78100 0
78200 1
78300 0
78400 0
78500 0
78600 1
78700 1
78800 0
78900 0
79000 0
79100 0
79200 0
79300 0
79400 0
79500 0
79600 0
79700 0
79800 0
79900 0
80000 0
80100 1
80200 0
80300 2
80400 2
80500 20
80600 46
80700 34
80800 9
80900 3
81000 3
81100 1
81200 0
81300 1
81400 0
81500 0
81600 0
81700 0
81800 0
81900 0
82000 0
82100 0
82200 1
82300 0
82400 0
82500 0
82600 0
82700 1
82800 0
82900 0
83000 1
83100 0
83200 0
83300 0
83400 0
83500 0
83600 0
83700 1
83800 2
83900 1
84000 0
84100 1
84200 1
84300 0
84400 1
84500 1
84600 1
84700 0
84800 0
84900 0
85000 0
85100 2
85200 0
85300 1
85400 1
85500 1
85600 2
85700 1
85800 0
85900 0
86000 0
86100 0
86200 0
86300 1
86400 1
86500 0
86600 0
86700 0
86800 0
86900 0
87000 1
87100 0
87200 2
87300 1
87400 1
87500 0
87600 0
87700 0
87800 0
87900 0
88000 0
88100 1
88200 2
88300 3
88400 11
88500 10
88600 118
88700 1245
88800 5247
88900 6200
89000 1998
89100 220
89200 20
89300 8
89400 6
89500 2
89600 6
89700 1
89800 0
89900 0
90000 1
90100 0
90200 0
90300 1
90400 3
90500 1
90600 1
90700 0
90800 0
90900 1
91000 0
91100 0
91200 0
91300 0
91400 0
91500 1
91600 1
91700 1
91800 0
91900 1
92000 0
92100 1
92200 0
92300 0
92400 2
92500 0
92600 0
92700 0
92800 0
92900 1
93000 0
93100 0
93200 0
93300 0
93400 0
93500 4
93600 11
93700 48
93800 25
93900 20
94000 3
94100 2
94200 0
94300 0
94400 0
94500 0
94600 0
94700 0
94800 0
94900 0
95000 0
95100 0
95200 0
95300 0
95400 1
95500 0
95600 1
95700 0
95800 1
95900 0
96000 0
96100 0
96200 0
96300 2
96400 0
96500 0
96600 0
96700 1
96800 0
96900 0
97000 1
97100 0
97200 0
97300 0
97400 0
97500 0
97600 0
97700 1
97800 0
97900 0
98000 0
98100 0
98200 1
98300 0
98400 0
98500 2
98600 7
98700 13
98800 0
98900 0
99000 0
99100 1
99200 1
99300 0
99400 0
99500 2
99600 0
99700 0
99800 0
99900 0
100000 1
100100 0
100200 0
100300 2
100400 5
100500 3
100600 0
100700 0
100800 1
100900 0
101000 0
101100 0
101200 0
101300 0
101400 5
101500 6
101600 9
101700 41
101800 459
101900 3027
102000 6682
102100 3969
102200 663
102300 61
102400 6
102500 8
102600 5
102700 1
102800 2
102900 0
103000 0
103100 0
103200 0
103300 0
103400 1
103500 3
103600 1
103700 3
103800 0
103900 0
104000 2
104100 0
104200 1
104300 1
104400 1
104500 3
104600 0
104700 0
104800 1
104900 1
105000 0
105100 0
105200 0
105300 0
105400 0
105500 0
105600 0
105700 0
105800 0
105900 0
106000 1
106100 0
106200 1
106300 1
106400 0
106500 0
106600 0
106700 3
106800 34
106900 51
107000 35
107100 6
107200 1
107300 3
107400 1
107500 1
107600 1
107700 0
107800 0
107900 1
108000 0
108100 0
108200 0
108300 0
108400 1
108500 0
108600 0
108700 1
108800 1
108900 0
109000 0
109100 1
109200 0
109300 0
109400 0
109500 1
109600 1
109700 0
109800 0
109900 0
110000 0
110100 0
110200 0
110300 1
110400 0
110500 1
110600 0
110700 0
110800 0
110900 0
111000 0
111100 1
111200 0
111300 0
111400 0
111500 0
111600 1
111700 2
111800 2
111900 1
112000 3
112100 1
112200 0
112300 0
112400 0
112500 0
112600 0
112700 1
112800 0
112900 0
113000 0
113100 0
113200 0
113300 0
113400 0
113500 2
113600 1
113700 0
113800 0
113900 0
114000 1
114100 0
114200 0
114300 0
114400 0
114500 0
114600 8
114700 7
114800 17
114900 181
115000 1820
115100 6030
115200 5656
115300 1467
115400 142
115500 14
115600 6
115700 3
115800 2
115900 0
116000 1
116100 0
116200 0
116300 0
116400 0
116500 2
116600 2
116700 5
116800 2
116900 1
117000 1
117100 0
117200 0
117300 0
117400 1
117500 0
117600 0
117700 0
117800 1
117900 0
118000 0
118100 0
118200 3
118300 0
118400 1
118500 0
118600 0
118700 1
118800 0
118900 0
119000 0
119100 0
119200 0
119300 0
119400 0
119500 0
119600 0
119700 0
119800 1
119900 20
120000 41
120100 33
120200 7
120300 0
120400 2
120500 1
120600 1
120700 0
120800 1
120900 0
121000 0
121100 1
121200 0
121300 0
121400 1
121500 0
121600 0
121700 1
121800 1
121900 0
122000 0
122100 0
122200 0
122300 0
122400 0
122500 0
122600 1
122700 0
122800 0
122900 0
123000 0
123100 1
123200 0
123300 0
123400 0
123500 0
123600 0
123700 0
123800 0
123900 0
124000 1
124100 1
124200 2
124300 0
124400 1
124500 0
124600 1
124700 0
124800 0
124900 0
125000 0
125100 1
125200 0
125300 0
125400 0
125500 1
125600 0
125700 1
125800 0
125900 0
126000 0
126100 0
126200 0
126300 0
126400 0
126500 0
126600 1
126700 1
126800 3
126900 0
127000 0
127100 1
127200 0
127300 1
127400 0
127500 0
127600 0
127700 3
127800 12
127900 19
128000 73
128100 945
128200 4654
128300 6487
128400 2477
128500 296
128600 21
128700 3
128800 9
128900 2
129000 0
129100 1
129200 0
129300 0
129400 0
129500 1
129600 0
129700 1
129800 2
129900 3
130000 1
130100 1
130200 1
130300 0
130400 1
130500 0
130600 0
130700 0
130800 0
130900 0
131000 0
131100 0
131200 0
131300 1
131400 2
131500 0
131600 1
131700 2
131800 1
131900 0
132000 0
132100 0
132200 0
132300 0
132400 0
132500 0
132600 1
132700 2
132800 1
132900 1
133000 10
133100 36
133200 47
133300 15
133400 1
133500 0
133600 0
133700 0
133800 0
133900 0
134000 0
134100 0
134200 0
134300 0
134400 0
134500 1
134600 0
134700 1
134800 1
134900 0
135000 1
135100 0
135200 0
135300 2
135400 1
135500 1
135600 0
135700 0
135800 0
135900 0
136000 1
136100 0
136200 0
136300 2
136400 1
136500 0
136600 0
136700 0
136800 0
136900 0
137000 0
137100 1
137200 0
137300 1
137400 0
137500 0
137600 0
137700 0
137800 0
137900 1
138000 2
138100 5
138200 0
138300 1
138400 0
138500 1
138600 0
138700 1
138800 0
138900 0
139000 0
139100 0
139200 1
139300 1
139400 1
139500 1
139600 0
139700 1
139800 2
139900 0
140000 0
140100 0
140200 1
140300 0
140400 1
140500 0
140600 0
140700 1
140800 4
140900 3
141000 13
141100 40
141200 438
141300 3039
141400 6620
141500 4126
141600 734
141700 66
141800 8
141900 9
142000 7
142100 3
142200 2
142300 0
142400 0
142500 1
142600 0
142700 0
142800 0
142900 0
143000 2
143100 1
143200 1
143300 0
143400 2
143500 0
143600 1
143700 0
143800 0
143900 0
144000 1
144100 0
144200 0
144300 0
144400 0
144500 0
144600 0
144700 0
144800 0
144900 2
145000 1
145100 0
145200 1
145300 0
145400 0
145500 0
145600 0
145700 1
145800 0
145900 0
146000 1
146100 6
146200 29
146300 41
146400 23
146500 7
146600 1
146700 1
146800 1
146900 0
147000 0
147100 0
147200 2
147300 3
147400 0
147500 0
147600 1
147700 0
147800 0
147900 1
148000 0
148100 0
148200 0
148300 1
148400 0
148500 0
148600 1
148700 0
148800 0
148900 1
149000 1
149100 3
149200 1
149300 0
149400 1
149500 0
149600 0
149700 0
149800 0
149900 0
150000 0
150100 0
150200 1
150300 0
150400 1
150500 0
150600 0
150700 0
150800 0
150900 0
151000 1
151100 0
151200 4
151300 0
151400 0
151500 0
151600 0
151700 0
151800 0
151900 0
152000 0
152100 0
152200 0
152300 0
152400 0
152500 0
152600 0
152700 0
152800 2
152900 2
153000 2
153100 0
153200 0
153300 0
153400 1
153500 0
153600 0
153700 0
153800 0
153900 2
154000 3
154100 9
154200 28
154300 150
154400 1527
154500 5574
154600 5760
154700 1588
154800 173
154900 15
155000 3
155100 7
155200 2
155300 0
155400 1
155500 0
155600 0
155700 0
155800 0
155900 1
156000 2
156100 2
156200 0
156300 1
156400 0
156500 0
156600 0
156700 0
156800 0
156900 0
157000 1
157100 0
157200 1
157300 0
157400 1
157500 1
157600 0
157700 0
157800 1
157900 0
158000 0
158100 1
158200 0
158300 0
158400 1
158500 0
158600 0
158700 0
158800 0
158900 0
159000 0
159100 0
159200 3
159300 9
159400 43
159500 35
159600 20
159700 3
159800 1
159900 1
160000 0
160100 0
160200 1
160300 0
160400 3
160500 0
160600 1
160700 0
160800 1
160900 0
161000 0
161100 0
161200 0
161300 0
161400 1
161500 0
161600 0
161700 0
161800 0
161900 1
162000 0
162100 1
162200 0
162300 0
162400 0
162500 0
162600 2
162700 1
162800 0
162900 0
163000 0
163100 0
163200 0
163300 0
163400 0
163500 0
163600 0
163700 0
163800 0
163900 0
164000 0
164100 0
164200 0
164300 3
164400 1
164500 2
164600 0
164700 0
164800 1
164900 0
165000 0
165100 0
165200 0
165300 1
165400 0
165500 1
165600 0
165700 1
165800 1
165900 1
166000 2
166100 2
166200 0
166300 0
166400 0
166500 0
166600 0
166700 0
166800 0
166900 0
167000 1
167100 5
167200 10
167300 9
167400 59
167500 797
167600 4261
167700 6707
167800 2943
167900 442
168000 38
168100 6
168200 8
168300 1
168400 3
168500 1
168600 1
168700 0
168800 1
168900 0
169000 0
169100 1
169200 3
169300 3
169400 4
169500 1
169600 0
169700 0
169800 0
169900 2
170000 1
170100 2
170200 1
170300 0
170400 2
170500 0
170600 0
170700 0
170800 0
170900 0
171000 0
171100 0
171200 0
171300 0
171400 0
171500 0
171600 0
171700 0
171800 0
171900 1
172000 1
172100 1
172200 0
172300 1
172400 8
172500 42
172600 41
172700 24
172800 3
172900 1
173000 1
173100 0
173200 0
173300 0
173400 0
173500 1
173600 0
173700 1
173800 0
173900 0
174000 1
174100 1
174200 0
174300 1
174400 0
174500 0
174600 1
174700 0
174800 0
174900 0
175000 0
175100 0
175200 0
175300 0
175400 0
175500 1
175600 1
175700 1
175800 0
175900 0
176000 1
176100 1
176200 0
176300 0
176400 1
176500 0
176600 0
176700 0
176800 0
176900 0
177000 0
177100 0
177200 1
177300 0
177400 0
177500 3
177600 0
177700 0
177800 0
177900 0
178000 0
178100 0
178200 2
178300 0
178400 0
178500 0
178600 0
178700 1
178800 0
178900 0
179000 0
179100 2
179200 1
179300 4
179400 2
179500 1
179600 0
179700 0
179800 1
179900 1
180000 2
180100 0
180200 2
180300 5
180400 11
180500 30
180600 328
180700 2580
180800 6518
180900 4488
181000 900
181100 82
181200 10
181300 4
181400 4
181500 0
181600 2
181700 0
181800 0
181900 0
182000 0
182100 0
182200 1
182300 9
182400 18
182500 4
182600 3
182700 2
182800 0
182900 0
183000 0
183100 0
183200 1
183300 1
183400 0
183500 0
183600 1
183700 0
183800 1
183900 0
184000 0
184100 0
184200 0
184300 1
184400 2
184500 1
184600 0
184700 0
184800 1
184900 0
185000 1
185100 0
185200 1
185300 0
185400 1
185500 2
185600 14
185700 39
185800 26
185900 5
186000 0
186100 5
186200 0
186300 0
186400 0
186500 0
186600 0
186700 0
186800 0
186900 0
187000 0
187100 1
187200 0
187300 2
187400 0
187500 0
187600 1
187700 1
187800 0
187900 0
188000 0
188100 0
188200 0
188300 0
188400 0
188500 0
188600 0
188700 0
188800 0
188900 1
189000 1
189100 0
189200 0
189300 0
189400 0
189500 0
189600 0
189700 0
189800 1
189900 2
190000 1
190100 0
190200 0
190300 0
190400 0
190500 0
190600 3
190700 1
190800 0
190900 0
191000 0
191100 1
191200 1
191300 0
191400 0
191500 0
191600 1
191700 1
191800 0
191900 0
192000 0
192100 0
192200 1
192300 2
192400 4
192500 1
192600 0
192700 1
192800 1
192900 0
193000 0
193100 0
193200 0
193300 2
193400 5
193500 8
193600 12
193700 144
193800 1325
193900 5174
194000 6011
194100 2132
194200 216
194300 26
194400 5
194500 11
194600 1
194700 0
194800 0
194900 0
195000 2
195100 1
195200 0
195300 0
195400 0
195500 1
195600 0
195700 2
195800 0
195900 0
196000 0
196100 0
196200 1
196300 0
196400 1
196500 0
196600 0
196700 0
196800 0
196900 0
197000 0
197100 0
197200 0
197300 0
197400 0
197500 0
197600 1
197700 0
197800 0
197900 0
198000 0
198100 0
198200 0
198300 0
198400 1
198500 1
198600 2
198700 11
198800 53
198900 43
199000 21
199100 1
199200 0
199300 0
199400 0
199500 0
199600 0
199700 0
199800 0
199900 0
200000 0
200100 0
200200 0
200300 0
200400 0
200500 0
200600 0
200700 1
200800 0
200900 0
201000 0
201100 0
201200 0
201300 0
201400 0
201500 0
201600 0
201700 1
201800 0
201900 1
202000 0
202100 1
202200 0
202300 0
202400 0
202500 0
202600 0
202700 1
202800 2
202900 0
203000 0
203100 1
203200 1
203300 0
203400 0
203500 0
203600 1
203700 0
203800 2
203900 0
204000 0
204100 0
204200 3
204300 1
204400 0
204500 0
204600 0
204700 0
204800 1
204900 1
205000 0
205100 0
205200 0
205300 0
205400 0
205500 4
205600 3
205700 1
205800 0
205900 0
206000 1
206100 1
206200 0
206300 1
206400 1
206500 6
206600 2
206700 9
206800 75
206900 769
207000 3948
207100 6560
207200 3135
207300 452
207400 41
207500 12
207600 6
207700 5
207800 2
207900 0
208000 1
208100 0
208200 1
208300 0
208400 0
208500 1
208600 1
208700 1
208800 4
208900 0
209000 0
209100 0
209200 0
209300 0
209400 0
209500 2
209600 0
209700 0
209800 0
209900 0
210000 1
210100 0
210200 0
210300 0
210400 0
210500 0
210600 0
210700 0
210800 0
210900 0
211000 1
211100 0
211200 2
211300 0
211400 0
211500 0
211600 1
211700 0
211800 6
211900 42
212000 55
212100 13
212200 1
212300 1
212400 2
212500 0
212600 1
212700 0
212800 0
212900 0
213000 1
213100 0
213200 0
213300 0
213400 1
213500 0
213600 0
213700 2
213800 0
213900 1
214000 1
214100 0
214200 0
214300 0
214400 0
214500 0
214600 0
214700 0
214800 0
214900 0
215000 1
215100 0
215200 0
215300 0
215400 0
215500 0
215600 0
215700 0
215800 0
215900 1
216000 0
216100 0
216200 0
216300 1
216400 0
216500 0
216600 1
216700 0
216800 1
216900 1
217000 0
217100 1
217200 0
217300 0
217400 1
217500 1
217600 0
217700 0
217800 1
217900 0
218000 0
218100 0
218200 1
218300 1
218400 0
218500 0
218600 2
218700 3
218800 1
218900 1
219000 2
219100 0
219200 1
219300 0
219400 0
219500 1
219600 4
219700 8
219800 12
219900 39
220000 343
220100 2441
220200 6327
220300 4652
220400 1187
220500 122
220600 13
220700 2
220800 5
220900 2
221000 1
221100 3
221200 0
221300 1
221400 0
221500 0
221600 0
221700 0
221800 1
221900 3
222000 0
222100 0
222200 0
222300 1
222400 0
222500 0
222600 1
222700 0
222800 0
222900 1
223000 0
223100 1
223200 0
223300 0
223400 0
223500 1
223600 0
223700 0
223800 1
223900 0
224000 0
224100 0
224200 0
224300 1
224400 1
224500 1
224600 1
224700 0
224800 0
224900 1
225000 16
225100 42
225200 30
225300 4
225400 0
225500 2
225600 0
225700 0
225800 0
225900 1
226000 0
226100 1
226200 0
226300 0
226400 0
226500 0
226600 0
226700 1
226800 0
226900 1
227000 0
227100 0
227200 1
227300 0
227400 0
227500 0
227600 0
227700 0
227800 0
227900 1
228000 0
228100 0
228200 0
228300 0
228400 0
228500 1
228600 0
228700 0
228800 0
228900 1
229000 0
229100 0
229200 0
229300 1
229400 0
229500 0
229600 1
229700 1
229800 0
229900 0
230000 1
230100 1
230200 1
230300 0
230400 0
230500 1
230600 0
230700 0
230800 0
230900 0
231000 0
231100 0
231200 0
231300 0
231400 0
231500 1
231600 1
231700 2
231800 0
231900 0
232000 0
232100 0
232200 0
232300 0
232400 0
232500 0
232600 1
232700 5
232800 9
232900 17
233000 21
233100 195
233200 1835
233300 5699
233400 5673
233500 1651
233600 193
233700 13
233800 6
233900 8
234000 0
234100 2
234200 1
234300 0
234400 2
234500 1
234600 0
234700 1
234800 0
234900 1
235000 4
235100 0
235200 0
235300 0
235400 0
235500 1
235600 0
235700 1
235800 0
235900 0
236000 0
236100 0
236200 0
236300 0
236400 0
236500 0
236600 1
236700 0
236800 0
236900 0
237000 0
237100 0
237200 1
237300 0
237400 0
237500 0
237600 1
237700 0
237800 0
237900 0
238000 1
238100 16
238200 29
238300 46
238400 7
238500 2
238600 1
238700 0
238800 0
238900 0
239000 1
239100 0
239200 0
239300 0
239400 0
239500 0
239600 0
239700 0
239800 1
239900 0
240000 0
240100 0
240200 0
240300 0
240400 0
240500 0
240600 2
240700 1
240800 0
240900 0
241000 2
241100 0
241200 0
241300 0
241400 0
241500 0
241600 1
241700 0
241800 0
241900 0
242000 0
242100 0
242200 0
242300 1
242400 1
242500 1
242600 0
242700 1
242800 0
242900 0
243000 1
243100 1
243200 1
243300 3
243400 0
243500 0
243600 0
243700 1
243800 0
243900 0
244000 1
244100 0
244200 1
244300 0
244400 0
244500 0
244600 0
244700 0
244800 1
244900 3
245000 0
245100 0
245200 1
245300 0
245400 2
245500 0
245600 1
245700 2
245800 2
245900 2
246000 8
246100 16
246200 67
246300 804
246400 4054
246500 6541
246600 3265
246700 503
246800 35
246900 18
247000 4
247100 4
247200 2
247300 0
247400 0
247500 0
247600 0
247700 0
247800 0
247900 1
248000 2
248100 4
248200 0
248300 0
248400 1
248500 0
248600 1
248700 0
248800 0
248900 0
249000 0
249100 2
249200 0
249300 0
249400 0
249500 0
249600 0
249700 0
249800 0
249900 0
250000 1
250100 0
250200 1
250300 0
250400 0
250500 1
250600 1
250700 0
250800 0
250900 0
251000 0
251100 1
251200 8
251300 22
251400 50
251500 16
251600 8
251700 2
251800 0
251900 1
252000 1
252100 0
252200 1
252300 0
252400 1
252500 0
252600 0
252700 0
252800 1
252900 0
253000 0
253100 0
253200 0
253300 0
253400 2
253500 1
253600 0
253700 0
253800 1
253900 1
254000 0
254100 0
254200 0
254300 0
254400 0
254500 0
254600 0
254700 1
254800 0
254900 2
255000 1
255100 1
255200 0
255300 0
255400 0
255500 1
255600 0
255700 0
255800 1
255900 0
256000 0
256100 2
256200 0
256300 0
256400 0
256500 0
256600 1
256700 0
256800 0
256900 0
257000 0
257100 0
257200 0
257300 0
257400 0
257500 1
257600 0
257700 0
257800 0
257900 2
258000 2
258100 2
258200 0
258300 0
258400 2
258500 0
258600 0
258700 2
258800 1
258900 0
259000 1
259100 7
259200 11
259300 31
259400 393
259500 2562
259600 6243
259700 4677
259800 1073
259900 103
260000 5
260100 7
260200 5
260300 1
260400 2
260500 0
260600 1
260700 0
260800 0
260900 0
261000 0
261100 1
261200 3
261300 3
261400 1
261500 0
261600 0
261700 1
261800 1
261900 2
262000 1
262100 1
262200 0
262300 0
262400 0
262500 0
262600 0
262700 0
262800 0
262900 0
263000 1
263100 0
263200 0
263300 0
263400 1
263500 0
263600 1
263700 0
263800 0
263900 0
264000 0
264100 0
264200 0
264300 6
264400 17
264500 46
264600 25
264700 7
264800 2
264900 0
265000 3
265100 0
265200 0
265300 0
265400 0
265500 0
265600 0
265700 0
265800 0
265900 0
266000 0
266100 0
266200 0
266300 0
266400 0
266500 0
266600 1
266700 0
266800 0
266900 1
267000 0
267100 0
267200 0
267300 0
267400 1
267500 0
267600 0
267700 0
267800 0
267900 0
268000 2
268100 0
268200 1
268300 0
268400 2
268500 0
268600 0
268700 0
268800 1
268900 0
269000 1
269100 0
269200 0
269300 1
269400 0
269500 1
269600 0
269700 0
269800 0
269900 0
270000 0
270100 0
270200 0
270300 0
270400 1
270500 0
270600 0
270700 0
270800 0
270900 0
271000 0
271100 1
271200 2
271300 1
271400 0
271500 0
271600 0
271700 1
271800 0
271900 0
272000 0
272100 5
272200 5
272300 11
272400 20
272500 162
272600 1509
272700 5230
272800 5815
272900 1903
273000 222
273100 25
273200 5
273300 6
273400 4
273500 1
273600 0
273700 0
273800 0
273900 0
274000 0
274100 0
274200 0
274300 1
274400 2
274500 2
274600 0
274700 0
274800 0
274900 0
275000 0
275100 1
275200 0
275300 0
275400 1
275500 0
275600 0
275700 0
275800 0
275900 0
276000 0
276100 0
276200 0
276300 1
276400 0
276500 0
276600 0
276700 1
276800 1
276900 0
277000 0
277100 0
277200 1
277300 1
277400 1
277500 12
277600 56
277700 43
277800 15
277900 1
278000 0
278100 1
278200 0
278300 0
278400 0
278500 1
278600 0
278700 0
278800 0
278900 0
279000 0
279100 0
279200 0
279300 1
279400 0
279500 0
279600 0
279700 0
279800 0
279900 0
280000 0
280100 0
280200 1
280300 1
280400 0
280500 1
280600 0
280700 0
280800 0
280900 0
281000 0
281100 0
281200 0
281300 0
281400 1
281500 0
281600 1
281700 0
281800 1
281900 0
282000 1
282100 1
282200 0
282300 0
282400 2
282500 1
282600 1
282700 2
282800 0
282900 0
283000 0
283100 0
283200 0
283300 0
283400 0
283500 0
283600 0
283700 0
283800 0
283900 0
284000 0
284100 0
284200 0
284300 6
284400 1
284500 1
284600 0
284700 0
284800 1
284900 0
285000 0
285100 0
285200 0
285300 3
285400 6
285500 13
285600 71
285700 809
285800 4045
285900 6263
286000 3162
286100 566
286200 52
286300 9
286400 5
286500 3
286600 2
286700 0
286800 1
286900 1
287000 0
287100 0
287200 1
287300 0
287400 2
287500 2
287600 0
287700 1
287800 0
287900 0
288000 1
288100 0
288200 1
288300 0
288400 0
288500 0
288600 0
288700 2
288800 0
288900 1
289000 1
289100 0
289200 0
289300 0
289400 0
289500 1
289600 0
289700 1
289800 1
289900 1
290000 0
290100 1
290200 1
290300 0
290400 0
290500 1
290600 4
290700 29
290800 46
290900 16
291000 1
291100 2
291200 1
291300 0
291400 0
291500 0
291600 0
291700 0
291800 2
291900 0
292000 0
292100 1
292200 0
292300 0
292400 0
292500 1
292600 1
292700 0
292800 0
292900 0
293000 0
293100 0
293200 0
293300 0
293400 0
293500 0
293600 0
293700 0
293800 1
293900 0
294000 0
294100 1
294200 0
294300 0
294400 0
294500 0
294600 1
294700 0
294800 0
294900 1
295000 0
295100 0
295200 0
295300 1
295400 1
295500 1
295600 1
295700 0
295800 2
295900 2
296000 0
296100 0
296200 0
296300 0
296400 0
296500 0
296600 1
296700 0
296800 0
296900 0
297000 0
297100 0
297200 1
297300 2
297400 4
297500 2
297600 1
297700 0
297800 0
297900 0
298000 0
298100 0
298200 2
298300 0
298400 6
298500 9
298600 11
298700 36
298800 301
298900 2409
299000 5997
299100 4741
299200 1274
299300 108
299400 9
299500 8
299600 6
299700 1
299800 2
299900 0
300000 0
300100 0
300200 0
300300 0
300400 0
300500 2
300600 3
300700 5
300800 0
300900 0
301000 0
301100 0
301200 0
301300 0
301400 0
301500 0
301600 2
301700 0
301800 0
301900 1
302000 0
302100 0
302200 1
302300 1
302400 0
302500 0
302600 0
302700 0
302800 0
302900 1
303000 1
303100 0
303200 1
303300 0
303400 1
303500 0
303600 1
303700 3
303800 19
303900 29
304000 31
304100 5
304200 2
304300 3
304400 2
304500 0
304600 0
304700 2
304800 1
304900 1
305000 1
305100 0
305200 0
305300 0
305400 2
305500 0
305600 0
305700 1
305800 0
305900 1
306000 0
306100 0
306200 0
306300 0
306400 0
306500 0
306600 0
306700 0
306800 1
306900 0
307000 1
307100 0
307200 1
307300 0
307400 0
307500 0
307600 0
307700 0
307800 0
307900 1
308000 0
308100 1
308200 1
308300 0
308400 1
308500 0
308600 0
308700 0
308800 1
308900 1
309000 1
309100 1
309200 0
309300 0
309400 0
309500 0
309600 0
309700 0
309800 1
309900 0
