-290000 0
-289900 0
-289800 0
-289700 0
-289600 0
-289500 0
-289400 0
-289300 0
-289200 0
-289100 1
-289000 0
-288900 1
-288800 0
-288700 0
-288600 0
-288500 0
-288400 0
-288300 0
-288200 1
-288100 0
-288000 0
-287900 0
-287800 1
-287700 0
-287600 0
-287500 0
-287400 0
-287300 6
-287200 10
-287100 9
-287000 6
-286900 2
-286800 0
-286700 1
-286600 0
-286500 0
-286400 0
-286300 0
-286200 1
-286100 0
-286000 0
-285900 0
-285800 0
-285700 0
-285600 1
-285500 0
-285400 0
-285300 0
-285200 0
-285100 0
-285000 1
-284900 0
-284800 0
-284700 0
-284600 1
-284500 0
-284400 0
-284300 1
-284200 0
-284100 1
-284000 0
-283900 2
-283800 0
-283700 0
-283600 0
-283500 0
-283400 1
-283300 0
-283200 1
-283100 0
-283000 0
-282900 0
-282800 0
-282700 0
-282600 0
-282500 0
-282400 0
-282300 1
-282200 0
-282100 0
-282000 0
-281900 0
-281800 0
-281700 0
-281600 0
-281500 0
-281400 1
-281300 0
-281200 0
-281100 0
-281000 0
-280900 0
-280800 0
-280700 0
-280600 2
-280500 0
-280400 2
-280300 1
-280200 0
-280100 0
-280000 0
-279900 3
-279800 0
-279700 1
-279600 0
-279500 1
-279400 1
-279300 0
-279200 18
-279100 257
-279000 1318
-278900 2370
-278800 1278
-278700 210
-278600 15
-278500 5
-278400 2
-278300 0
-278200 1
-278100 1
-278000 1
-277900 0
-277800 0
-277700 0
-277600 0
-277500 1
-277400 0
-277300 1
-277200 0
-277100 0
-277000 0
-276900 0
-276800 0
-276700 0
-276600 1
-276500 0
-276400 0
-276300 0
-276200 0
-276100 0
-276000 0
-275900 0
-275800 0
-275700 0
-275600 0
-275500 0
-275400 0
-275300 0
-275200 2
-275100 0
-275000 0
-274900 0
-274800 0
-274700 0
-274600 0
-274500 0
-274400 0
-274300 0
-274200 2
-274100 10
-274000 9
-273900 8
-273800 1
-273700 1
-273600 0
-273500 0
-273400 0
-273300 0
-273200 0
-273100 0
-273000 1
-272900 0
-272800 0
-272700 1
-272600 0
-272500 0
-272400 0
-272300 0
-272200 0
-272100 0
-272000 0
-271900 0
-271800 0
-271700 0
-271600 0
-271500 0
-271400 0
-271300 0
-271200 1
-271100 0
-271000 0
-270900 0
-270800 0
-270700 0
-270600 0
-270500 0
-270400 1
-270300 0
-270200 0
-270100 0
-270000 0
-269900 0
-269800 0
-269700 1
-269600 1
-269500 0
-269400 0
-269300 0
-269200 0
-269100 0
-269000 0
-268900 0
-268800 0
-268700 1
-268600 0
-268500 0
-268400 0
-268300 1
-268200 0
-268100 0
-268000 0
-267900 0
-267800 0
-267700 0
-267600 0
-267500 0
-267400 1
-267300 1
-267200 0
-267100 0
-267000 0
-266900 0
-266800 0
-266700 0
-266600 1
-266500 1
-266400 0
-266300 1
-266200 2
-266100 11
-266000 122
-265900 831
-265800 2222
-265700 1779
-265600 449
-265500 58
-265400 5
-265300 1
-265200 1
-265100 0
-265000 0
-264900 0
-264800 0
-264700 1
-264600 0
-264500 0
-264400 1
-264300 0
-264200 0
-264100 0
-264000 0
-263900 0
-263800 0
-263700 1
-263600 0
-263500 0
-263400 0
-263300 1
-263200 0
-263100 0
-263000 0
-262900 1
-262800 0
-262700 0
-262600 0
-262500 0
-262400 0
-262300 0
-262200 0
-262100 0
-262000 0
-261900 0
-261800 0
-261700 0
-261600 0
-261500 0
-261400 0
-261300 0
-261200 0
-261100 1
-261000 4
-260900 13
-260800 14
-260700 0
-260600 0
-260500 0
-260400 0
-260300 0
-260200 1
-260100 0
-260000 0
-259900 2
-259800 0
-259700 0
-259600 0
-259500 1
-259400 0
-259300 0
-259200 0
-259100 0
-259000 1
-258900 0
-258800 0
-258700 0
-258600 0
-258500 0
-258400 0
-258300 0
-258200 0
-258100 0
-258000 0
-257900 0
-257800 1
-257700 0
-257600 0
-257500 1
-257400 0
-257300 0
-257200 0
-257100 0
-257000 2
-256900 1
-256800 0
-256700 0
-256600 0
-256500 0
-256400 0
-256300 0
-256200 0
-256100 1
-256000 0
-255900 1
-255800 0
-255700 0
-255600 0
-255500 0
-255400 0
-255300 0
-255200 0
-255100 0
-255000 0
-254900 0
-254800 0
-254700 0
-254600 0
-254500 0
-254400 0
-254300 0
-254200 1
-254100 1
-254000 0
-253900 0
-253800 0
-253700 1
-253600 0
-253500 0
-253400 1
-253300 1
-253200 0
-253100 2
-253000 5
-252900 42
-252800 445
-252700 1937
-252600 2243
-252500 796
-252400 100
-252300 7
-252200 2
-252100 1
-252000 0
-251900 0
-251800 2
-251700 0
-251600 0
-251500 0
-251400 0
-251300 0
-251200 1
-251100 0
-251000 0
-250900 0
-250800 0
-250700 0
-250600 0
-250500 0
-250400 0
-250300 1
-250200 0
-250100 0
-250000 0
-249900 0
-249800 0
-249700 0
-249600 0
-249500 0
-249400 0
-249300 0
-249200 0
-249100 0
-249000 0
-248900 0
-248800 0
-248700 0
-248600 0
-248500 0
-248400 0
-248300 0
-248200 0
-248100 0
-248000 0
-247900 1
-247800 13
-247700 17
-247600 4
-247500 1
-247400 1
-247300 0
-247200 0
-247100 0
-247000 1
-246900 0
-246800 0
-246700 0
-246600 0
-246500 0
-246400 0
-246300 0
-246200 0
-246100 1
-246000 0
-245900 0
-245800 0
-245700 0
-245600 0
-245500 0
-245400 0
-245300 1
-245200 0
-245100 0
-245000 0
-244900 0
-244800 0
-244700 0
-244600 0
-244500 0
-244400 0
-244300 0
-244200 0
-244100 0
-244000 0
-243900 0
-243800 0
-243700 0
-243600 0
-243500 2
-243400 0
-243300 0
-243200 0
-243100 0
-243000 0
-242900 0
-242800 0
-242700 0
-242600 0
-242500 1
-242400 0
-242300 0
-242200 0
-242100 0
-242000 0
-241900 0
-241800 0
-241700 0
-241600 0
-241500 0
-241400 2
-241300 0
-241200 0
-241100 1
-241000 2
-240900 0
-240800 0
-240700 0
-240600 0
-240500 0
-240400 1
-240300 0
-240200 1
-240100 2
-240000 2
-239900 6
-239800 15
-239700 207
-239600 1176
-239500 2289
-239400 1326
-239300 220
-239200 23
-239100 1
-239000 1
-238900 2
-238800 0
-238700 0
-238600 0
-238500 0
-238400 0
-238300 1
-238200 0
-238100 1
-238000 0
-237900 0
-237800 0
-237700 0
-237600 0
-237500 1
-237400 0
-237300 0
-237200 0
-237100 0
-237000 0
-236900 0
-236800 1
-236700 0
-236600 0
-236500 0
-236400 0
-236300 0
-236200 0
-236100 0
-236000 0
-235900 0
-235800 0
-235700 0
-235600 0
-235500 0
-235400 0
-235300 0
-235200 0
-235100 0
-235000 0
-234900 1
-234800 2
-234700 13
-234600 13
-234500 7
-234400 2
-234300 0
-234200 0
-234100 0
-234000 0
-233900 0
-233800 0
-233700 0
-233600 0
-233500 0
-233400 0
-233300 0
-233200 0
-233100 0
-233000 0
-232900 1
-232800 0
-232700 0
-232600 0
-232500 0
-232400 0
-232300 0
-232200 0
-232100 1
-232000 0
-231900 0
-231800 1
-231700 0
-231600 0
-231500 0
-231400 1
-231300 0
-231200 0
-231100 0
-231000 0
-230900 0
-230800 1
-230700 0
-230600 0
-230500 1
-230400 0
-230300 1
-230200 0
-230100 0
-230000 0
-229900 0
-229800 0
-229700 1
-229600 1
-229500 0
-229400 0
-229300 0
-229200 0
-229100 0
-229000 0
-228900 0
-228800 0
-228700 0
-228600 0
-228500 0
-228400 0
-228300 0
-228200 0
-228100 0
-228000 0
-227900 0
-227800 1
-227700 0
-227600 0
-227500 0
-227400 1
-227300 0
-227200 0
-227100 0
-227000 0
-226900 0
-226800 3
-226700 9
-226600 77
-226500 764
-226400 2178
-226300 1919
-226200 508
-226100 57
-226000 3
-225900 1
-225800 0
-225700 0
-225600 1
-225500 0
-225400 1
-225300 0
-225200 0
-225100 0
-225000 0
-224900 0
-224800 0
-224700 0
-224600 0
-224500 1
-224400 0
-224300 1
-224200 0
-224100 0
-224000 0
-223900 0
-223800 0
-223700 0
-223600 0
-223500 0
-223400 0
-223300 0
-223200 0
-223100 0
-223000 0
-222900 1
-222800 0
-222700 0
-222600 0
-222500 0
-222400 0
-222300 0
-222200 0
-222100 0
-222000 0
-221900 0
-221800 0
-221700 3
-221600 11
-221500 24
-221400 6
-221300 1
-221200 0
-221100 1
-221000 0
-220900 0
-220800 0
-220700 0
-220600 0
-220500 0
-220400 0
-220300 0
-220200 0
-220100 0
-220000 0
-219900 0
-219800 0
-219700 0
-219600 0
-219500 0
-219400 0
-219300 0
-219200 0
-219100 0
-219000 0
-218900 0
-218800 0
-218700 0
-218600 0
-218500 0
-218400 0
-218300 0
-218200 0
-218100 0
-218000 0
-217900 0
-217800 1
-217700 0
-217600 0
-217500 0
-217400 0
-217300 0
-217200 0
-217100 0
-217000 1
-216900 1
-216800 0
-216700 0
-216600 1
-216500 1
-216400 0
-216300 0
-216200 1
-216100 0
-216000 0
-215900 0
-215800 0
-215700 0
-215600 1
-215500 0
-215400 1
-215300 0
-215200 0
-215100 0
-215000 0
-214900 0
-214800 1
-214700 0
-214600 0
-214500 0
-214400 0
-214300 0
-214200 1
-214100 0
-214000 1
-213900 1
-213800 0
-213700 2
-213600 5
-213500 49
-213400 491
-213300 1875
-213200 2205
-213100 766
-213000 84
-212900 8
-212800 4
-212700 2
-212600 0
-212500 0
-212400 1
-212300 0
-212200 0
-212100 1
-212000 0
-211900 1
-211800 0
-211700 1
-211600 1
-211500 1
-211400 0
-211300 0
-211200 0
-211100 0
-211000 0
-210900 0
-210800 0
-210700 0
-210600 1
-210500 0
-210400 0
-210300 0
-210200 0
-210100 0
-210000 0
-209900 0
-209800 0
-209700 1
-209600 1
-209500 0
-209400 0
-209300 0
-209200 0
-209100 1
-209000 0
-208900 0
-208800 1
-208700 0
-208600 2
-208500 4
-208400 22
-208300 16
-208200 5
-208100 1
-208000 1
-207900 0
-207800 0
-207700 0
-207600 0
-207500 0
-207400 0
-207300 0
-207200 0
-207100 0
-207000 0
-206900 0
-206800 0
-206700 1
-206600 1
-206500 1
-206400 0
-206300 0
-206200 0
-206100 0
-206000 1
-205900 0
-205800 1
-205700 0
-205600 0
-205500 0
-205400 0
-205300 0
-205200 0
-205100 0
-205000 0
-204900 0
-204800 0
-204700 0
-204600 0
-204500 0
-204400 0
-204300 1
-204200 0
-204100 0
-204000 0
-203900 0
-203800 0
-203700 0
-203600 1
-203500 0
-203400 1
-203300 0
-203200 0
-203100 0
-203000 0
-202900 0
-202800 0
-202700 0
-202600 0
-202500 0
-202400 0
-202300 0
-202200 0
-202100 1
-202000 1
-201900 0
-201800 0
-201700 2
-201600 1
-201500 0
-201400 0
-201300 0
-201200 0
-201100 0
-201000 0
-200900 0
-200800 0
-200700 1
-200600 5
-200500 3
-200400 29
-200300 261
-200200 1410
-200100 2361
-200000 1165
-199900 183
-199800 14
-199700 7
-199600 1
-199500 0
-199400 0
-199300 0
-199200 0
-199100 0
-199000 0
-198900 1
-198800 0
-198700 0
-198600 0
-198500 0
-198400 1
-198300 0
-198200 1
-198100 0
-198000 0
-197900 0
-197800 0
-197700 0
-197600 0
-197500 0
-197400 0
-197300 0
-197200 1
-197100 0
-197000 0
-196900 0
-196800 0
-196700 0
-196600 0
-196500 0
-196400 0
-196300 1
-196200 0
-196100 0
-196000 0
-195900 0
-195800 1
-195700 0
-195600 0
-195500 0
-195400 2
-195300 12
-195200 15
-195100 6
-195000 0
-194900 1
-194800 1
-194700 1
-194600 0
-194500 0
-194400 0
-194300 0
-194200 0
-194100 0
-194000 0
-193900 0
-193800 0
-193700 0
-193600 0
-193500 0
-193400 0
-193300 0
-193200 0
-193100 0
-193000 2
-192900 0
-192800 1
-192700 0
-192600 0
-192500 0
-192400 0
-192300 0
-192200 0
-192100 0
-192000 0
-191900 0
-191800 0
-191700 0
-191600 0
-191500 0
-191400 0
-191300 0
-191200 0
-191100 0
-191000 0
-190900 0
-190800 0
-190700 0
-190600 0
-190500 0
-190400 0
-190300 1
-190200 0
-190100 0
-190000 0
-189900 1
-189800 0
-189700 0
-189600 0
-189500 0
-189400 0
-189300 0
-189200 1
-189100 0
-189000 0
-188900 0
-188800 0
-188700 0
-188600 1
-188500 0
-188400 0
-188300 0
-188200 0
-188100 0
-188000 0
-187900 0
-187800 1
-187700 0
-187600 0
-187500 2
-187400 2
-187300 10
-187200 103
-187100 810
-187000 2295
-186900 1783
-186800 408
-186700 43
-186600 3
-186500 2
-186400 1
-186300 0
-186200 0
-186100 0
-186000 0
-185900 0
-185800 0
-185700 1
-185600 0
-185500 1
-185400 0
-185300 1
-185200 0
-185100 0
-185000 0
-184900 0
-184800 0
-184700 0
-184600 1
-184500 0
-184400 0
-184300 0
-184200 0
-184100 0
-184000 0
-183900 0
-183800 1
-183700 0
-183600 0
-183500 0
-183400 1
-183300 0
-183200 0
-183100 0
-183000 1
-182900 0
-182800 0
-182700 0
-182600 0
-182500 0
-182400 1
-182300 0
-182200 7
-182100 18
-182000 10
-181900 2
-181800 0
-181700 0
-181600 0
-181500 0
-181400 0
-181300 0
-181200 0
-181100 0
-181000 0
-180900 0
-180800 0
-180700 0
-180600 0
-180500 0
-180400 0
-180300 1
-180200 0
-180100 0
-180000 0
-179900 0
-179800 0
-179700 0
-179600 0
-179500 0
-179400 0
-179300 0
-179200 0
-179100 0
-179000 0
-178900 0
-178800 0
-178700 0
-178600 0
-178500 1
-178400 0
-178300 0
-178200 1
-178100 0
-178000 0
-177900 0
-177800 0
-177700 0
-177600 0
-177500 0
-177400 0
-177300 0
-177200 2
-177100 0
-177000 0
-176900 0
-176800 0
-176700 0
-176600 1
-176500 0
-176400 0
-176300 0
-176200 0
-176100 0
-176000 0
-175900 0
-175800 0
-175700 0
-175600 0
-175500 2
-175400 0
-175300 1
-175200 0
-175100 0
-175000 0
-174900 0
-174800 1
-174700 0
-174600 0
-174500 0
-174400 0
-174300 3
-174200 6
-174100 37
-174000 400
-173900 1743
-173800 2253
-173700 851
-173600 106
-173500 12
-173400 3
-173300 0
-173200 1
-173100 0
-173000 0
-172900 0
-172800 0
-172700 0
-172600 0
-172500 0
-172400 1
-172300 0
-172200 1
-172100 0
-172000 1
-171900 0
-171800 0
-171700 0
-171600 0
-171500 0
-171400 0
-171300 0
-171200 0
-171100 0
-171000 0
-170900 0
-170800 1
-170700 0
-170600 0
-170500 0
-170400 0
-170300 1
-170200 0
-170100 0
-170000 0
-169900 0
-169800 0
-169700 0
-169600 1
-169500 0
-169400 1
-169300 1
-169200 0
-169100 2
-169000 12
-168900 8
-168800 6
-168700 0
-168600 0
-168500 0
-168400 0
-168300 0
-168200 0
-168100 0
-168000 0
-167900 0
-167800 0
-167700 0
-167600 1
-167500 2
-167400 0
-167300 1
-167200 0
-167100 1
-167000 1
-166900 0
-166800 0
-166700 0
-166600 0
-166500 0
-166400 0
-166300 1
-166200 1
-166100 0
-166000 0
-165900 0
-165800 1
-165700 0
-165600 0
-165500 0
-165400 0
-165300 0
-165200 0
-165100 0
-165000 1
-164900 1
-164800 1
-164700 0
-164600 1
-164500 0
-164400 0
-164300 0
-164200 0
-164100 0
-164000 0
-163900 0
-163800 0
-163700 0
-163600 0
-163500 0
-163400 0
-163300 0
-163200 0
-163100 0
-163000 1
-162900 0
-162800 0
-162700 0
-162600 0
-162500 0
-162400 3
-162300 5
-162200 6
-162100 0
-162000 2
-161900 0
-161800 1
-161700 0
-161600 0
-161500 0
-161400 0
-161300 0
-161200 0
-161100 1
-161000 22
-160900 198
-160800 1233
-160700 2467
-160600 1375
-160500 233
-160400 16
-160300 3
-160200 4
-160100 0
-160000 1
-159900 0
-159800 1
-159700 0
-159600 0
-159500 0
-159400 0
-159300 1
-159200 1
-159100 1
-159000 0
-158900 0
-158800 0
-158700 1
-158600 0
-158500 0
-158400 0
-158300 1
-158200 0
-158100 0
-158000 0
-157900 0
-157800 0
-157700 1
-157600 0
-157500 0
-157400 0
-157300 0
-157200 0
-157100 0
-157000 0
-156900 0
-156800 0
-156700 0
-156600 0
-156500 0
-156400 0
-156300 0
-156200 0
-156100 1
-156000 2
-155900 7
-155800 13
-155700 13
-155600 3
-155500 1
-155400 0
-155300 1
-155200 0
-155100 0
-155000 1
-154900 0
-154800 0
-154700 0
-154600 0
-154500 0
-154400 0
-154300 0
-154200 0
-154100 0
-154000 0
-153900 0
-153800 1
-153700 0
-153600 0
-153500 0
-153400 1
-153300 0
-153200 0
-153100 0
-153000 1
-152900 0
-152800 1
-152700 0
-152600 0
-152500 0
-152400 0
-152300 0
-152200 0
-152100 0
-152000 0
-151900 2
-151800 0
-151700 0
-151600 0
-151500 1
-151400 0
-151300 0
-151200 0
-151100 0
-151000 1
-150900 0
-150800 0
-150700 0
-150600 1
-150500 0
-150400 0
-150300 0
-150200 0
-150100 0
-150000 0
-149900 0
-149800 1
-149700 0
-149600 1
-149500 1
-149400 0
-149300 0
-149200 0
-149100 0
-149000 1
-148900 0
-148800 0
-148700 0
-148600 0
-148500 1
-148400 0
-148300 1
-148200 1
-148100 2
-148000 4
-147900 6
-147800 88
-147700 691
-147600 2171
-147500 1841
-147400 532
-147300 40
-147200 3
-147100 1
-147000 1
-146900 1
-146800 2
-146700 1
-146600 0
-146500 0
-146400 0
-146300 2
-146200 0
-146100 1
-146000 1
-145900 1
-145800 1
-145700 0
-145600 0
-145500 1
-145400 0
-145300 0
-145200 0
-145100 0
-145000 0
-144900 2
-144800 0
-144700 0
-144600 0
-144500 0
-144400 0
-144300 0
-144200 1
-144100 0
-144000 0
-143900 0
-143800 1
-143700 0
-143600 0
-143500 0
-143400 0
-143300 0
-143200 0
-143100 0
-143000 0
-142900 1
-142800 7
-142700 12
-142600 17
-142500 4
-142400 0
-142300 0
-142200 0
-142100 1
-142000 0
-141900 0
-141800 0
-141700 0
-141600 0
-141500 0
-141400 0
-141300 0
-141200 0
-141100 0
-141000 0
-140900 0
-140800 0
-140700 0
-140600 0
-140500 1
-140400 0
-140300 0
-140200 0
-140100 0
-140000 0
-139900 1
-139800 0
-139700 0
-139600 0
-139500 0
-139400 0
-139300 0
-139200 0
-139100 1
-139000 0
-138900 0
-138800 0
-138700 0
-138600 1
-138500 0
-138400 0
-138300 0
-138200 1
-138100 0
-138000 0
-137900 0
-137800 2
-137700 0
-137600 0
-137500 0
-137400 0
-137300 0
-137200 1
-137100 0
-137000 1
-136900 0
-136800 0
-136700 0
-136600 0
-136500 0
-136400 1
-136300 0
-136200 0
-136100 0
-136000 2
-135900 0
-135800 0
-135700 0
-135600 0
-135500 0
-135400 0
-135300 1
-135200 0
-135100 1
-135000 0
-134900 1
-134800 3
-134700 29
-134600 297
-134500 1730
-134400 2370
-134300 940
-134200 106
-134100 10
-134000 1
-133900 4
-133800 0
-133700 1
-133600 0
-133500 0
-133400 2
-133300 1
-133200 0
-133100 0
-133000 0
-132900 1
-132800 1
-132700 1
-132600 0
-132500 0
-132400 0
-132300 0
-132200 0
-132100 0
-132000 0
-131900 0
-131800 0
-131700 0
-131600 0
-131500 0
-131400 0
-131300 0
-131200 0
-131100 0
-131000 0
-130900 0
-130800 0
-130700 0
-130600 0
-130500 1
-130400 0
-130300 0
-130200 1
-130100 0
-130000 0
-129900 0
-129800 0
-129700 3
-129600 10
-129500 18
-129400 8
-129300 0
-129200 0
-129100 0
-129000 0
-128900 0
-128800 0
-128700 0
-128600 0
-128500 0
-128400 0
-128300 0
-128200 0
-128100 0
-128000 0
-127900 0
-127800 0
-127700 0
-127600 0
-127500 0
-127400 0
-127300 0
-127200 1
-127100 0
-127000 0
-126900 0
-126800 0
-126700 0
-126600 0
-126500 0
-126400 2
-126300 0
-126200 0
-126100 0
-126000 0
-125900 2
-125800 0
-125700 1
-125600 1
-125500 1
-125400 0
-125300 0
-125200 0
-125100 0
-125000 0
-124900 0
-124800 0
-124700 2
-124600 0
-124500 0
-124400 0
-124300 0
-124200 0
-124100 0
-124000 0
-123900 1
-123800 0
-123700 0
-123600 0
-123500 0
-123400 0
-123300 0
-123200 0
-123100 0
-123000 0
-122900 0
-122800 2
-122700 0
-122600 0
-122500 1
-122400 0
-122300 0
-122200 0
-122100 0
-122000 0
-121900 0
-121800 3
-121700 4
-121600 15
-121500 142
-121400 1064
-121300 2353
-121200 1463
-121100 295
-121000 21
-120900 1
-120800 3
-120700 2
-120600 0
-120500 0
-120400 0
-120300 0
-120200 0
-120100 0
-120000 1
-119900 0
-119800 2
-119700 1
-119600 0
-119500 0
-119400 0
-119300 0
-119200 1
-119100 0
-119000 0
-118900 0
-118800 0
-118700 0
-118600 0
-118500 0
-118400 0
-118300 0
-118200 0
-118100 0
-118000 0
-117900 1
-117800 0
-117700 0
-117600 0
-117500 0
-117400 0
-117300 0
-117200 0
-117100 1
-117000 0
-116900 0
-116800 0
-116700 1
-116600 0
-116500 6
-116400 15
-116300 13
-116200 3
-116100 0
-116000 0
-115900 0
-115800 0
-115700 0
-115600 0
-115500 0
-115400 0
-115300 1
-115200 0
-115100 0
-115000 0
-114900 1
-114800 0
-114700 0
-114600 1
-114500 0
-114400 0
-114300 1
-114200 1
-114100 1
-114000 0
-113900 0
-113800 0
-113700 0
-113600 0
-113500 0
-113400 0
-113300 0
-113200 0
-113100 0
-113000 0
-112900 0
-112800 1
-112700 1
-112600 0
-112500 0
-112400 0
-112300 0
-112200 2
-112100 0
-112000 0
-111900 0
-111800 1
-111700 0
-111600 0
-111500 1
-111400 0
-111300 0
-111200 0
-111100 1
-111000 0
-110900 0
-110800 0
-110700 0
-110600 0
-110500 0
-110400 0
-110300 0
-110200 0
-110100 0
-110000 1
-109900 0
-109800 0
-109700 0
-109600 0
-109500 0
-109400 0
-109300 0
-109200 0
-109100 0
-109000 0
-108900 1
-108800 0
-108700 2
-108600 1
-108500 7
-108400 75
-108300 669
-108200 2169
-108100 1881
-108000 504
-107900 53
-107800 3
-107700 4
-107600 1
-107500 0
-107400 0
-107300 0
-107200 0
-107100 0
-107000 0
-106900 1
-106800 0
-106700 0
-106600 1
-106500 0
-106400 0
-106300 0
-106200 0
-106100 1
-106000 0
-105900 0
-105800 0
-105700 0
-105600 0
-105500 1
-105400 0
-105300 0
-105200 0
-105100 1
-105000 0
-104900 0
-104800 0
-104700 0
-104600 0
-104500 0
-104400 0
-104300 0
-104200 0
-104100 0
-104000 0
-103900 0
-103800 0
-103700 0
-103600 0
-103500 2
-103400 8
-103300 25
-103200 10
-103100 3
-103000 0
-102900 1
-102800 0
-102700 0
-102600 0
-102500 0
-102400 0
-102300 0
-102200 0
-102100 0
-102000 0
-101900 0
-101800 1
-101700 1
-101600 0
-101500 0
-101400 0
-101300 0
-101200 0
-101100 1
-101000 0
-100900 0
-100800 0
-100700 0
-100600 1
-100500 0
-100400 0
-100300 0
-100200 1
-100100 0
-100000 0
-99900 0
-99800 0
-99700 0
-99600 0
-99500 0
-99400 0
-99300 1
-99200 1
-99100 0
-99000 0
-98900 1
-98800 0
-98700 0
-98600 0
-98500 1
-98400 1
-98300 0
-98200 0
-98100 0
-98000 0
-97900 0
-97800 0
-97700 0
-97600 0
-97500 0
-97400 1
-97300 0
-97200 0
-97100 1
-97000 0
-96900 0
-96800 0
-96700 0
-96600 3
-96500 0
-96400 0
-96300 0
-96200 0
-96100 0
-96000 0
-95900 0
-95800 0
-95700 2
-95600 0
-95500 1
-95400 2
-95300 22
-95200 242
-95100 1434
-95000 2512
-94900 1085
-94800 143
-94700 11
-94600 0
-94500 2
-94400 3
-94300 0
-94200 0
-94100 1
-94000 1
-93900 0
-93800 0
-93700 0
-93600 0
-93500 1
-93400 1
-93300 0
-93200 0
-93100 1
-93000 0
-92900 0
-92800 0
-92700 0
-92600 0
-92500 0
-92400 0
-92300 0
-92200 1
-92100 1
-92000 0
-91900 0
-91800 0
-91700 0
-91600 0
-91500 0
-91400 0
-91300 0
-91200 0
-91100 0
-91000 0
-90900 0
-90800 0
-90700 0
-90600 0
-90500 0
-90400 0
-90300 1
-90200 8
-90100 16
-90000 6
-89900 1
-89800 1
-89700 0
-89600 0
-89500 1
-89400 0
-89300 0
-89200 0
-89100 0
-89000 0
-88900 1
-88800 0
-88700 0
-88600 0
-88500 0
-88400 0
-88300 0
-88200 0
-88100 0
-88000 0
-87900 0
-87800 1
-87700 0
-87600 0
-87500 0
-87400 0
-87300 0
-87200 0
-87100 0
-87000 0
-86900 0
-86800 0
-86700 0
-86600 0
-86500 0
-86400 1
-86300 0
-86200 1
-86100 0
-86000 0
-85900 0
-85800 0
-85700 1
-85600 0
-85500 0
-85400 0
-85300 0
-85200 2
-85100 0
-85000 0
-84900 0
-84800 1
-84700 0
-84600 0
-84500 0
-84400 0
-84300 0
-84200 1
-84100 0
-84000 0
-83900 0
-83800 0
-83700 0
-83600 1
-83500 0
-83400 0
-83300 0
-83200 0
-83100 1
-83000 0
-82900 0
-82800 0
-82700 0
-82600 0
-82500 0
-82400 4
-82300 1
-82200 9
-82100 94
-82000 718
-81900 2193
-81800 1950
-81700 440
-81600 47
-81500 2
-81400 2
-81300 0
-81200 0
-81100 1
-81000 0
-80900 0
-80800 0
-80700 0
-80600 0
-80500 0
-80400 1
-80300 2
-80200 1
-80100 0
-80000 0
-79900 0
-79800 1
-79700 0
-79600 0
-79500 0
-79400 0
-79300 0
-79200 0
-79100 0
-79000 0
-78900 0
-78800 0
-78700 0
-78600 0
-78500 0
-78400 0
-78300 0
-78200 0
-78100 0
-78000 0
-77900 0
-77800 0
-77700 0
-77600 1
-77500 0
-77400 0
-77300 1
-77200 0
-77100 7
-77000 19
-76900 15
-76800 3
-76700 1
-76600 1
-76500 0
-76400 0
-76300 0
-76200 0
-76100 0
-76000 0
-75900 0
-75800 1
-75700 0
-75600 1
-75500 0
-75400 0
-75300 0
-75200 0
-75100 0
-75000 0
-74900 0
-74800 0
-74700 1
-74600 0
-74500 0
-74400 0
-74300 0
-74200 0
-74100 0
-74000 0
-73900 0
-73800 0
-73700 0
-73600 0
-73500 0
-73400 0
-73300 0
-73200 0
-73100 0
-73000 0
-72900 0
-72800 1
-72700 1
-72600 0
-72500 0
-72400 0
-72300 1
-72200 0
-72100 1
-72000 0
-71900 0
-71800 0
-71700 0
-71600 0
-71500 0
-71400 1
-71300 0
-71200 0
-71100 0
-71000 0
-70900 0
-70800 0
-70700 0
-70600 0
-70500 0
-70400 0
-70300 1
-70200 0
-70100 0
-70000 0
-69900 0
-69800 0
-69700 1
-69600 0
-69500 0
-69400 1
-69300 0
-69200 4
-69100 6
-69000 62
-68900 659
-68800 2143
-68700 1966
-68600 512
-68500 52
-68400 3
-68300 2
-68200 2
-68100 0
-68000 0
-67900 0
-67800 0
-67700 0
-67600 0
-67500 1
-67400 0
-67300 0
-67200 2
-67100 5
-67000 0
-66900 0
-66800 0
-66700 1
-66600 0
-66500 0
-66400 0
-66300 0
-66200 0
-66100 0
-66000 0
-65900 0
-65800 0
-65700 0
-65600 0
-65500 1
-65400 0
-65300 0
-65200 0
-65100 0
-65000 0
-64900 0
-64800 0
-64700 0
-64600 0
-64500 0
-64400 1
-64300 0
-64200 0
-64100 1
-64000 9
-63900 11
-63800 9
-63700 3
-63600 1
-63500 0
-63400 0
-63300 0
-63200 0
-63100 0
-63000 0
-62900 0
-62800 0
-62700 0
-62600 0
-62500 0
-62400 0
-62300 0
-62200 0
-62100 1
-62000 0
-61900 2
-61800 1
-61700 0
-61600 0
-61500 0
-61400 0
-61300 0
-61200 0
-61100 0
-61000 0
-60900 0
-60800 0
-60700 0
-60600 0
-60500 0
-60400 0
-60300 0
-60200 0
-60100 0
-60000 0
-59900 0
-59800 0
-59700 1
-59600 1
-59500 0
-59400 0
-59300 0
-59200 0
-59100 0
-59000 2
-58900 0
-58800 0
-58700 0
-58600 0
-58500 0
-58400 0
-58300 0
-58200 0
-58100 0
-58000 0
-57900 0
-57800 0
-57700 0
-57600 1
-57500 0
-57400 0
-57300 0
-57200 0
-57100 0
-57000 0
-56900 0
-56800 0
-56700 0
-56600 0
-56500 0
-56400 0
-56300 0
-56200 1
-56100 3
-56000 1
-55900 45
-55800 425
-55700 1828
-55600 2244
-55500 804
-55400 96
-55300 7
-55200 1
-55100 2
-55000 0
-54900 1
-54800 0
-54700 0
-54600 0
-54500 0
-54400 0
-54300 2
-54200 0
-54100 1
-54000 3
-53900 0
-53800 0
-53700 0
-53600 0
-53500 0
-53400 0
-53300 0
-53200 0
-53100 0
-53000 0
-52900 0
-52800 0
-52700 0
-52600 0
-52500 0
-52400 0
-52300 0
-52200 1
-52100 0
-52000 0
-51900 1
-51800 0
-51700 0
-51600 0
-51500 1
-51400 0
-51300 0
-51200 0
-51100 0
-51000 0
-50900 4
-50800 14
-50700 14
-50600 10
-50500 0
-50400 0
-50300 1
-50200 0
-50100 0
-50000 0
-49900 0
-49800 1
-49700 0
-49600 0
-49500 0
-49400 1
-49300 0
-49200 0
-49100 0
-49000 0
-48900 1
-48800 0
-48700 0
-48600 0
-48500 1
-48400 0
-48300 0
-48200 0
-48100 0
-48000 1
-47900 1
-47800 0
-47700 1
-47600 0
-47500 0
-47400 2
-47300 1
-47200 1
-47100 0
-47000 0
-46900 0
-46800 0
-46700 0
-46600 0
-46500 0
-46400 0
-46300 0
-46200 0
-46100 0
-46000 0
-45900 0
-45800 1
-45700 1
-45600 0
-45500 1
-45400 0
-45300 0
-45200 0
-45100 0
-45000 0
-44900 1
-44800 0
-44700 0
-44600 0
-44500 0
-44400 0
-44300 0
-44200 0
-44100 1
-44000 0
-43900 1
-43800 0
-43700 1
-43600 0
-43500 0
-43400 0
-43300 0
-43200 0
-43100 0
-43000 1
-42900 8
-42800 24
-42700 109
-42600 800
-42500 2384
-42400 1729
-42300 339
-42200 23
-42100 4
-42000 1
-41900 2
-41800 0
-41700 0
-41600 0
-41500 0
-41400 0
-41300 0
-41200 0
-41100 0
-41000 1
-40900 2
-40800 1
-40700 0
-40600 0
-40500 1
-40400 0
-40300 0
-40200 0
-40100 0
-40000 0
-39900 1
-39800 0
-39700 1
-39600 0
-39500 0
-39400 0
-39300 0
-39200 0
-39100 0
-39000 0
-38900 0
-38800 2
-38700 0
-38600 0
-38500 0
-38400 0
-38300 0
-38200 0
-38100 0
-38000 0
-37900 0
-37800 1
-37700 8
-37600 17
-37500 9
-37400 3
-37300 1
-37200 0
-37100 2
-37000 0
-36900 1
-36800 0
-36700 0
-36600 0
-36500 0
-36400 0
-36300 0
-36200 0
-36100 0
-36000 0
-35900 1
-35800 0
-35700 1
-35600 0
-35500 0
-35400 0
-35300 0
-35200 0
-35100 2
-35000 0
-34900 0
-34800 0
-34700 2
-34600 0
-34500 1
-34400 1
-34300 0
-34200 0
-34100 0
-34000 0
-33900 0
-33800 1
-33700 1
-33600 0
-33500 0
-33400 0
-33300 0
-33200 0
-33100 0
-33000 0
-32900 1
-32800 1
-32700 0
-32600 0
-32500 0
-32400 0
-32300 0
-32200 0
-32100 0
-32000 1
-31900 0
-31800 0
-31700 0
-31600 0
-31500 0
-31400 0
-31300 0
-31200 0
-31100 0
-31000 0
-30900 0
-30800 0
-30700 0
-30600 0
-30500 0
-30400 0
-30300 0
-30200 1
-30100 0
-30000 2
-29900 15
-29800 15
-29700 26
-29600 29
-29500 451
-29400 1831
-29300 2234
-29200 705
-29100 76
-29000 7
-28900 1
-28800 0
-28700 2
-28600 0
-28500 0
-28400 0
-28300 0
-28200 0
-28100 0
-28000 0
-27900 0
-27800 2
-27700 0
-27600 0
-27500 0
-27400 0
-27300 0
-27200 0
-27100 0
-27000 0
-26900 0
-26800 0
-26700 0
-26600 1
-26500 0
-26400 0
-26300 1
-26200 0
-26100 0
-26000 0
-25900 0
-25800 0
-25700 0
-25600 0
-25500 1
-25400 0
-25300 0
-25200 0
-25100 0
-25000 0
-24900 0
-24800 1
-24700 2
-24600 8
-24500 25
-24400 8
-24300 4
-24200 0
-24100 0
-24000 1
-23900 0
-23800 0
-23700 0
-23600 0
-23500 0
-23400 0
-23300 0
-23200 0
-23100 0
-23000 0
-22900 0
-22800 0
-22700 0
-22600 0
-22500 0
-22400 0
-22300 0
-22200 0
-22100 0
-22000 1
-21900 0
-21800 0
-21700 0
-21600 0
-21500 0
-21400 0
-21300 0
-21200 1
-21100 0
-21000 0
-20900 1
-20800 0
-20700 0
-20600 0
-20500 0
-20400 0
-20300 0
-20200 0
-20100 0
-20000 0
-19900 0
-19800 0
-19700 0
-19600 0
-19500 1
-19400 0
-19300 0
-19200 0
-19100 0
-19000 0
-18900 0
-18800 0
-18700 0
-18600 0
-18500 0
-18400 0
-18300 0
-18200 0
-18100 0
-18000 0
-17900 0
-17800 0
-17700 0
-17600 0
-17500 0
-17400 0
-17300 0
-17200 0
-17100 0
-17000 0
-16900 0
-16800 0
-16700 4
-16600 6
-16500 71
-16400 678
-16300 2081
-16200 1957
-16100 513
-16000 55
-15900 4
-15800 0
-15700 2
-15600 2
-15500 1
-15400 0
-15300 0
-15200 1
-15100 0
-15000 1
-14900 0
-14800 0
-14700 1
-14600 0
-14500 1
-14400 0
-14300 0
-14200 0
-14100 0
-14000 0
-13900 0
-13800 1
-13700 0
-13600 0
-13500 0
-13400 0
-13300 0
-13200 2
-13100 1
-13000 0
-12900 0
-12800 0
-12700 0
-12600 0
-12500 0
-12400 0
-12300 0
-12200 0
-12100 0
-12000 0
-11900 0
-11800 0
-11700 0
-11600 0
-11500 7
-11400 11
-11300 18
-11200 7
-11100 0
-11000 1
-10900 0
-10800 1
-10700 0
-10600 0
-10500 0
-10400 0
-10300 1
-10200 0
-10100 0
-10000 0
-9900 0
-9800 0
-9700 0
-9600 0
-9500 0
-9400 0
-9300 0
-9200 1
-9100 1
-9000 0
-8900 0
-8800 0
-8700 2
-8600 1
-8500 0
-8400 1
-8300 0
-8200 0
-8100 0
-8000 0
-7900 0
-7800 0
-7700 1
-7600 0
-7500 0
-7400 0
-7300 0
-7200 0
-7100 0
-7000 1
-6900 0
-6800 0
-6700 0
-6600 0
-6500 0
-6400 0
-6300 0
-6200 0
-6100 0
-6000 0
-5900 1
-5800 0
-5700 0
-5600 1
-5500 0
-5400 0
-5300 0
-5200 1
-5100 1
-5000 0
-4900 0
-4800 1
-4700 1
-4600 2
-4500 0
-4400 0
-4300 0
-4200 0
-4100 0
-4000 0
-3900 0
-3800 1
-3700 0
-3600 0
-3500 7
-3400 8
-3300 105
-3200 852
-3100 2366
-3000 1613
-2900 304
-2800 19
-2700 4
-2600 1
-2500 3
-2400 1
-2300 0
-2200 0
-2100 0
-2000 0
-1900 0
-1800 0
-1700 0
-1600 0
-1500 1
-1400 0
-1300 0
-1200 0
-1100 0
-1000 0
-900 0
-800 1
-700 0
-600 0
-500 0
-400 0
-300 0
-200 0
-100 0
0 0
100 0
200 0
300 0
400 0
500 0
600 0
700 0
800 2
900 0
1000 0
1100 0
1200 0
1300 0
1400 1
1500 0
1600 0
1700 9
1800 23
1900 12
2000 2
2100 1
2200 1
2300 0
2400 0
2500 1
2600 0
2700 0
2800 0
2900 0
3000 0
3100 0
3200 0
3300 0
3400 0
3500 0
3600 0
3700 0
3800 0
3900 0
4000 0
4100 0
4200 0
4300 0
4400 0
4500 0
4600 0
4700 1
4800 1
4900 0
5000 0
5100 0
5200 0
5300 0
5400 1
5500 1
5600 0
5700 0
5800 0
5900 0
6000 0
6100 1
6200 0
6300 0
6400 1
6500 1
6600 0
6700 1
6800 0
6900 0
7000 0
7100 1
7200 1
7300 0
7400 1
7500 0
7600 0
7700 1
7800 0
7900 0
8000 0
8100 0
8200 0
8300 0
8400 0
8500 2
8600 0
8700 0
8800 0
8900 0
9000 1
9100 0
9200 0
9300 2
9400 4
9500 9
9600 23
9700 42
9800 256
9900 3261
10000 19486
10100 33836
10200 16164
10300 2326
10400 137
10500 20
10600 23
10700 9
10800 6
10900 1
11000 0
11100 1
11200 0
11300 0
11400 0
11500 0
11600 0
11700 0
11800 0
11900 0
12000 0
12100 1
12200 0
12300 0
12400 0
12500 0
12600 0
12700 0
12800 0
12900 0
13000 1
13100 0
13200 1
13300 0
13400 0
13500 0
13600 2
13700 0
13800 1
13900 0
14000 0
14100 0
14200 0
14300 1
14400 0
14500 0
14600 0
14700 0
14800 3
14900 10
15000 12
15100 6
15200 1
15300 1
15400 0
15500 0
15600 0
15700 1
15800 0
15900 0
16000 0
16100 0
16200 0
16300 1
16400 0
16500 0
16600 0
16700 0
16800 1
16900 0
17000 0
17100 1
17200 0
17300 0
17400 0
17500 0
17600 0
17700 0
17800 0
17900 0
18000 0
18100 0
18200 0
18300 0
18400 0
18500 0
18600 0
18700 0
18800 0
18900 1
19000 0
19100 0
19200 1
19300 0
19400 0
19500 1
19600 0
19700 0
19800 0
19900 1
20000 0
20100 0
20200 0
20300 0
20400 0
20500 0
20600 0
20700 0
20800 0
20900 0
21000 0
21100 0
21200 0
21300 0
21400 0
21500 0
21600 2
21700 1
21800 0
21900 0
22000 0
22100 0
22200 0
22300 0
22400 0
22500 0
22600 2
22700 0
22800 4
22900 8
23000 83
23100 870
23200 2237
23300 1668
23400 356
23500 28
23600 7
23700 0
23800 1
23900 0
24000 0
24100 0
24200 2
24300 0
24400 0
24500 0
24600 0
24700 0
24800 1
24900 0
25000 0
25100 0
25200 0
25300 0
25400 0
25500 1
25600 0
25700 0
25800 1
25900 0
26000 0
26100 0
26200 0
26300 0
26400 0
26500 0
26600 1
26700 0
26800 0
26900 0
27000 0
27100 0
27200 0
27300 0
27400 0
27500 0
27600 0
27700 0
27800 0
27900 3
28000 10
28100 14
28200 7
28300 1
28400 1
28500 0
28600 1
28700 0
28800 0
28900 0
29000 0
29100 0
29200 0
29300 1
29400 0
29500 0
29600 0
29700 0
29800 0
29900 0
30000 0
30100 0
30200 0
30300 0
30400 1
30500 1
30600 0
30700 0
30800 0
30900 2
31000 1
31100 0
31200 0
31300 0
31400 0
31500 0
31600 0
31700 2
31800 1
31900 0
32000 0
32100 0
32200 0
32300 0
32400 1
32500 0
32600 0
32700 0
32800 1
32900 2
33000 1
33100 0
33200 0
33300 0
33400 0
33500 0
33600 0
33700 0
33800 1
33900 0
34000 1
34100 0
34200 1
34300 0
34400 0
34500 0
34600 0
34700 1
34800 0
34900 0
35000 0
35100 0
35200 0
35300 0
35400 1
35500 1
35600 0
35700 0
35800 0
35900 3
36000 7
36100 130
36200 922
36300 2400
36400 1511
36500 303
36600 16
36700 2
36800 2
36900 4
37000 0
37100 0
37200 0
37300 0
37400 0
37500 0
37600 1
37700 0
37800 2
37900 1
38000 0
38100 0
38200 1
38300 1
38400 0
38500 0
38600 0
38700 0
38800 0
38900 0
39000 0
39100 0
39200 0
39300 1
39400 1
39500 0
39600 0
39700 0
39800 0
39900 1
40000 0
40100 0
40200 0
40300 0
40400 0
40500 1
40600 0
40700 0
40800 0
40900 0
41000 2
41100 4
41200 24
41300 3
41400 0
41500 0
41600 0
41700 0
41800 0
41900 0
42000 0
42100 0
42200 1
42300 1
42400 0
42500 1
42600 0
42700 1
42800 1
42900 0
43000 0
43100 0
43200 1
43300 0
43400 0
43500 1
43600 0
43700 0
43800 0
43900 0
44000 0
44100 0
44200 0
44300 1
44400 1
44500 0
44600 0
44700 1
44800 0
44900 0
45000 0
45100 0
45200 0
45300 0
45400 0
45500 1
45600 0
45700 0
45800 0
45900 1
46000 0
46100 0
46200 0
46300 0
46400 1
46500 0
46600 0
46700 1
46800 0
46900 0
47000 1
47100 0
47200 0
47300 0
47400 0
47500 0
47600 0
47700 0
47800 1
47900 1
48000 0
48100 0
48200 0
48300 0
48400 0
48500 0
48600 1
48700 0
48800 1
48900 1
49000 0
49100 3
49200 30
49300 366
49400 1749
49500 2285
49600 833
49700 72
49800 11
49900 11
50000 23
50100 7
50200 3
50300 1
50400 0
50500 0
50600 1
50700 1
50800 0
50900 1
51000 0
51100 0
51200 0
51300 1
51400 0
51500 0
51600 1
51700 0
51800 1
51900 0
52000 0
52100 0
52200 0
52300 0
52400 0
52500 0
52600 0
52700 0
52800 0
52900 0
53000 0
53100 2
53200 0
53300 1
53400 0
53500 0
53600 0
53700 0
53800 0
53900 0
54000 0
54100 5
54200 49
54300 169
54400 222
54500 65
54600 6
54700 2
54800 2
54900 0
55000 0
55100 1
55200 0
55300 0
55400 0
55500 0
55600 0
55700 0
55800 0
55900 0
56000 0
56100 0
56200 0
56300 0
56400 0
56500 0
56600 1
56700 0
56800 0
56900 0
57000 0
57100 0
57200 0
57300 0
57400 0
57500 0
57600 0
57700 1
57800 0
57900 0
58000 0
58100 1
58200 0
58300 0
58400 1
58500 0
58600 0
58700 0
58800 1
58900 0
59000 1
59100 0
59200 0
59300 1
59400 0
59500 0
59600 1
59700 0
59800 0
59900 0
60000 0
60100 0
60200 0
60300 0
60400 0
60500 0
60600 2
60700 0
60800 0
60900 0
61000 0
61100 1
61200 0
61300 0
61400 0
61500 1
61600 0
61700 0
61800 0
61900 2
62000 0
62100 1
62200 0
62300 10
62400 106
62500 957
62600 2219
62700 1573
62800 342
62900 46
63000 5
63100 2
63200 1
63300 1
63400 0
63500 0
63600 0
63700 0
63800 0
63900 0
64000 0
64100 0
64200 1
64300 0
64400 0
64500 0
64600 0
64700 0
64800 0
64900 0
65000 0
65100 0
65200 0
65300 0
65400 0
65500 0
65600 0
65700 0
65800 0
65900 0
66000 0
66100 0
66200 0
66300 0
66400 0
66500 0
66600 0
66700 0
66800 0
66900 0
67000 0
67100 0
67200 0
67300 1
67400 6
67500 17
67600 11
67700 2
67800 0
67900 1
68000 1
68100 0
68200 0
68300 0
68400 0
68500 1
68600 0
68700 0
68800 0
68900 0
69000 0
69100 1
69200 1
69300 0
69400 0
69500 0
69600 0
69700 0
69800 0
69900 0
70000 0
70100 0
70200 0
70300 0
70400 0
70500 0
70600 0
70700 1
70800 0
70900 0
71000 0
71100 0
71200 0
71300 0
71400 0
71500 1
71600 0
71700 0
71800 0
71900 0
72000 0
72100 0
72200 0
72300 1
72400 0
72500 1
72600 0
72700 0
72800 0
72900 0
73000 0
73100 0
73200 0
73300 0
73400 0
73500 0
73600 0
73700 0
73800 0
73900 1
74000 1
74100 1
74200 0
74300 0
74400 0
74500 0
74600 0
74700 0
74800 0
74900 0
75000 0
75100 1
75200 0
75300 3
75400 9
75500 79
75600 775
75700 2269
75800 1819
75900 404
76000 31
76100 0
76200 4
76300 1
76400 0
76500 0
76600 0
76700 0
76800 0
76900 1
77000 0
77100 0
77200 0
77300 0
77400 0
77500 1
77600 0
77700 0
77800 1
77900 0
78000 0
78100 0
78200 0
78300 1
78400 0
78500 0
78600 0
78700 0
78800 0
78900 0
79000 0
79100 0
79200 1
79300 0
79400 0
79500 0
79600 0
79700 0
79800 0
79900 0
80000 1
80100 0
80200 1
80300 0
80400 0
80500 10
80600 19
80700 13
80800 1
80900 0
81000 0
81100 1
81200 0
81300 0
81400 0
81500 0
81600 1
81700 0
81800 0
81900 0
82000 0
82100 0
82200 0
82300 0
82400 0
82500 1
82600 0
82700 0
82800 0
82900 1
83000 1
83100 0
83200 0
83300 0
83400 0
83500 0
83600 0
83700 0
83800 0
83900 1
84000 0
84100 0
84200 0
84300 0
84400 0
84500 1
84600 0
84700 0
84800 0
84900 0
85000 0
85100 0
85200 0
85300 1
85400 2
85500 1
85600 0
85700 0
85800 1
85900 0
86000 0
86100 0
86200 0
86300 1
86400 0
86500 0
86600 0
86700 0
86800 0
86900 0
87000 0
87100 0
87200 0
87300 2
87400 0
87500 0
87600 0
87700 0
87800 0
87900 0
88000 0
88100 0
88200 0
88300 1
88400 3
88500 6
88600 36
88700 426
88800 1941
88900 2121
89000 671
89100 72
89200 6
89300 0
89400 1
89500 2
89600 0
89700 0
89800 0
89900 0
90000 0
90100 1
90200 1
90300 0
90400 0
90500 1
90600 0
90700 0
90800 0
90900 0
91000 1
91100 0
91200 0
91300 0
91400 0
91500 1
91600 0
91700 0
91800 0
91900 0
92000 0
92100 1
92200 0
92300 0
92400 0
92500 0
92600 0
92700 0
92800 0
92900 0
93000 0
93100 1
93200 0
93300 0
93400 0
93500 0
93600 1
93700 13
93800 18
93900 5
94000 1
94100 0
94200 1
94300 0
94400 0
94500 0
94600 0
94700 0
94800 2
94900 0
95000 1
95100 1
95200 0
95300 0
95400 0
95500 0
95600 0
95700 0
95800 0
95900 0
96000 0
96100 0
96200 0
96300 1
96400 0
96500 1
96600 0
96700 0
96800 0
96900 0
97000 0
97100 0
97200 0
97300 0
97400 0
97500 0
97600 1
97700 0
97800 0
97900 0
98000 0
98100 0
98200 0
98300 0
98400 0
98500 2
98600 6
98700 5
98800 3
98900 0
99000 0
99100 0
99200 0
99300 1
99400 2
99500 0
99600 0
99700 0
99800 0
99900 0
100000 0
100100 1
100200 0
100300 0
100400 0
100500 1
100600 0
100700 0
100800 0
100900 0
101000 0
101100 0
101200 1
101300 1
101400 1
101500 1
101600 5
101700 5
101800 142
101900 1099
102000 2373
102100 1439
102200 272
102300 22
102400 3
102500 4
102600 1
102700 1
102800 1
102900 0
103000 0
103100 0
103200 0
103300 0
103400 0
103500 1
103600 0
103700 0
103800 0
103900 0
104000 0
104100 0
104200 0
104300 0
104400 0
104500 0
104600 0
104700 0
104800 0
104900 1
105000 1
105100 0
105200 0
105300 1
105400 1
105500 1
105600 0
105700 0
105800 0
105900 0
106000 0
106100 2
106200 0
106300 0
106400 0
106500 0
106600 0
106700 2
106800 9
106900 15
107000 9
107100 4
107200 0
107300 0
107400 1
107500 0
107600 0
107700 0
107800 1
107900 1
108000 2
108100 0
108200 0
108300 0
108400 0
108500 0
108600 0
108700 0
108800 0
108900 0
109000 0
109100 0
109200 0
109300 0
109400 1
109500 0
109600 0
109700 0
109800 0
109900 1
110000 0
110100 0
110200 0
110300 0
110400 0
110500 0
110600 1
110700 0
110800 0
110900 0
111000 0
111100 0
111200 0
111300 0
111400 0
111500 0
111600 0
111700 1
111800 0
111900 0
112000 0
112100 1
112200 0
112300 0
112400 0
112500 0
112600 0
112700 0
112800 0
112900 2
113000 0
113100 0
113200 1
113300 0
113400 0
113500 1
113600 0
113700 1
113800 0
113900 0
114000 0
114100 2
114200 0
114300 0
114400 0
114500 0
114600 0
114700 0
114800 5
114900 67
115000 612
115100 2144
115200 1906
115300 480
115400 40
115500 8
115600 0
115700 0
115800 1
115900 0
116000 0
116100 0
116200 0
116300 1
116400 0
116500 0
116600 0
116700 0
116800 0
116900 1
117000 0
117100 0
117200 0
117300 0
117400 0
117500 0
117600 0
117700 1
117800 0
117900 0
118000 0
118100 0
118200 0
118300 0
118400 1
118500 0
118600 0
118700 2
118800 0
118900 0
119000 0
119100 0
119200 0
119300 0
119400 1
119500 0
119600 0
119700 0
119800 0
119900 4
120000 22
120100 14
120200 1
120300 0
120400 0
120500 0
120600 0
120700 1
120800 1
120900 0
121000 0
121100 0
121200 0
121300 0
121400 0
121500 0
121600 0
121700 0
121800 0
121900 0
122000 1
122100 0
122200 0
122300 0
122400 0
122500 0
122600 0
122700 0
122800 1
122900 0
123000 1
123100 0
123200 1
123300 0
123400 0
123500 0
123600 0
123700 0
123800 0
123900 0
124000 0
124100 0
124200 1
124300 0
124400 1
124500 0
124600 0
124700 0
124800 1
124900 0
125000 0
125100 0
125200 0
125300 1
125400 0
125500 0
125600 0
125700 0
125800 0
125900 0
126000 0
126100 1
126200 0
126300 0
126400 0
126500 0
126600 0
126700 0
126800 0
126900 0
127000 0
127100 1
127200 0
127300 0
127400 1
127500 1
127600 1
127700 0
127800 4
127900 7
128000 38
128100 356
128200 1622
128300 2379
128400 867
128500 101
128600 15
128700 5
128800 1
128900 0
129000 0
129100 0
129200 0
129300 0
129400 0
129500 0
129600 0
129700 1
129800 0
129900 0
130000 1
130100 0
130200 0
130300 0
130400 0
130500 0
130600 1
130700 0
130800 0
130900 1
131000 0
131100 0
131200 0
131300 0
131400 0
131500 0
131600 0
131700 0
131800 0
131900 0
132000 1
132100 0
132200 0
132300 0
132400 0
132500 0
132600 0
132700 0
132800 1
132900 1
133000 1
133100 16
133200 16
133300 6
133400 0
133500 1
133600 0
133700 0
133800 0
133900 0
134000 0
134100 0
134200 0
134300 0
134400 0
134500 1
134600 0
134700 0
134800 0
134900 0
135000 1
135100 0
135200 1
135300 0
135400 0
135500 0
135600 0
135700 0
135800 0
135900 0
136000 0
136100 1
136200 0
136300 0
136400 1
136500 0
136600 1
136700 0
136800 0
136900 0
137000 0
137100 0
137200 0
137300 0
137400 0
137500 0
137600 0
137700 0
137800 0
137900 1
138000 1
138100 0
138200 0
138300 1
138400 0
138500 0
138600 0
138700 0
138800 0
138900 0
139000 0
139100 1
139200 0
139300 0
139400 0
139500 0
139600 0
139700 0
139800 0
139900 0
140000 0
140100 1
140200 0
140300 0
140400 0
140500 0
140600 0
140700 1
140800 0
140900 1
141000 1
141100 14
141200 154
141300 1060
141400 2450
141500 1515
141600 295
141700 12
141800 3
141900 2
142000 2
142100 0
142200 0
142300 1
142400 0
142500 0
142600 1
142700 0
142800 0
142900 0
143000 0
143100 2
143200 1
143300 0
143400 0
143500 0
143600 0
143700 0
143800 0
143900 0
144000 1
144100 1
144200 0
144300 0
144400 0
144500 0
144600 0
144700 0
144800 0
144900 0
145000 0
145100 0
145200 0
145300 0
145400 0
145500 0
145600 0
145700 0
145800 0
145900 0
146000 2
146100 2
146200 10
146300 11
146400 13
146500 3
146600 0
146700 0
146800 0
146900 0
147000 0
147100 1
147200 0
147300 0
147400 0
147500 0
147600 0
147700 0
147800 2
147900 0
148000 0
148100 0
148200 0
148300 1
148400 0
148500 0
148600 0
148700 1
148800 1
148900 0
149000 0
149100 0
149200 0
149300 0
149400 0
149500 0
149600 1
149700 0
149800 1
149900 0
150000 0
150100 0
150200 1
150300 0
150400 0
150500 0
150600 3
150700 0
150800 0
150900 0
151000 1
151100 1
151200 2
151300 0
151400 0
151500 0
151600 0
151700 0
151800 0
151900 0
152000 1
152100 0
152200 0
152300 1
152400 0
152500 0
152600 0
152700 0
152800 0
152900 0
153000 1
153100 0
153200 1
153300 0
153400 0
153500 0
153600 0
153700 0
153800 0
153900 0
154000 2
154100 3
154200 6
154300 54
154400 579
154500 2124
154600 2053
154700 561
154800 65
154900 2
155000 0
155100 2
155200 0
155300 1
155400 0
155500 0
155600 0
155700 0
155800 2
155900 0
156000 0
156100 0
156200 1
156300 1
156400 1
156500 0
156600 0
156700 0
156800 0
156900 0
157000 0
157100 0
157200 0
157300 0
157400 0
157500 0
157600 0
157700 0
157800 0
157900 0
158000 0
158100 0
158200 0
158300 0
158400 0
158500 0
158600 0
158700 0
158800 0
158900 2
159000 0
159100 0
159200 0
159300 3
159400 17
159500 15
159600 3
159700 1
159800 0
159900 1
160000 0
160100 0
160200 0
160300 0
160400 0
160500 0
160600 0
160700 0
160800 0
160900 0
161000 0
161100 1
161200 0
161300 0
161400 0
161500 0
161600 1
161700 1
161800 0
161900 1
162000 0
162100 0
162200 0
162300 0
162400 0
162500 0
162600 0
162700 1
162800 0
162900 0
163000 0
163100 0
163200 0
163300 0
163400 1
163500 0
163600 1
163700 0
163800 0
163900 0
164000 0
164100 0
164200 1
164300 1
164400 0
164500 0
164600 0
164700 0
164800 0
164900 0
165000 0
165100 0
165200 0
165300 1
165400 0
165500 0
165600 0
165700 0
165800 0
165900 0
166000 1
166100 0
166200 1
166300 0
166400 0
166500 0
166600 0
166700 0
166800 0
166900 0
167000 0
167100 0
167200 0
167300 3
167400 20
167500 279
167600 1536
167700 2345
167800 1074
167900 125
168000 9
168100 5
168200 0
168300 0
168400 0
168500 0
168600 0
168700 1
168800 0
168900 0
169000 0
169100 0
169200 1
169300 2
169400 1
169500 0
169600 0
169700 0
169800 0
169900 1
170000 0
170100 0
170200 0
170300 0
170400 0
170500 0
170600 0
170700 0
170800 0
170900 0
171000 0
171100 0
171200 1
171300 0
171400 0
171500 1
171600 0
171700 0
171800 0
171900 0
172000 0
172100 0
172200 0
172300 1
172400 1
172500 12
172600 17
172700 8
172800 1
172900 1
173000 0
173100 2
173200 0
173300 0
173400 0
173500 0
173600 0
173700 0
173800 0
173900 0
174000 0
174100 0
174200 1
174300 0
174400 0
174500 0
174600 0
174700 0
174800 1
174900 0
175000 0
175100 1
175200 0
175300 0
175400 0
175500 1
175600 0
175700 1
175800 0
175900 0
176000 0
176100 0
176200 0
176300 1
176400 0
176500 0
176600 1
176700 1
176800 0
176900 0
177000 1
177100 1
177200 0
177300 0
177400 0
177500 2
177600 0
177700 0
177800 0
177900 0
178000 0
178100 0
178200 0
178300 0
178400 0
178500 0
178600 1
178700 0
178800 0
178900 0
179000 0
179100 1
179200 2
179300 1
179400 0
179500 0
179600 0
179700 0
179800 0
179900 0
180000 0
180100 0
180200 1
180300 4
180400 3
180500 10
180600 116
180700 949
180800 2279
180900 1630
181000 310
181100 25
181200 6
181300 2
181400 0
181500 0
181600 0
181700 0
181800 0
181900 0
182000 0
182100 0
182200 1
182300 3
182400 5
182500 7
182600 0
182700 0
182800 0
182900 0
183000 1
183100 0
183200 0
183300 0
183400 0
183500 0
183600 0
183700 0
183800 0
183900 0
184000 0
184100 0
184200 0
184300 0
184400 0
184500 0
184600 0
184700 0
184800 0
184900 1
185000 0
185100 0
185200 0
185300 0
185400 0
185500 1
185600 9
185700 14
185800 13
185900 3
186000 1
186100 1
186200 0
186300 0
186400 2
186500 0
186600 0
186700 0
186800 1
186900 0
187000 0
187100 0
187200 0
187300 0
187400 0
187500 0
187600 1
187700 0
187800 0
187900 2
188000 0
188100 0
188200 1
188300 0
188400 1
188500 0
188600 0
188700 0
188800 0
188900 0
189000 0
189100 0
189200 0
189300 0
189400 0
189500 0
189600 1
189700 0
189800 0
189900 0
190000 0
190100 0
190200 0
190300 0
190400 1
190500 0
190600 0
190700 2
190800 0
190900 0
191000 1
191100 0
191200 0
191300 0
191400 0
191500 0
191600 0
191700 0
191800 0
191900 0
192000 0
192100 0
192200 1
192300 0
192400 0
192500 1
192600 0
192700 0
192800 1
192900 0
193000 0
193100 0
193200 0
193300 0
193400 2
193500 1
193600 9
193700 39
193800 490
193900 1899
194000 2135
194100 726
194200 80
194300 10
194400 0
194500 1
194600 1
194700 0
194800 0
194900 1
195000 0
195100 0
195200 0
195300 0
195400 0
195500 0
195600 0
195700 0
195800 0
195900 0
196000 0
196100 0
196200 0
196300 0
196400 0
196500 0
196600 1
196700 1
196800 0
196900 1
197000 0
197100 0
197200 0
197300 0
197400 1
197500 0
197600 0
197700 0
197800 0
197900 0
198000 0
198100 0
198200 0
198300 0
198400 0
198500 0
198600 0
198700 6
198800 17
198900 14
199000 6
199100 0
199200 0
199300 1
199400 0
199500 0
199600 0
199700 0
199800 0
199900 0
200000 0
200100 0
200200 0
200300 0
200400 0
200500 0
200600 0
200700 0
200800 0
200900 0
201000 0
201100 0
201200 0
201300 0
201400 0
201500 0
201600 0
201700 0
201800 0
201900 1
202000 0
202100 0
202200 1
202300 0
202400 0
202500 0
202600 0
202700 2
202800 0
202900 0
203000 0
203100 0
203200 0
203300 1
203400 0
203500 0
203600 0
203700 1
203800 1
203900 0
204000 0
204100 0
204200 1
204300 0
204400 0
204500 0
204600 0
204700 0
204800 0
204900 0
205000 0
205100 0
205200 0
205300 0
205400 0
205500 0
205600 0
205700 1
205800 0
205900 0
206000 0
206100 0
206200 0
206300 0
206400 2
206500 0
206600 1
206700 4
206800 29
206900 306
207000 1399
207100 2346
207200 1137
207300 157
207400 12
207500 2
207600 3
207700 1
207800 0
207900 0
208000 0
208100 1
208200 0
208300 0
208400 0
208500 0
208600 1
208700 0
208800 0
208900 2
209000 0
209100 0
209200 0
209300 0
209400 0
209500 0
209600 0
209700 0
209800 0
209900 0
210000 0
210100 0
210200 0
210300 0
210400 0
210500 0
210600 0
210700 0
210800 0
210900 0
211000 0
211100 0
211200 0
211300 0
211400 0
211500 0
211600 0
211700 1
211800 2
211900 12
212000 20
212100 6
212200 0
212300 0
212400 0
212500 0
212600 1
212700 1
212800 0
212900 0
213000 0
213100 0
213200 0
213300 0
213400 0
213500 1
213600 1
213700 0
213800 0
213900 0
214000 0
214100 0
214200 1
214300 0
214400 0
214500 0
214600 0
214700 0
214800 0
214900 0
215000 0
215100 0
215200 1
215300 0
215400 0
215500 0
215600 0
215700 0
215800 0
215900 0
216000 0
216100 0
216200 0
216300 0
216400 0
216500 0
216600 0
216700 0
216800 0
216900 1
217000 1
217100 0
217200 1
217300 0
217400 0
217500 0
217600 0
217700 0
217800 0
217900 0
218000 0
218100 0
218200 0
218300 1
218400 0
218500 0
218600 1
218700 3
218800 0
218900 0
219000 1
219100 0
219200 0
219300 0
219400 0
219500 0
219600 1
219700 1
219800 3
219900 15
220000 121
220100 914
220200 2223
220300 1683
220400 364
220500 41
220600 4
220700 1
220800 1
220900 0
221000 1
221100 0
221200 0
221300 1
221400 0
221500 0
221600 1
221700 1
221800 1
221900 1
222000 0
222100 0
222200 0
222300 0
222400 1
222500 0
222600 0
222700 0
222800 0
222900 0
223000 0
223100 0
223200 1
223300 1
223400 0
223500 0
223600 1
223700 0
223800 0
223900 0
224000 0
224100 0
224200 0
224300 0
224400 0
224500 0
224600 3
224700 0
224800 0
224900 0
225000 9
225100 23
225200 12
225300 5
225400 2
225500 0
225600 1
225700 1
225800 0
225900 0
226000 0
226100 0
226200 0
226300 0
226400 0
226500 0
226600 0
226700 0
226800 0
226900 0
227000 0
227100 0
227200 0
227300 0
227400 0
227500 0
227600 0
227700 0
227800 0
227900 1
228000 0
228100 0
228200 0
228300 0
228400 0
228500 1
228600 0
228700 0
228800 0
228900 0
229000 0
229100 0
229200 0
229300 0
229400 0
229500 1
229600 0
229700 1
229800 0
229900 0
230000 1
230100 0
230200 0
230300 1
230400 1
230500 0
230600 0
230700 0
230800 0
230900 1
231000 0
231100 0
231200 0
231300 0
231400 0
231500 0
231600 0
231700 1
231800 0
231900 0
232000 0
232100 0
232200 0
232300 0
232400 0
232500 1
232600 0
232700 0
232800 4
232900 2
233000 8
233100 69
233200 638
233300 2083
233400 2094
233500 614
233600 53
233700 7
233800 2
233900 4
234000 2
234100 0
234200 0
234300 0
234400 1
234500 1
234600 0
234700 0
234800 0
234900 1
235000 0
235100 1
235200 0
235300 0
235400 0
235500 1
235600 0
235700 0
235800 0
235900 0
236000 0
236100 0
236200 0
236300 0
236400 0
236500 0
236600 1
236700 0
236800 1
236900 0
237000 0
237100 0
237200 0
237300 0
237400 0
237500 0
237600 0
237700 0
237800 0
237900 0
238000 0
238100 4
238200 12
238300 21
238400 6
238500 3
238600 0
238700 1
238800 0
238900 0
239000 0
239100 0
239200 0
239300 0
239400 0
239500 0
239600 0
239700 0
239800 0
239900 0
240000 0
240100 0
240200 1
240300 0
240400 0
240500 0
240600 0
240700 0
240800 0
240900 0
241000 0
241100 0
241200 1
241300 0
241400 0
241500 0
241600 0
241700 0
241800 1
241900 1
242000 0
242100 0
242200 0
242300 1
242400 0
242500 0
242600 0
242700 0
242800 0
242900 1
243000 0
243100 0
243200 0
243300 0
243400 0
243500 0
243600 0
243700 0
243800 0
243900 0
244000 0
244100 0
244200 0
244300 0
244400 0
244500 0
244600 0
244700 0
244800 1
244900 1
245000 0
245100 0
245200 0
245300 0
245400 0
245500 0
245600 1
245700 0
245800 0
245900 4
246000 2
246100 2
246200 25
246300 282
246400 1464
246500 2341
246600 1128
246700 192
246800 21
246900 4
247000 1
247100 3
247200 1
247300 0
247400 0
247500 1
247600 0
247700 0
247800 0
247900 0
248000 1
248100 1
248200 0
248300 0
248400 0
248500 0
248600 0
248700 0
248800 0
248900 1
249000 0
249100 0
249200 0
249300 0
249400 2
249500 0
249600 0
249700 0
249800 0
249900 0
250000 0
250100 1
250200 0
250300 0
250400 0
250500 0
250600 0
250700 0
250800 0
250900 0
251000 0
251100 0
251200 2
251300 16
251400 20
251500 7
251600 0
251700 0
251800 0
251900 0
252000 0
252100 0
252200 1
252300 1
252400 2
252500 0
252600 0
252700 0
252800 0
252900 0
253000 0
253100 0
253200 1
253300 0
253400 0
253500 0
253600 0
253700 0
253800 0
253900 0
254000 1
254100 0
254200 0
254300 0
254400 0
254500 0
254600 0
254700 1
254800 1
254900 0
255000 0
255100 1
255200 1
255300 0
255400 0
255500 0
255600 0
255700 0
255800 0
255900 0
256000 0
256100 0
256200 1
256300 0
256400 0
256500 0
256600 0
256700 0
256800 1
256900 1
257000 0
257100 0
257200 0
257300 0
257400 0
257500 0
257600 0
257700 0
257800 0
257900 0
258000 2
258100 0
258200 0
258300 0
258400 0
258500 0
258600 1
258700 0
258800 0
258900 0
259000 0
259100 4
259200 2
259300 13
259400 116
259500 977
259600 2305
259700 1704
259800 387
259900 31
260000 4
260100 1
260200 0
260300 0
260400 0
260500 0
260600 1
260700 0
260800 0
260900 0
261000 0
261100 2
261200 0
261300 0
261400 0
261500 0
261600 1
261700 0
261800 0
261900 0
262000 0
262100 0
262200 0
262300 0
262400 0
262500 1
262600 0
262700 0
262800 0
262900 0
263000 0
263100 0
263200 0
263300 1
263400 1
263500 0
263600 0
263700 0
263800 0
263900 1
264000 0
264100 0
264200 0
264300 0
264400 10
264500 17
264600 9
264700 2
264800 2
264900 0
265000 0
265100 0
265200 0
265300 0
265400 1
265500 0
265600 0
265700 0
265800 0
265900 0
266000 0
266100 0
266200 1
266300 1
266400 0
266500 2
266600 0
266700 1
266800 0
266900 0
267000 0
267100 0
267200 1
267300 1
267400 0
267500 1
267600 0
267700 0
267800 0
267900 0
268000 0
268100 0
268200 1
268300 1
268400 0
268500 0
268600 1
268700 0
268800 0
268900 0
269000 1
269100 0
269200 0
269300 1
269400 1
269500 0
269600 0
269700 0
269800 0
269900 0
270000 0
270100 0
270200 0
270300 0
270400 0
270500 0
270600 0
270700 0
270800 1
270900 0
271000 0
271100 1
271200 2
271300 1
271400 0
271500 0
271600 1
271700 0
271800 0
271900 0
272000 1
272100 0
272200 0
272300 2
272400 3
272500 56
272600 611
272700 1951
272800 2111
272900 669
273000 74
273100 7
273200 0
273300 1
273400 2
273500 0
273600 0
273700 0
273800 0
273900 0
274000 0
274100 0
274200 0
274300 1
274400 2
274500 0
274600 1
274700 0
274800 0
274900 0
275000 1
275100 0
275200 1
275300 0
275400 0
275500 0
275600 0
275700 0
275800 0
275900 0
276000 0
276100 0
276200 0
276300 0
276400 2
276500 0
276600 0
276700 1
276800 0
276900 1
277000 0
277100 0
277200 0
277300 0
277400 1
277500 5
277600 10
277700 11
277800 2
277900 0
278000 1
278100 0
278200 0
278300 0
278400 0
278500 0
278600 1
278700 0
278800 1
278900 0
279000 0
279100 1
279200 0
279300 0
279400 0
279500 0
279600 0
279700 0
279800 0
279900 0
280000 0
280100 0
280200 0
280300 2
280400 0
280500 0
280600 0
280700 0
280800 0
280900 0
281000 1
281100 0
281200 0
281300 0
281400 0
281500 0
281600 0
281700 0
281800 0
281900 0
282000 0
282100 0
282200 0
282300 0
282400 0
282500 1
282600 1
282700 0
282800 0
282900 0
283000 0
283100 0
283200 0
283300 0
283400 0
283500 1
283600 0
283700 0
283800 0
283900 0
284000 0
284100 0
284200 1
284300 0
284400 1
284500 0
284600 0
284700 0
284800 0
284900 1
285000 1
285100 0
285200 0
285300 0
285400 1
285500 5
285600 34
285700 246
285800 1397
285900 2309
286000 1103
286100 211
286200 18
286300 5
286400 2
286500 0
286600 0
286700 0
286800 0
286900 0
287000 0
287100 0
287200 1
287300 0
287400 1
287500 0
287600 1
287700 0
287800 0
287900 0
288000 0
288100 0
288200 0
288300 0
288400 0
288500 0
288600 2
288700 0
288800 0
288900 0
289000 0
289100 0
289200 0
289300 0
289400 0
289500 0
289600 0
289700 0
289800 1
289900 0
290000 0
290100 0
290200 0
290300 0
290400 0
290500 0
290600 1
290700 10
290800 13
290900 4
291000 2
291100 1
291200 0
291300 0
291400 0
291500 0
291600 0
291700 0
291800 0
291900 0
292000 0
292100 0
292200 0
292300 0
292400 0
292500 0
292600 2
292700 0
292800 0
292900 0
293000 0
293100 0
293200 1
293300 0
293400 0
293500 1
293600 0
293700 0
293800 0
293900 0
294000 0
294100 0
294200 0
294300 0
294400 0
294500 0
294600 0
294700 0
294800 0
294900 0
295000 0
295100 0
295200 0
295300 0
295400 0
295500 0
295600 0
295700 1
295800 1
295900 0
296000 0
296100 0
296200 0
296300 0
296400 0
296500 0
296600 0
296700 0
296800 0
296900 0
297000 0
297100 0
297200 0
297300 2
297400 1
297500 0
297600 0
297700 2
297800 0
297900 0
298000 0
298100 0
298200 0
298300 3
298400 0
298500 3
298600 3
298700 6
298800 121
298900 835
299000 2136
299100 1714
299200 438
299300 39
299400 3
299500 2
299600 0
299700 2
299800 0
299900 0
300000 0
300100 1
300200 0
300300 0
300400 0
300500 1
300600 3
300700 1
300800 1
300900 1
301000 0
301100 0
301200 0
301300 0
301400 0
301500 0
301600 0
301700 0
301800 0
301900 0
302000 0
302100 0
302200 0
302300 0
302400 0
302500 0
302600 0
302700 0
302800 0
302900 0
303000 0
303100 0
303200 0
303300 0
303400 0
303500 0
303600 1
303700 0
303800 10
303900 16
304000 10
304100 1
304200 1
304300 1
304400 0
304500 0
304600 0
304700 1
304800 0
304900 0
305000 0
305100 2
305200 0
305300 0
305400 0
305500 0
305600 0
305700 0
305800 0
305900 1
306000 0
306100 0
306200 0
306300 1
306400 0
306500 0
306600 0
306700 0
306800 0
306900 0
307000 0
307100 0
307200 1
307300 0
307400 0
307500 0
307600 0
307700 0
307800 0
307900 0
308000 1
308100 0
308200 0
308300 0
308400 0
308500 0
308600 0
308700 0
308800 0
308900 1
309000 0
309100 0
309200 0
309300 1
309400 0
309500 0
309600 0
309700 0
309800 0
309900 0
