-290000 0
-289900 0
-289800 0
-289700 0
-289600 0
-289500 0
-289400 0
-289300 1
-289200 0
-289100 0
-289000 0
-288900 0
-288800 0
-288700 0
-288600 0
-288500 0
-288400 0
-288300 1
-288200 0
-288100 1
-288000 1
-287900 1
-287800 2
-287700 0
-287600 0
-287500 0
-287400 1
-287300 4
-287200 8
-287100 8
-287000 3
-286900 0
-286800 0
-286700 1
-286600 0
-286500 0
-286400 0
-286300 0
-286200 1
-286100 0
-286000 0
-285900 0
-285800 0
-285700 1
-285600 0
-285500 0
-285400 0
-285300 0
-285200 1
-285100 0
-285000 0
-284900 0
-284800 0
-284700 0
-284600 0
-284500 0
-284400 0
-284300 0
-284200 0
-284100 0
-284000 0
-283900 0
-283800 0
-283700 0
-283600 0
-283500 0
-283400 0
-283300 0
-283200 0
-283100 1
-283000 0
-282900 0
-282800 1
-282700 0
-282600 0
-282500 0
-282400 0
-282300 1
-282200 0
-282100 1
-282000 0
-281900 0
-281800 0
-281700 0
-281600 0
-281500 1
-281400 0
-281300 0
-281200 0
-281100 0
-281000 0
-280900 0
-280800 1
-280700 1
-280600 0
-280500 0
-280400 1
-280300 0
-280200 0
-280100 0
-280000 0
-279900 0
-279800 0
-279700 0
-279600 0
-279500 0
-279400 2
-279300 4
-279200 16
-279100 245
-279000 1322
-278900 2355
-278800 1273
-278700 258
-278600 14
-278500 4
-278400 1
-278300 1
-278200 1
-278100 0
-278000 0
-277900 0
-277800 0
-277700 0
-277600 0
-277500 0
-277400 0
-277300 4
-277200 0
-277100 0
-277000 0
-276900 0
-276800 0
-276700 1
-276600 0
-276500 0
-276400 0
-276300 0
-276200 0
-276100 0
-276000 0
-275900 0
-275800 0
-275700 0
-275600 0
-275500 0
-275400 0
-275300 0
-275200 0
-275100 0
-275000 0
-274900 0
-274800 0
-274700 0
-274600 0
-274500 0
-274400 0
-274300 0
-274200 2
-274100 12
-274000 17
-273900 7
-273800 2
-273700 0
-273600 0
-273500 0
-273400 0
-273300 0
-273200 1
-273100 0
-273000 0
-272900 0
-272800 0
-272700 1
-272600 0
-272500 1
-272400 0
-272300 0
-272200 0
-272100 0
-272000 0
-271900 0
-271800 0
-271700 0
-271600 0
-271500 0
-271400 0
-271300 0
-271200 0
-271100 0
-271000 0
-270900 0
-270800 0
-270700 0
-270600 0
-270500 0
-270400 0
-270300 0
-270200 0
-270100 0
-270000 0
-269900 0
-269800 0
-269700 0
-269600 0
-269500 0
-269400 0
-269300 0
-269200 0
-269100 0
-269000 0
-268900 0
-268800 0
-268700 0
-268600 0
-268500 0
-268400 1
-268300 0
-268200 2
-268100 0
-268000 0
-267900 0
-267800 0
-267700 0
-267600 0
-267500 0
-267400 1
-267300 0
-267200 0
-267100 0
-267000 0
-266900 0
-266800 0
-266700 0
-266600 0
-266500 1
-266400 3
-266300 2
-266200 3
-266100 11
-266000 134
-265900 795
-265800 2153
-265700 1752
-265600 429
-265500 33
-265400 5
-265300 1
-265200 0
-265100 0
-265000 0
-264900 0
-264800 0
-264700 0
-264600 1
-264500 0
-264400 0
-264300 0
-264200 1
-264100 1
-264000 0
-263900 0
-263800 0
-263700 0
-263600 0
-263500 0
-263400 0
-263300 1
-263200 0
-263100 0
-263000 0
-262900 0
-262800 0
-262700 0
-262600 0
-262500 0
-262400 0
-262300 0
-262200 0
-262100 0
-262000 0
-261900 0
-261800 0
-261700 0
-261600 0
-261500 0
-261400 0
-261300 0
-261200 0
-261100 1
-261000 3
-260900 19
-260800 8
-260700 1
-260600 0
-260500 0
-260400 0
-260300 0
-260200 0
-260100 0
-260000 0
-259900 0
-259800 0
-259700 0
-259600 0
-259500 0
-259400 0
-259300 0
-259200 0
-259100 0
-259000 0
-258900 0
-258800 0
-258700 0
-258600 0
-258500 0
-258400 1
-258300 1
-258200 0
-258100 0
-258000 0
-257900 0
-257800 0
-257700 0
-257600 0
-257500 0
-257400 0
-257300 1
-257200 0
-257100 0
-257000 1
-256900 0
-256800 1
-256700 1
-256600 0
-256500 0
-256400 0
-256300 0
-256200 0
-256100 1
-256000 0
-255900 2
-255800 0
-255700 0
-255600 0
-255500 0
-255400 0
-255300 0
-255200 0
-255100 0
-255000 0
-254900 1
-254800 0
-254700 0
-254600 0
-254500 0
-254400 1
-254300 3
-254200 0
-254100 0
-254000 0
-253900 0
-253800 1
-253700 0
-253600 0
-253500 0
-253400 0
-253300 0
-253200 0
-253100 0
-253000 6
-252900 48
-252800 475
-252700 1901
-252600 2169
-252500 737
-252400 109
-252300 7
-252200 0
-252100 3
-252000 3
-251900 1
-251800 0
-251700 0
-251600 0
-251500 0
-251400 0
-251300 0
-251200 0
-251100 5
-251000 2
-250900 0
-250800 0
-250700 0
-250600 0
-250500 0
-250400 0
-250300 0
-250200 0
-250100 0
-250000 0
-249900 0
-249800 0
-249700 0
-249600 0
-249500 2
-249400 0
-249300 0
-249200 0
-249100 0
-249000 0
-248900 0
-248800 1
-248700 0
-248600 0
-248500 0
-248400 0
-248300 0
-248200 0
-248100 0
-248000 2
-247900 6
-247800 13
-247700 22
-247600 6
-247500 2
-247400 0
-247300 0
-247200 0
-247100 0
-247000 0
-246900 0
-246800 0
-246700 0
-246600 0
-246500 0
-246400 0
-246300 0
-246200 0
-246100 0
-246000 0
-245900 1
-245800 1
-245700 1
-245600 1
-245500 0
-245400 0
-245300 1
-245200 0
-245100 1
-245000 0
-244900 0
-244800 0
-244700 0
-244600 1
-244500 1
-244400 1
-244300 0
-244200 0
-244100 1
-244000 0
-243900 1
-243800 0
-243700 0
-243600 0
-243500 0
-243400 0
-243300 1
-243200 0
-243100 0
-243000 0
-242900 0
-242800 0
-242700 0
-242600 0
-242500 0
-242400 1
-242300 0
-242200 0
-242100 0
-242000 1
-241900 1
-241800 1
-241700 0
-241600 0
-241500 0
-241400 0
-241300 0
-241200 0
-241100 5
-241000 1
-240900 0
-240800 0
-240700 0
-240600 0
-240500 0
-240400 0
-240300 0
-240200 1
-240100 2
-240000 1
-239900 6
-239800 11
-239700 193
-239600 1231
-239500 2409
-239400 1421
-239300 216
-239200 10
-239100 2
-239000 2
-238900 1
-238800 3
-238700 0
-238600 0
-238500 1
-238400 0
-238300 0
-238200 0
-238100 0
-238000 0
-237900 0
-237800 1
-237700 0
-237600 0
-237500 0
-237400 0
-237300 1
-237200 0
-237100 0
-237000 0
-236900 0
-236800 0
-236700 0
-236600 1
-236500 0
-236400 0
-236300 0
-236200 0
-236100 0
-236000 0
-235900 1
-235800 1
-235700 0
-235600 0
-235500 1
-235400 1
-235300 0
-235200 0
-235100 0
-235000 0
-234900 0
-234800 0
-234700 6
-234600 21
-234500 9
-234400 3
-234300 0
-234200 1
-234100 1
-234000 0
-233900 0
-233800 0
-233700 0
-233600 0
-233500 1
-233400 0
-233300 0
-233200 0
-233100 0
-233000 0
-232900 0
-232800 1
-232700 0
-232600 0
-232500 1
-232400 0
-232300 0
-232200 0
-232100 0
-232000 0
-231900 0
-231800 0
-231700 0
-231600 0
-231500 0
-231400 0
-231300 1
-231200 0
-231100 0
-231000 0
-230900 0
-230800 0
-230700 0
-230600 0
-230500 2
-230400 0
-230300 0
-230200 0
-230100 1
-230000 0
-229900 0
-229800 0
-229700 0
-229600 1
-229500 0
-229400 0
-229300 0
-229200 0
-229100 0
-229000 0
-228900 0
-228800 0
-228700 1
-228600 0
-228500 0
-228400 0
-228300 0
-228200 1
-228100 0
-228000 1
-227900 2
-227800 0
-227700 0
-227600 1
-227500 0
-227400 0
-227300 2
-227200 1
-227100 0
-227000 0
-226900 3
-226800 1
-226700 8
-226600 83
-226500 752
-226400 2134
-226300 1958
-226200 467
-226100 60
-226000 5
-225900 1
-225800 1
-225700 0
-225600 0
-225500 0
-225400 0
-225300 0
-225200 1
-225100 0
-225000 1
-224900 0
-224800 0
-224700 0
-224600 0
-224500 0
-224400 0
-224300 0
-224200 1
-224100 0
-224000 0
-223900 0
-223800 0
-223700 0
-223600 0
-223500 0
-223400 0
-223300 1
-223200 0
-223100 0
-223000 0
-222900 0
-222800 0
-222700 0
-222600 0
-222500 0
-222400 0
-222300 0
-222200 1
-222100 0
-222000 0
-221900 0
-221800 0
-221700 2
-221600 7
-221500 14
-221400 10
-221300 4
-221200 1
-221100 1
-221000 0
-220900 0
-220800 0
-220700 0
-220600 0
-220500 0
-220400 0
-220300 0
-220200 0
-220100 0
-220000 1
-219900 1
-219800 0
-219700 1
-219600 0
-219500 0
-219400 2
-219300 1
-219200 0
-219100 0
-219000 0
-218900 0
-218800 0
-218700 0
-218600 1
-218500 0
-218400 0
-218300 0
-218200 1
-218100 0
-218000 0
-217900 0
-217800 0
-217700 0
-217600 0
-217500 0
-217400 0
-217300 0
-217200 0
-217100 0
-217000 0
-216900 0
-216800 0
-216700 2
-216600 1
-216500 0
-216400 0
-216300 0
-216200 0
-216100 0
-216000 0
-215900 0
-215800 1
-215700 0
-215600 0
-215500 0
-215400 0
-215300 1
-215200 0
-215100 0
-215000 0
-214900 0
-214800 0
-214700 0
-214600 0
-214500 0
-214400 0
-214300 0
-214200 0
-214100 0
-214000 0
-213900 0
-213800 0
-213700 4
-213600 3
-213500 52
-213400 461
-213300 1935
-213200 2306
-213100 708
-213000 83
-212900 2
-212800 2
-212700 2
-212600 0
-212500 0
-212400 0
-212300 0
-212200 0
-212100 0
-212000 1
-211900 0
-211800 1
-211700 0
-211600 1
-211500 1
-211400 0
-211300 0
-211200 0
-211100 1
-211000 0
-210900 0
-210800 0
-210700 0
-210600 0
-210500 0
-210400 0
-210300 0
-210200 0
-210100 0
-210000 0
-209900 0
-209800 0
-209700 0
-209600 1
-209500 0
-209400 0
-209300 0
-209200 0
-209100 0
-209000 0
-208900 0
-208800 0
-208700 0
-208600 0
-208500 1
-208400 13
-208300 12
-208200 6
-208100 0
-208000 1
-207900 1
-207800 0
-207700 1
-207600 0
-207500 0
-207400 0
-207300 0
-207200 1
-207100 0
-207000 1
-206900 0
-206800 0
-206700 0
-206600 0
-206500 0
-206400 0
-206300 0
-206200 0
-206100 0
-206000 0
-205900 0
-205800 0
-205700 0
-205600 0
-205500 0
-205400 0
-205300 0
-205200 0
-205100 0
-205000 0
-204900 0
-204800 0
-204700 0
-204600 1
-204500 0
-204400 0
-204300 0
-204200 0
-204100 0
-204000 0
-203900 0
-203800 0
-203700 0
-203600 1
-203500 0
-203400 0
-203300 0
-203200 1
-203100 0
-203000 0
-202900 0
-202800 0
-202700 0
-202600 0
-202500 0
-202400 0
-202300 0
-202200 0
-202100 0
-202000 0
-201900 0
-201800 0
-201700 2
-201600 0
-201500 1
-201400 0
-201300 0
-201200 0
-201100 1
-201000 0
-200900 1
-200800 0
-200700 0
-200600 1
-200500 4
-200400 22
-200300 244
-200200 1408
-200100 2413
-200000 1081
-199900 172
-199800 17
-199700 0
-199600 3
-199500 0
-199400 1
-199300 0
-199200 0
-199100 0
-199000 1
-198900 1
-198800 0
-198700 0
-198600 1
-198500 3
-198400 0
-198300 0
-198200 0
-198100 0
-198000 0
-197900 0
-197800 0
-197700 0
-197600 0
-197500 0
-197400 0
-197300 0
-197200 0
-197100 0
-197000 0
-196900 0
-196800 0
-196700 0
-196600 0
-196500 1
-196400 0
-196300 0
-196200 1
-196100 0
-196000 0
-195900 0
-195800 0
-195700 0
-195600 0
-195500 1
-195400 1
-195300 16
-195200 18
-195100 8
-195000 0
-194900 0
-194800 0
-194700 1
-194600 0
-194500 0
-194400 0
-194300 0
-194200 0
-194100 0
-194000 0
-193900 0
-193800 0
-193700 0
-193600 0
-193500 1
-193400 0
-193300 0
-193200 0
-193100 0
-193000 0
-192900 0
-192800 1
-192700 0
-192600 0
-192500 0
-192400 0
-192300 0
-192200 0
-192100 0
-192000 0
-191900 0
-191800 0
-191700 0
-191600 0
-191500 0
-191400 0
-191300 0
-191200 0
-191100 0
-191000 0
-190900 0
-190800 0
-190700 0
-190600 0
-190500 1
-190400 0
-190300 1
-190200 0
-190100 0
-190000 0
-189900 0
-189800 0
-189700 0
-189600 0
-189500 1
-189400 1
-189300 0
-189200 0
-189100 0
-189000 0
-188900 0
-188800 0
-188700 1
-188600 1
-188500 0
-188400 0
-188300 1
-188200 1
-188100 0
-188000 2
-187900 0
-187800 0
-187700 0
-187600 1
-187500 4
-187400 2
-187300 10
-187200 94
-187100 766
-187000 2295
-186900 1818
-186800 423
-186700 40
-186600 3
-186500 3
-186400 1
-186300 0
-186200 0
-186100 0
-186000 0
-185900 0
-185800 0
-185700 0
-185600 1
-185500 0
-185400 0
-185300 0
-185200 0
-185100 0
-185000 1
-184900 0
-184800 0
-184700 0
-184600 0
-184500 1
-184400 0
-184300 0
-184200 0
-184100 0
-184000 0
-183900 0
-183800 0
-183700 0
-183600 0
-183500 0
-183400 0
-183300 0
-183200 1
-183100 0
-183000 0
-182900 0
-182800 0
-182700 0
-182600 0
-182500 0
-182400 1
-182300 1
-182200 7
-182100 24
-182000 14
-181900 4
-181800 0
-181700 1
-181600 0
-181500 0
-181400 0
-181300 0
-181200 0
-181100 0
-181000 1
-180900 0
-180800 0
-180700 0
-180600 0
-180500 0
-180400 0
-180300 0
-180200 0
-180100 0
-180000 0
-179900 0
-179800 1
-179700 0
-179600 0
-179500 0
-179400 0
-179300 0
-179200 0
-179100 0
-179000 0
-178900 0
-178800 0
-178700 0
-178600 1
-178500 0
-178400 0
-178300 0
-178200 0
-178100 0
-178000 0
-177900 0
-177800 0
-177700 0
-177600 0
-177500 0
-177400 0
-177300 0
-177200 0
-177100 1
-177000 1
-176900 0
-176800 0
-176700 0
-176600 0
-176500 0
-176400 0
-176300 0
-176200 0
-176100 1
-176000 1
-175900 0
-175800 0
-175700 1
-175600 0
-175500 2
-175400 2
-175300 1
-175200 1
-175100 0
-175000 0
-174900 0
-174800 0
-174700 0
-174600 0
-174500 1
-174400 0
-174300 1
-174200 5
-174100 32
-174000 360
-173900 1741
-173800 2379
-173700 883
-173600 90
-173500 13
-173400 2
-173300 0
-173200 0
-173100 1
-173000 0
-172900 0
-172800 2
-172700 0
-172600 0
-172500 0
-172400 0
-172300 1
-172200 0
-172100 0
-172000 0
-171900 0
-171800 1
-171700 0
-171600 1
-171500 0
-171400 0
-171300 0
-171200 0
-171100 1
-171000 1
-170900 0
-170800 0
-170700 0
-170600 0
-170500 1
-170400 0
-170300 0
-170200 0
-170100 0
-170000 0
-169900 0
-169800 0
-169700 0
-169600 0
-169500 1
-169400 0
-169300 0
-169200 0
-169100 8
-169000 8
-168900 17
-168800 9
-168700 0
-168600 1
-168500 0
-168400 0
-168300 0
-168200 0
-168100 0
-168000 0
-167900 0
-167800 0
-167700 0
-167600 0
-167500 0
-167400 0
-167300 0
-167200 0
-167100 0
-167000 1
-166900 0
-166800 1
-166700 0
-166600 0
-166500 0
-166400 0
-166300 0
-166200 0
-166100 0
-166000 0
-165900 0
-165800 0
-165700 0
-165600 0
-165500 0
-165400 1
-165300 0
-165200 1
-165100 0
-165000 0
-164900 0
-164800 0
-164700 0
-164600 0
-164500 1
-164400 0
-164300 0
-164200 1
-164100 0
-164000 3
-163900 0
-163800 0
-163700 0
-163600 1
-163500 0
-163400 0
-163300 0
-163200 0
-163100 0
-163000 0
-162900 0
-162800 0
-162700 0
-162600 0
-162500 2
-162400 4
-162300 9
-162200 2
-162100 1
-162000 2
-161900 0
-161800 0
-161700 0
-161600 0
-161500 0
-161400 0
-161300 1
-161200 3
-161100 2
-161000 10
-160900 201
-160800 1222
-160700 2378
-160600 1425
-160500 230
-160400 18
-160300 2
-160200 4
-160100 1
-160000 0
-159900 0
-159800 0
-159700 0
-159600 0
-159500 1
-159400 0
-159300 0
-159200 1
-159100 1
-159000 0
-158900 0
-158800 0
-158700 1
-158600 0
-158500 0
-158400 0
-158300 0
-158200 1
-158100 0
-158000 0
-157900 0
-157800 0
-157700 0
-157600 0
-157500 0
-157400 1
-157300 0
-157200 0
-157100 0
-157000 1
-156900 0
-156800 0
-156700 0
-156600 0
-156500 0
-156400 0
-156300 0
-156200 0
-156100 0
-156000 2
-155900 13
-155800 23
-155700 12
-155600 1
-155500 1
-155400 0
-155300 0
-155200 0
-155100 0
-155000 0
-154900 0
-154800 0
-154700 0
-154600 0
-154500 0
-154400 0
-154300 0
-154200 1
-154100 0
-154000 0
-153900 0
-153800 0
-153700 0
-153600 0
-153500 0
-153400 0
-153300 0
-153200 0
-153100 0
-153000 0
-152900 0
-152800 0
-152700 0
-152600 0
-152500 1
-152400 0
-152300 0
-152200 0
-152100 0
-152000 0
-151900 0
-151800 0
-151700 0
-151600 0
-151500 0
-151400 0
-151300 0
-151200 0
-151100 0
-151000 1
-150900 1
-150800 1
-150700 0
-150600 0
-150500 0
-150400 0
-150300 0
-150200 0
-150100 0
-150000 0
-149900 0
-149800 1
-149700 0
-149600 0
-149500 0
-149400 0
-149300 0
-149200 0
-149100 0
-149000 1
-148900 0
-148800 0
-148700 1
-148600 1
-148500 0
-148400 1
-148300 0
-148200 1
-148100 4
-148000 2
-147900 3
-147800 84
-147700 726
-147600 2140
-147500 1922
-147400 500
-147300 43
-147200 4
-147100 3
-147000 3
-146900 0
-146800 0
-146700 1
-146600 0
-146500 0
-146400 0
-146300 0
-146200 0
-146100 1
-146000 2
-145900 1
-145800 0
-145700 0
-145600 0
-145500 0
-145400 0
-145300 0
-145200 0
-145100 0
-145000 0
-144900 0
-144800 1
-144700 1
-144600 0
-144500 0
-144400 0
-144300 1
-144200 0
-144100 1
-144000 0
-143900 0
-143800 0
-143700 0
-143600 1
-143500 0
-143400 1
-143300 1
-143200 0
-143100 0
-143000 0
-142900 0
-142800 9
-142700 20
-142600 12
-142500 1
-142400 1
-142300 0
-142200 2
-142100 1
-142000 0
-141900 0
-141800 0
-141700 0
-141600 0
-141500 0
-141400 0
-141300 1
-141200 0
-141100 0
-141000 0
-140900 0
-140800 0
-140700 0
-140600 0
-140500 0
-140400 0
-140300 0
-140200 0
-140100 0
-140000 0
-139900 0
-139800 0
-139700 0
-139600 0
-139500 0
-139400 0
-139300 0
-139200 0
-139100 0
-139000 0
-138900 0
-138800 0
-138700 0
-138600 0
-138500 0
-138400 0
-138300 0
-138200 0
-138100 0
-138000 0
-137900 0
-137800 0
-137700 0
-137600 0
-137500 0
-137400 0
-137300 1
-137200 0
-137100 0
-137000 0
-136900 0
-136800 0
-136700 0
-136600 0
-136500 0
-136400 1
-136300 0
-136200 0
-136100 1
-136000 2
-135900 1
-135800 0
-135700 0
-135600 0
-135500 0
-135400 1
-135300 0
-135200 1
-135100 0
-135000 1
-134900 0
-134800 3
-134700 24
-134600 312
-134500 1641
-134400 2355
-134300 956
-134200 108
-134100 10
-134000 0
-133900 2
-133800 2
-133700 0
-133600 0
-133500 0
-133400 0
-133300 0
-133200 0
-133100 0
-133000 0
-132900 0
-132800 3
-132700 0
-132600 0
-132500 0
-132400 0
-132300 0
-132200 0
-132100 0
-132000 1
-131900 0
-131800 1
-131700 1
-131600 0
-131500 0
-131400 1
-131300 0
-131200 0
-131100 0
-131000 0
-130900 0
-130800 0
-130700 0
-130600 0
-130500 0
-130400 0
-130300 0
-130200 0
-130100 0
-130000 1
-129900 0
-129800 0
-129700 5
-129600 8
-129500 25
-129400 7
-129300 1
-129200 0
-129100 0
-129000 1
-128900 0
-128800 0
-128700 0
-128600 1
-128500 0
-128400 0
-128300 0
-128200 0
-128100 0
-128000 1
-127900 0
-127800 0
-127700 1
-127600 0
-127500 0
-127400 0
-127300 0
-127200 0
-127100 0
-127000 0
-126900 0
-126800 0
-126700 1
-126600 0
-126500 0
-126400 1
-126300 0
-126200 0
-126100 0
-126000 0
-125900 0
-125800 0
-125700 0
-125600 0
-125500 0
-125400 0
-125300 0
-125200 0
-125100 0
-125000 0
-124900 1
-124800 0
-124700 2
-124600 1
-124500 0
-124400 0
-124300 1
-124200 0
-124100 0
-124000 0
-123900 0
-123800 0
-123700 0
-123600 0
-123500 0
-123400 0
-123300 0
-123200 0
-123100 0
-123000 0
-122900 1
-122800 0
-122700 0
-122600 0
-122500 0
-122400 0
-122300 1
-122200 0
-122100 0
-122000 1
-121900 0
-121800 1
-121700 2
-121600 11
-121500 179
-121400 1109
-121300 2361
-121200 1500
-121100 242
-121000 19
-120900 2
-120800 2
-120700 0
-120600 0
-120500 0
-120400 0
-120300 0
-120200 0
-120100 0
-120000 0
-119900 0
-119800 1
-119700 0
-119600 0
-119500 0
-119400 0
-119300 0
-119200 0
-119100 1
-119000 0
-118900 0
-118800 0
-118700 0
-118600 1
-118500 0
-118400 3
-118300 1
-118200 0
-118100 0
-118000 0
-117900 0
-117800 0
-117700 0
-117600 0
-117500 0
-117400 0
-117300 0
-117200 0
-117100 0
-117000 0
-116900 0
-116800 0
-116700 0
-116600 0
-116500 10
-116400 14
-116300 12
-116200 0
-116100 1
-116000 0
-115900 0
-115800 0
-115700 1
-115600 0
-115500 0
-115400 0
-115300 0
-115200 0
-115100 0
-115000 0
-114900 0
-114800 0
-114700 0
-114600 0
-114500 0
-114400 0
-114300 0
-114200 1
-114100 0
-114000 0
-113900 0
-113800 0
-113700 0
-113600 0
-113500 1
-113400 0
-113300 1
-113200 0
-113100 0
-113000 0
-112900 0
-112800 0
-112700 0
-112600 0
-112500 0
-112400 0
-112300 0
-112200 0
-112100 0
-112000 2
-111900 1
-111800 0
-111700 0
-111600 1
-111500 1
-111400 0
-111300 0
-111200 1
-111100 1
-111000 0
-110900 0
-110800 0
-110700 1
-110600 0
-110500 1
-110400 0
-110300 0
-110200 0
-110100 0
-110000 0
-109900 0
-109800 1
-109700 1
-109600 0
-109500 0
-109400 0
-109300 0
-109200 0
-109100 0
-109000 0
-108900 0
-108800 0
-108700 0
-108600 3
-108500 6
-108400 84
-108300 659
-108200 2125
-108100 1978
-108000 476
-107900 34
-107800 3
-107700 1
-107600 1
-107500 0
-107400 0
-107300 0
-107200 0
-107100 0
-107000 1
-106900 0
-106800 0
-106700 0
-106600 0
-106500 1
-106400 0
-106300 0
-106200 1
-106100 0
-106000 0
-105900 0
-105800 0
-105700 0
-105600 0
-105500 0
-105400 0
-105300 0
-105200 0
-105100 1
-105000 1
-104900 0
-104800 0
-104700 0
-104600 0
-104500 0
-104400 0
-104300 0
-104200 0
-104100 0
-104000 1
-103900 0
-103800 0
-103700 0
-103600 0
-103500 1
-103400 9
-103300 18
-103200 10
-103100 3
-103000 0
-102900 1
-102800 0
-102700 0
-102600 0
-102500 0
-102400 0
-102300 0
-102200 1
-102100 0
-102000 0
-101900 0
-101800 0
-101700 0
-101600 0
-101500 0
-101400 0
-101300 0
-101200 0
-101100 0
-101000 1
-100900 0
-100800 0
-100700 0
-100600 0
-100500 0
-100400 0
-100300 0
-100200 0
-100100 0
-100000 0
-99900 0
-99800 0
-99700 0
-99600 0
-99500 0
-99400 0
-99300 0
-99200 0
-99100 0
-99000 1
-98900 0
-98800 0
-98700 0
-98600 0
-98500 0
-98400 1
-98300 0
-98200 0
-98100 0
-98000 0
-97900 0
-97800 0
-97700 1
-97600 1
-97500 0
-97400 0
-97300 0
-97200 0
-97100 1
-97000 0
-96900 0
-96800 0
-96700 2
-96600 3
-96500 2
-96400 0
-96300 0
-96200 1
-96100 0
-96000 0
-95900 0
-95800 0
-95700 0
-95600 2
-95500 1
-95400 2
-95300 25
-95200 244
-95100 1425
-95000 2429
-94900 1147
-94800 139
-94700 12
-94600 1
-94500 3
-94400 4
-94300 0
-94200 0
-94100 1
-94000 0
-93900 0
-93800 0
-93700 0
-93600 1
-93500 0
-93400 0
-93300 0
-93200 0
-93100 0
-93000 0
-92900 0
-92800 0
-92700 0
-92600 0
-92500 1
-92400 0
-92300 0
-92200 0
-92100 0
-92000 0
-91900 0
-91800 0
-91700 0
-91600 0
-91500 0
-91400 0
-91300 0
-91200 0
-91100 0
-91000 0
-90900 0
-90800 0
-90700 0
-90600 0
-90500 1
-90400 0
-90300 4
-90200 10
-90100 23
-90000 2
-89900 2
-89800 0
-89700 2
-89600 0
-89500 0
-89400 0
-89300 0
-89200 0
-89100 0
-89000 0
-88900 0
-88800 0
-88700 0
-88600 0
-88500 0
-88400 0
-88300 1
-88200 0
-88100 0
-88000 1
-87900 0
-87800 0
-87700 0
-87600 0
-87500 0
-87400 0
-87300 0
-87200 0
-87100 0
-87000 0
-86900 1
-86800 0
-86700 0
-86600 0
-86500 1
-86400 0
-86300 0
-86200 1
-86100 0
-86000 0
-85900 1
-85800 2
-85700 1
-85600 0
-85500 0
-85400 1
-85300 2
-85200 0
-85100 0
-85000 1
-84900 0
-84800 0
-84700 0
-84600 0
-84500 1
-84400 0
-84300 1
-84200 0
-84100 0
-84000 0
-83900 0
-83800 1
-83700 0
-83600 0
-83500 0
-83400 1
-83300 0
-83200 0
-83100 0
-83000 1
-82900 0
-82800 0
-82700 0
-82600 0
-82500 1
-82400 1
-82300 4
-82200 12
-82100 76
-82000 712
-81900 2093
-81800 1958
-81700 449
-81600 32
-81500 2
-81400 1
-81300 1
-81200 0
-81100 0
-81000 0
-80900 0
-80800 0
-80700 1
-80600 3
-80500 0
-80400 1
-80300 3
-80200 0
-80100 0
-80000 0
-79900 0
-79800 0
-79700 0
-79600 0
-79500 0
-79400 0
-79300 0
-79200 0
-79100 0
-79000 0
-78900 0
-78800 0
-78700 0
-78600 1
-78500 1
-78400 0
-78300 0
-78200 0
-78100 0
-78000 1
-77900 0
-77800 0
-77700 0
-77600 1
-77500 1
-77400 0
-77300 1
-77200 2
-77100 7
-77000 18
-76900 13
-76800 2
-76700 1
-76600 0
-76500 0
-76400 0
-76300 0
-76200 0
-76100 0
-76000 0
-75900 1
-75800 0
-75700 0
-75600 0
-75500 0
-75400 0
-75300 0
-75200 0
-75100 0
-75000 0
-74900 0
-74800 0
-74700 0
-74600 0
-74500 0
-74400 0
-74300 0
-74200 0
-74100 0
-74000 0
-73900 0
-73800 0
-73700 0
-73600 0
-73500 0
-73400 0
-73300 0
-73200 0
-73100 0
-73000 0
-72900 0
-72800 1
-72700 0
-72600 0
-72500 0
-72400 0
-72300 0
-72200 0
-72100 0
-72000 0
-71900 0
-71800 0
-71700 0
-71600 0
-71500 0
-71400 0
-71300 0
-71200 0
-71100 0
-71000 1
-70900 1
-70800 0
-70700 0
-70600 0
-70500 0
-70400 1
-70300 0
-70200 0
-70100 0
-70000 0
-69900 0
-69800 1
-69700 1
-69600 0
-69500 0
-69400 0
-69300 2
-69200 1
-69100 5
-69000 74
-68900 651
-68800 2174
-68700 2009
-68600 491
-68500 35
-68400 7
-68300 2
-68200 0
-68100 1
-68000 0
-67900 0
-67800 0
-67700 1
-67600 1
-67500 0
-67400 0
-67300 1
-67200 2
-67100 0
-67000 1
-66900 0
-66800 1
-66700 0
-66600 0
-66500 0
-66400 0
-66300 0
-66200 0
-66100 0
-66000 0
-65900 0
-65800 0
-65700 0
-65600 0
-65500 0
-65400 0
-65300 0
-65200 0
-65100 0
-65000 1
-64900 0
-64800 0
-64700 0
-64600 0
-64500 0
-64400 0
-64300 0
-64200 0
-64100 1
-64000 4
-63900 15
-63800 8
-63700 5
-63600 0
-63500 0
-63400 0
-63300 0
-63200 0
-63100 0
-63000 0
-62900 0
-62800 0
-62700 0
-62600 0
-62500 0
-62400 0
-62300 1
-62200 0
-62100 0
-62000 0
-61900 0
-61800 0
-61700 0
-61600 0
-61500 0
-61400 0
-61300 0
-61200 0
-61100 0
-61000 0
-60900 0
-60800 0
-60700 0
-60600 0
-60500 0
-60400 0
-60300 0
-60200 0
-60100 0
-60000 0
-59900 0
-59800 0
-59700 0
-59600 0
-59500 0
-59400 0
-59300 0
-59200 0
-59100 3
-59000 0
-58900 1
-58800 0
-58700 0
-58600 1
-58500 0
-58400 0
-58300 1
-58200 0
-58100 0
-58000 0
-57900 0
-57800 0
-57700 0
-57600 1
-57500 0
-57400 1
-57300 0
-57200 0
-57100 0
-57000 0
-56900 2
-56800 0
-56700 0
-56600 1
-56500 0
-56400 1
-56300 1
-56200 0
-56100 3
-56000 2
-55900 41
-55800 397
-55700 1822
-55600 2322
-55500 788
-55400 101
-55300 4
-55200 1
-55100 0
-55000 0
-54900 0
-54800 0
-54700 0
-54600 0
-54500 0
-54400 1
-54300 2
-54200 0
-54100 3
-54000 1
-53900 0
-53800 0
-53700 0
-53600 0
-53500 0
-53400 1
-53300 0
-53200 1
-53100 1
-53000 1
-52900 0
-52800 1
-52700 1
-52600 1
-52500 0
-52400 0
-52300 0
-52200 0
-52100 0
-52000 0
-51900 0
-51800 0
-51700 0
-51600 0
-51500 0
-51400 0
-51300 0
-51200 0
-51100 0
-51000 0
-50900 1
-50800 12
-50700 17
-50600 9
-50500 2
-50400 1
-50300 0
-50200 0
-50100 0
-50000 0
-49900 0
-49800 0
-49700 0
-49600 0
-49500 0
-49400 0
-49300 0
-49200 0
-49100 1
-49000 0
-48900 0
-48800 0
-48700 0
-48600 0
-48500 0
-48400 0
-48300 0
-48200 1
-48100 0
-48000 0
-47900 0
-47800 0
-47700 0
-47600 1
-47500 0
-47400 0
-47300 1
-47200 0
-47100 0
-47000 0
-46900 0
-46800 0
-46700 0
-46600 0
-46500 0
-46400 2
-46300 0
-46200 0
-46100 0
-46000 1
-45900 0
-45800 0
-45700 0
-45600 0
-45500 0
-45400 0
-45300 0
-45200 1
-45100 0
-45000 0
-44900 0
-44800 0
-44700 0
-44600 0
-44500 0
-44400 0
-44300 0
-44200 0
-44100 1
-44000 2
-43900 0
-43800 1
-43700 0
-43600 1
-43500 0
-43400 1
-43300 0
-43200 0
-43100 0
-43000 3
-42900 9
-42800 22
-42700 105
-42600 829
-42500 2316
-42400 1744
-42300 347
-42200 26
-42100 3
-42000 0
-41900 2
-41800 0
-41700 0
-41600 0
-41500 1
-41400 0
-41300 1
-41200 0
-41100 0
-41000 0
-40900 0
-40800 0
-40700 0
-40600 0
-40500 1
-40400 0
-40300 0
-40200 0
-40100 0
-40000 0
-39900 0
-39800 0
-39700 0
-39600 0
-39500 0
-39400 1
-39300 0
-39200 0
-39100 1
-39000 0
-38900 0
-38800 0
-38700 1
-38600 0
-38500 0
-38400 0
-38300 0
-38200 0
-38100 0
-38000 1
-37900 0
-37800 2
-37700 5
-37600 21
-37500 14
-37400 6
-37300 1
-37200 1
-37100 0
-37000 0
-36900 0
-36800 0
-36700 0
-36600 0
-36500 1
-36400 0
-36300 1
-36200 0
-36100 0
-36000 0
-35900 0
-35800 0
-35700 0
-35600 0
-35500 0
-35400 0
-35300 0
-35200 0
-35100 0
-35000 0
-34900 0
-34800 0
-34700 1
-34600 0
-34500 0
-34400 0
-34300 0
-34200 0
-34100 0
-34000 0
-33900 1
-33800 0
-33700 0
-33600 0
-33500 0
-33400 0
-33300 0
-33200 0
-33100 0
-33000 0
-32900 0
-32800 0
-32700 2
-32600 0
-32500 1
-32400 0
-32300 1
-32200 0
-32100 0
-32000 0
-31900 0
-31800 0
-31700 1
-31600 0
-31500 0
-31400 0
-31300 0
-31200 0
-31100 0
-31000 2
-30900 2
-30800 0
-30700 0
-30600 0
-30500 0
-30400 0
-30300 0
-30200 1
-30100 1
-30000 1
-29900 10
-29800 17
-29700 26
-29600 43
-29500 397
-29400 1857
-29300 2179
-29200 703
-29100 62
-29000 4
-28900 3
-28800 2
-28700 2
-28600 0
-28500 0
-28400 0
-28300 1
-28200 0
-28100 0
-28000 0
-27900 0
-27800 0
-27700 0
-27600 0
-27500 0
-27400 0
-27300 0
-27200 0
-27100 0
-27000 0
-26900 0
-26800 0
-26700 0
-26600 0
-26500 0
-26400 0
-26300 1
-26200 0
-26100 0
-26000 0
-25900 1
-25800 0
-25700 0
-25600 0
-25500 0
-25400 0
-25300 0
-25200 0
-25100 0
-25000 0
-24900 0
-24800 1
-24700 1
-24600 10
-24500 14
-24400 9
-24300 3
-24200 1
-24100 0
-24000 1
-23900 0
-23800 0
-23700 0
-23600 0
-23500 0
-23400 0
-23300 0
-23200 0
-23100 0
-23000 0
-22900 1
-22800 0
-22700 1
-22600 0
-22500 0
-22400 0
-22300 0
-22200 0
-22100 0
-22000 1
-21900 0
-21800 0
-21700 0
-21600 0
-21500 0
-21400 1
-21300 0
-21200 1
-21100 0
-21000 0
-20900 0
-20800 0
-20700 0
-20600 0
-20500 0
-20400 0
-20300 0
-20200 0
-20100 0
-20000 1
-19900 0
-19800 0
-19700 0
-19600 1
-19500 0
-19400 1
-19300 0
-19200 2
-19100 0
-19000 0
-18900 2
-18800 0
-18700 1
-18600 0
-18500 0
-18400 0
-18300 0
-18200 0
-18100 0
-18000 1
-17900 1
-17800 2
-17700 0
-17600 0
-17500 1
-17400 2
-17300 0
-17200 1
-17100 0
-17000 0
-16900 0
-16800 1
-16700 3
-16600 3
-16500 75
-16400 634
-16300 2033
-16200 1870
-16100 547
-16000 62
-15900 5
-15800 0
-15700 0
-15600 0
-15500 0
-15400 0
-15300 0
-15200 0
-15100 0
-15000 0
-14900 0
-14800 0
-14700 0
-14600 1
-14500 0
-14400 1
-14300 0
-14200 0
-14100 0
-14000 0
-13900 0
-13800 0
-13700 0
-13600 0
-13500 0
-13400 0
-13300 0
-13200 0
-13100 0
-13000 0
-12900 0
-12800 1
-12700 0
-12600 0
-12500 0
-12400 0
-12300 0
-12200 0
-12100 0
-12000 0
-11900 0
-11800 0
-11700 0
-11600 1
-11500 4
-11400 19
-11300 14
-11200 5
-11100 1
-11000 2
-10900 1
-10800 0
-10700 0
-10600 0
-10500 0
-10400 0
-10300 1
-10200 1
-10100 0
-10000 0
-9900 0
-9800 0
-9700 1
-9600 0
-9500 0
-9400 0
-9300 1
-9200 0
-9100 0
-9000 0
-8900 0
-8800 0
-8700 0
-8600 1
-8500 0
-8400 0
-8300 1
-8200 1
-8100 0
-8000 0
-7900 0
-7800 0
-7700 0
-7600 0
-7500 0
-7400 0
-7300 0
-7200 0
-7100 1
-7000 0
-6900 0
-6800 0
-6700 0
-6600 0
-6500 0
-6400 0
-6300 1
-6200 0
-6100 0
-6000 0
-5900 0
-5800 0
-5700 0
-5600 0
-5500 0
-5400 0
-5300 0
-5200 0
-5100 0
-5000 0
-4900 0
-4800 1
-4700 1
-4600 1
-4500 1
-4400 0
-4300 1
-4200 0
-4100 1
-4000 0
-3900 1
-3800 1
-3700 0
-3600 0
-3500 4
-3400 10
-3300 123
-3200 884
-3100 2392
-3000 1618
-2900 316
-2800 24
-2700 1
-2600 4
-2500 1
-2400 0
-2300 0
-2200 0
-2100 0
-2000 0
-1900 0
-1800 1
-1700 0
-1600 1
-1500 2
-1400 0
-1300 1
-1200 0
-1100 0
-1000 0
-900 0
-800 0
-700 0
-600 0
-500 0
-400 1
-300 0
-200 0
-100 0
0 1
100 0
200 0
300 0
400 0
500 0
600 0
700 0
800 0
900 0
1000 0
1100 0
1200 0
1300 0
1400 0
1500 0
1600 3
1700 6
1800 11
1900 17
2000 1
2100 0
2200 1
2300 0
2400 0
2500 0
2600 0
2700 0
2800 1
2900 1
3000 0
3100 0
3200 1
3300 2
3400 0
3500 0
3600 0
3700 0
3800 0
3900 0
4000 0
4100 0
4200 0
4300 0
4400 0
4500 0
4600 1
4700 0
4800 0
4900 0
5000 0
5100 0
5200 0
5300 0
5400 0
5500 0
5600 1
5700 0
5800 0
5900 0
6000 0
6100 0
6200 0
6300 0
6400 1
6500 0
6600 1
6700 0
6800 0
6900 0
7000 0
7100 0
7200 0
7300 1
7400 0
7500 1
7600 1
7700 1
7800 0
7900 0
8000 0
8100 0
8200 0
8300 0
8400 2
8500 1
8600 1
8700 1
8800 0
8900 1
9000 1
9100 1
9200 1
9300 1
9400 0
9500 13
9600 28
9700 30
9800 212
9900 3258
10000 19650
10100 33764
10200 16242
10300 2242
10400 154
10500 24
10600 20
10700 14
10800 2
10900 0
11000 0
11100 0
11200 0
11300 0
11400 0
11500 0
11600 2
11700 1
11800 0
11900 0
12000 0
12100 0
12200 0
12300 0
12400 0
12500 2
12600 0
12700 1
12800 0
12900 1
13000 0
13100 0
13200 0
13300 1
13400 1
13500 0
13600 0
13700 0
13800 0
13900 0
14000 0
14100 0
14200 0
14300 0
14400 0
14500 0
14600 1
14700 0
14800 0
14900 10
15000 16
15100 10
15200 3
15300 0
15400 1
15500 0
15600 0
15700 0
15800 1
15900 0
16000 0
16100 0
16200 0
16300 1
16400 1
16500 0
16600 0
16700 0
16800 0
16900 0
17000 2
17100 0
17200 0
17300 1
17400 0
17500 0
17600 0
17700 0
17800 0
17900 0
18000 0
18100 0
18200 0
18300 0
18400 0
18500 0
18600 0
18700 0
18800 0
18900 0
19000 1
19100 0
19200 0
19300 0
19400 0
19500 1
19600 0
19700 1
19800 0
19900 2
20000 0
20100 0
20200 0
20300 0
20400 0
20500 0
20600 0
20700 0
20800 0
20900 0
21000 0
21100 0
21200 0
21300 0
21400 0
21500 0
21600 1
21700 0
21800 0
21900 0
22000 0
22100 0
22200 0
22300 0
22400 0
22500 1
22600 1
22700 1
22800 2
22900 9
23000 103
23100 848
23200 2333
23300 1694
23400 343
23500 24
23600 1
23700 0
23800 0
23900 1
24000 0
24100 0
24200 0
24300 0
24400 0
24500 2
24600 0
24700 0
24800 1
24900 2
25000 0
25100 2
25200 0
25300 0
25400 0
25500 0
25600 0
25700 0
25800 0
25900 0
26000 0
26100 1
26200 0
26300 0
26400 0
26500 0
26600 0
26700 0
26800 0
26900 0
27000 0
27100 0
27200 0
27300 0
27400 0
27500 0
27600 0
27700 0
27800 0
27900 4
28000 14
28100 18
28200 11
28300 1
28400 1
28500 1
28600 1
28700 0
28800 0
28900 1
29000 0
29100 1
29200 0
29300 0
29400 0
29500 0
29600 0
29700 0
29800 0
29900 0
30000 1
30100 0
30200 0
30300 0
30400 0
30500 0
30600 0
30700 0
30800 0
30900 0
31000 1
31100 1
31200 0
31300 0
31400 0
31500 1
31600 0
31700 0
31800 0
31900 0
32000 1
32100 0
32200 0
32300 0
32400 0
32500 0
32600 0
32700 0
32800 0
32900 2
33000 0
33100 1
33200 0
33300 0
33400 0
33500 0
33600 0
33700 0
33800 1
33900 1
34000 1
34100 0
34200 0
34300 0
34400 0
34500 0
34600 0
34700 2
34800 2
34900 0
35000 0
35100 0
35200 0
35300 0
35400 0
35500 0
35600 0
35700 0
35800 1
35900 0
36000 6
36100 125
36200 1043
36300 2384
36400 1562
36500 281
36600 19
36700 1
36800 2
36900 0
37000 0
37100 0
37200 0
37300 0
37400 0
37500 0
37600 1
37700 0
37800 2
37900 2
38000 0
38100 0
38200 0
38300 0
38400 0
38500 0
38600 0
38700 0
38800 0
38900 0
39000 0
39100 0
39200 0
39300 0
39400 0
39500 0
39600 1
39700 0
39800 0
39900 0
40000 0
40100 0
40200 0
40300 1
40400 0
40500 0
40600 0
40700 0
40800 0
40900 0
41000 3
41100 9
41200 16
41300 13
41400 2
41500 0
41600 1
41700 0
41800 0
41900 1
42000 0
42100 0
42200 0
42300 0
42400 0
42500 0
42600 1
42700 0
42800 0
42900 0
43000 0
43100 0
43200 0
43300 0
43400 0
43500 0
43600 0
43700 0
43800 0
43900 0
44000 1
44100 0
44200 0
44300 0
44400 0
44500 0
44600 0
44700 0
44800 0
44900 0
45000 1
45100 0
45200 1
45300 1
45400 0
45500 0
45600 0
45700 1
45800 0
45900 0
46000 1
46100 0
46200 0
46300 0
46400 0
46500 0
46600 0
46700 0
46800 0
46900 0
47000 0
47100 0
47200 1
47300 2
47400 0
47500 0
47600 0
47700 0
47800 1
47900 1
48000 0
48100 0
48200 0
48300 1
48400 0
48500 0
48600 0
48700 0
48800 0
48900 0
49000 3
49100 7
49200 29
49300 344
49400 1748
49500 2328
49600 800
49700 87
49800 12
49900 16
50000 22
50100 14
50200 4
50300 1
50400 0
50500 0
50600 0
50700 0
50800 0
50900 0
51000 0
51100 1
51200 1
51300 0
51400 0
51500 0
51600 0
51700 0
51800 0
51900 0
52000 1
52100 0
52200 1
52300 0
52400 0
52500 0
52600 1
52700 0
52800 0
52900 0
53000 0
53100 0
53200 0
53300 0
53400 0
53500 0
53600 0
53700 0
53800 1
53900 0
54000 1
54100 2
54200 28
54300 176
54400 235
54500 75
54600 3
54700 2
54800 0
54900 0
55000 0
55100 0
55200 0
55300 0
55400 0
55500 0
55600 0
55700 1
55800 0
55900 0
56000 0
56100 0
56200 0
56300 1
56400 0
56500 0
56600 0
56700 0
56800 0
56900 0
57000 0
57100 0
57200 0
57300 1
57400 0
57500 0
57600 0
57700 0
57800 0
57900 0
58000 0
58100 1
58200 1
58300 1
58400 0
58500 0
58600 0
58700 1
58800 1
58900 0
59000 0
59100 0
59200 0
59300 2
59400 0
59500 0
59600 0
59700 0
59800 0
59900 0
60000 0
60100 0
60200 0
60300 0
60400 1
60500 0
60600 0
60700 0
60800 1
60900 0
61000 2
61100 0
61200 0
61300 0
61400 0
61500 0
61600 0
61700 0
61800 0
61900 1
62000 1
62100 2
62200 3
62300 12
62400 121
62500 947
62600 2324
62700 1561
62800 299
62900 45
63000 9
63100 2
63200 0
63300 0
63400 0
63500 2
63600 0
63700 0
63800 0
63900 0
64000 0
64100 1
64200 0
64300 1
64400 1
64500 0
64600 0
64700 0
64800 0
64900 0
65000 0
65100 0
65200 0
65300 0
65400 0
65500 0
65600 0
65700 0
65800 0
65900 0
66000 1
66100 0
66200 1
66300 0
66400 0
66500 0
66600 0
66700 0
66800 0
66900 0
67000 0
67100 0
67200 0
67300 1
67400 13
67500 20
67600 8
67700 1
67800 0
67900 0
68000 2
68100 1
68200 0
68300 0
68400 0
68500 0
68600 0
68700 1
68800 0
68900 0
69000 0
69100 1
69200 0
69300 0
69400 1
69500 0
69600 0
69700 0
69800 0
69900 0
70000 0
70100 1
70200 0
70300 1
70400 0
70500 1
70600 0
70700 0
70800 0
70900 0
71000 0
71100 0
71200 0
71300 1
71400 0
71500 0
71600 0
71700 0
71800 0
71900 0
72000 0
72100 0
72200 0
72300 2
72400 0
72500 0
72600 0
72700 0
72800 0
72900 0
73000 0
73100 0
73200 0
73300 1
73400 0
73500 0
73600 0
73700 2
73800 0
73900 0
74000 1
74100 2
74200 0
74300 0
74400 0
74500 0
74600 0
74700 0
74800 0
74900 0
75000 1
75100 0
75200 1
75300 1
75400 7
75500 85
75600 790
75700 2422
75800 1777
75900 423
76000 35
76100 0
76200 2
76300 1
76400 2
76500 0
76600 0
76700 0
76800 1
76900 1
77000 0
77100 0
77200 1
77300 1
77400 1
77500 0
77600 0
77700 0
77800 0
77900 0
78000 0
78100 0
78200 1
78300 1
78400 0
78500 1
78600 0
78700 0
78800 0
78900 0
79000 1
79100 0
79200 0
79300 0
79400 0
79500 1
79600 0
79700 0
79800 0
79900 0
80000 0
80100 1
80200 0
80300 0
80400 2
80500 7
80600 20
80700 11
80800 5
80900 0
81000 0
81100 0
81200 0
81300 0
81400 0
81500 0
81600 0
81700 0
81800 0
81900 0
82000 0
82100 0
82200 0
82300 0
82400 1
82500 0
82600 0
82700 0
82800 0
82900 0
83000 1
83100 0
83200 0
83300 0
83400 0
83500 0
83600 1
83700 0
83800 0
83900 0
84000 0
84100 0
84200 0
84300 0
84400 0
84500 0
84600 0
84700 0
84800 0
84900 0
85000 1
85100 0
85200 0
85300 0
85400 0
85500 0
85600 1
85700 0
85800 0
85900 0
86000 0
86100 0
86200 0
86300 0
86400 0
86500 0
86600 0
86700 0
86800 1
86900 1
87000 0
87100 0
87200 0
87300 2
87400 1
87500 1
87600 0
87700 0
87800 0
87900 0
88000 0
88100 0
88200 1
88300 2
88400 2
88500 3
88600 44
88700 487
88800 1908
88900 2171
89000 670
89100 75
89200 3
89300 2
89400 0
89500 0
89600 0
89700 0
89800 0
89900 0
90000 0
90100 0
90200 0
90300 0
90400 0
90500 0
90600 0
90700 0
90800 1
90900 0
91000 0
91100 0
91200 1
91300 0
91400 0
91500 0
91600 0
91700 0
91800 0
91900 0
92000 0
92100 0
92200 0
92300 0
92400 0
92500 0
92600 0
92700 0
92800 0
92900 0
93000 0
93100 0
93200 0
93300 0
93400 2
93500 0
93600 2
93700 9
93800 16
93900 5
94000 2
94100 0
94200 2
94300 0
94400 0
94500 0
94600 0
94700 0
94800 0
94900 0
95000 0
95100 0
95200 0
95300 0
95400 1
95500 0
95600 0
95700 0
95800 0
95900 0
96000 0
96100 0
96200 0
96300 0
96400 0
96500 1
96600 0
96700 0
96800 0
96900 0
97000 0
97100 0
97200 0
97300 0
97400 0
97500 2
97600 0
97700 0
97800 0
97900 1
98000 0
98100 0
98200 0
98300 2
98400 0
98500 1
98600 5
98700 7
98800 3
98900 0
99000 1
99100 1
99200 0
99300 0
99400 0
99500 0
99600 0
99700 0
99800 0
99900 0
100000 0
100100 2
100200 0
100300 2
100400 1
100500 1
100600 1
100700 0
100800 0
100900 0
101000 1
101100 1
101200 0
101300 0
101400 2
101500 2
101600 1
101700 13
101800 128
101900 1116
102000 2406
102100 1468
102200 248
102300 23
102400 1
102500 1
102600 1
102700 0
102800 1
102900 0
103000 0
103100 0
103200 0
103300 0
103400 0
103500 0
103600 1
103700 0
103800 0
103900 0
104000 0
104100 0
104200 1
104300 1
104400 0
104500 1
104600 0
104700 0
104800 0
104900 0
105000 0
105100 1
105200 0
105300 0
105400 0
105500 0
105600 0
105700 0
105800 0
105900 0
106000 0
106100 0
106200 1
106300 0
106400 1
106500 2
106600 0
106700 2
106800 14
106900 10
107000 3
107100 2
107200 0
107300 0
107400 0
107500 0
107600 0
107700 0
107800 0
107900 0
108000 0
108100 0
108200 0
108300 0
108400 0
108500 0
108600 0
108700 0
108800 0
108900 0
109000 0
109100 0
109200 1
109300 0
109400 0
109500 0
109600 0
109700 1
109800 0
109900 1
110000 1
110100 1
110200 0
110300 0
110400 1
110500 0
110600 0
110700 0
110800 1
110900 0
111000 2
111100 2
111200 1
111300 0
111400 0
111500 0
111600 0
111700 0
111800 3
111900 0
112000 0
112100 1
112200 0
112300 0
112400 0
112500 0
112600 1
112700 0
112800 0
112900 0
113000 0
113100 0
113200 0
113300 0
113400 0
113500 0
113600 1
113700 0
113800 0
113900 1
114000 0
114100 2
114200 0
114300 0
114400 0
114500 0
114600 0
114700 2
114800 4
114900 70
115000 665
115100 2174
115200 2050
115300 474
115400 45
115500 4
115600 3
115700 1
115800 0
115900 0
116000 1
116100 0
116200 0
116300 0
116400 0
116500 1
116600 0
116700 1
116800 1
116900 0
117000 0
117100 0
117200 0
117300 0
117400 0
117500 0
117600 0
117700 0
117800 0
117900 0
118000 0
118100 0
118200 0
118300 0
118400 0
118500 1
118600 1
118700 0
118800 0
118900 0
119000 0
119100 0
119200 0
119300 0
119400 0
119500 0
119600 0
119700 0
119800 5
119900 0
120000 14
120100 20
120200 2
120300 0
120400 0
120500 0
120600 0
120700 0
120800 0
120900 0
121000 0
121100 0
121200 1
121300 0
121400 0
121500 0
121600 1
121700 1
121800 0
121900 0
122000 0
122100 0
122200 1
122300 0
122400 0
122500 1
122600 0
122700 0
122800 0
122900 0
123000 0
123100 0
123200 0
123300 0
123400 1
123500 0
123600 1
123700 0
123800 0
123900 0
124000 0
124100 0
124200 0
124300 1
124400 0
124500 0
124600 1
124700 0
124800 1
124900 0
125000 0
125100 0
125200 1
125300 1
125400 0
125500 1
125600 0
125700 0
125800 0
125900 0
126000 0
126100 0
126200 2
126300 0
126400 0
126500 0
126600 0
126700 1
126800 1
126900 0
127000 0
127100 0
127200 0
127300 0
127400 0
127500 0
127600 0
127700 0
127800 1
127900 3
128000 28
128100 355
128200 1636
128300 2386
128400 849
128500 103
128600 7
128700 1
128800 2
128900 0
129000 0
129100 0
129200 0
129300 0
129400 0
129500 1
129600 0
129700 0
129800 1
129900 0
130000 0
130100 0
130200 1
130300 0
130400 1
130500 0
130600 1
130700 0
130800 1
130900 0
131000 0
131100 0
131200 0
131300 0
131400 0
131500 3
131600 0
131700 0
131800 0
131900 0
132000 0
132100 0
132200 0
132300 1
132400 1
132500 0
132600 0
132700 0
132800 0
132900 0
133000 3
133100 11
133200 20
133300 1
133400 0
133500 0
133600 0
133700 0
133800 2
133900 0
134000 0
134100 0
134200 1
134300 1
134400 0
134500 0
134600 0
134700 0
134800 2
134900 0
135000 0
135100 0
135200 0
135300 0
135400 0
135500 0
135600 0
135700 0
135800 0
135900 0
136000 0
136100 0
136200 0
136300 0
136400 1
136500 0
136600 0
136700 0
136800 0
136900 0
137000 0
137100 1
137200 0
137300 1
137400 0
137500 0
137600 0
137700 0
137800 0
137900 0
138000 0
138100 1
138200 1
138300 0
138400 1
138500 0
138600 0
138700 0
138800 0
138900 0
139000 0
139100 0
139200 1
139300 0
139400 0
139500 0
139600 0
139700 1
139800 2
139900 1
140000 0
140100 0
140200 0
140300 0
140400 0
140500 0
140600 1
140700 0
140800 0
140900 3
141000 3
141100 10
141200 135
141300 1062
141400 2379
141500 1462
141600 274
141700 22
141800 2
141900 0
142000 1
142100 0
142200 0
142300 0
142400 0
142500 0
142600 0
142700 0
142800 1
142900 0
143000 2
143100 1
143200 0
143300 0
143400 0
143500 0
143600 0
143700 0
143800 1
143900 0
144000 0
144100 1
144200 0
144300 0
144400 0
144500 0
144600 0
144700 0
144800 0
144900 1
145000 0
145100 0
145200 0
145300 1
145400 0
145500 1
145600 0
145700 2
145800 0
145900 0
146000 0
146100 1
146200 11
146300 20
146400 8
146500 1
146600 0
146700 0
146800 0
146900 0
147000 0
147100 0
147200 1
147300 0
147400 0
147500 0
147600 0
147700 0
147800 0
147900 0
148000 0
148100 0
148200 0
148300 0
148400 0
148500 0
148600 0
148700 0
148800 0
148900 1
149000 0
149100 0
149200 0
149300 1
149400 0
149500 1
149600 0
149700 0
149800 0
149900 2
150000 1
150100 0
150200 0
150300 0
150400 0
150500 0
150600 0
150700 1
150800 1
150900 0
151000 0
151100 0
151200 0
151300 2
151400 0
151500 0
151600 0
151700 1
151800 0
151900 0
152000 0
152100 1
152200 0
152300 0
152400 2
152500 0
152600 1
152700 1
152800 0
152900 1
153000 0
153100 0
153200 0
153300 0
153400 0
153500 0
153600 0
153700 1
153800 0
153900 2
154000 0
154100 2
154200 5
154300 59
154400 524
154500 2048
154600 2096
154700 594
154800 60
154900 6
155000 1
155100 3
155200 0
155300 2
155400 0
155500 0
155600 0
155700 0
155800 0
155900 0
156000 1
156100 0
156200 0
156300 0
156400 0
156500 0
156600 0
156700 0
156800 0
156900 0
157000 1
157100 0
157200 1
157300 0
157400 0
157500 1
157600 0
157700 0
157800 0
157900 0
158000 0
158100 0
158200 0
158300 0
158400 0
158500 0
158600 0
158700 1
158800 0
158900 0
159000 0
159100 0
159200 1
159300 6
159400 21
159500 15
159600 5
159700 0
159800 0
159900 0
160000 0
160100 0
160200 0
160300 0
160400 0
160500 0
160600 0
160700 0
160800 0
160900 0
161000 0
161100 0
161200 0
161300 0
161400 0
161500 0
161600 1
161700 1
161800 0
161900 0
162000 0
162100 0
162200 0
162300 0
162400 1
162500 0
162600 0
162700 0
162800 2
162900 0
163000 1
163100 0
163200 0
163300 0
163400 1
163500 0
163600 0
163700 0
163800 1
163900 1
164000 0
164100 0
164200 0
164300 0
164400 0
164500 0
164600 0
164700 1
164800 0
164900 0
165000 0
165100 1
165200 0
165300 0
165400 0
165500 0
165600 0
165700 0
165800 1
165900 0
166000 2
166100 0
166200 0
166300 1
166400 0
166500 0
166600 0
166700 1
166800 0
166900 0
167000 0
167100 3
167200 1
167300 5
167400 25
167500 280
167600 1520
167700 2404
167800 1026
167900 120
168000 13
168100 0
168200 1
168300 0
168400 0
168500 1
168600 0
168700 0
168800 0
168900 0
169000 0
169100 0
169200 0
169300 0
169400 1
169500 1
169600 0
169700 0
169800 0
169900 0
170000 0
170100 0
170200 0
170300 0
170400 1
170500 1
170600 0
170700 0
170800 0
170900 0
171000 0
171100 0
171200 0
171300 0
171400 2
171500 0
171600 0
171700 0
171800 0
171900 0
172000 0
172100 0
172200 1
172300 0
172400 0
172500 11
172600 22
172700 7
172800 0
172900 0
173000 0
173100 0
173200 1
173300 0
173400 0
173500 0
173600 1
173700 0
173800 0
173900 0
174000 0
174100 0
174200 0
174300 0
174400 0
174500 0
174600 0
174700 0
174800 0
174900 2
175000 1
175100 1
175200 1
175300 0
175400 0
175500 0
175600 0
175700 0
175800 0
175900 0
176000 0
176100 0
176200 0
176300 0
176400 0
176500 0
176600 0
176700 0
176800 1
176900 0
177000 0
177100 2
177200 1
177300 1
177400 3
177500 0
177600 0
177700 0
177800 0
177900 0
178000 0
178100 0
178200 0
178300 0
178400 0
178500 0
178600 0
178700 0
178800 1
178900 0
179000 0
179100 0
179200 0
179300 0
179400 0
179500 0
179600 0
179700 0
179800 2
179900 0
180000 0
180100 0
180200 1
180300 1
180400 3
180500 12
180600 114
180700 933
180800 2258
180900 1601
181000 330
181100 28
181200 2
181300 1
181400 0
181500 0
181600 0
181700 1
181800 0
181900 0
182000 0
182100 0
182200 0
182300 4
182400 7
182500 9
182600 3
182700 0
182800 0
182900 0
183000 0
183100 0
183200 0
183300 0
183400 0
183500 0
183600 0
183700 0
183800 0
183900 0
184000 0
184100 0
184200 0
184300 0
184400 1
184500 0
184600 0
184700 0
184800 0
184900 1
185000 0
185100 0
185200 0
185300 0
185400 0
185500 0
185600 6
185700 17
185800 8
185900 2
186000 0
186100 0
186200 0
186300 0
186400 0
186500 0
186600 1
186700 0
186800 0
186900 0
187000 0
187100 0
187200 1
187300 0
187400 0
187500 1
187600 1
187700 0
187800 1
187900 0
188000 0
188100 1
188200 1
188300 0
188400 0
188500 0
188600 0
188700 0
188800 0
188900 0
189000 0
189100 0
189200 0
189300 0
189400 0
189500 0
189600 0
189700 0
189800 0
189900 0
190000 0
190100 1
190200 0
190300 0
190400 0
190500 1
190600 1
190700 1
190800 0
190900 0
191000 0
191100 0
191200 0
191300 0
191400 0
191500 0
191600 0
191700 0
191800 1
191900 1
192000 0
192100 0
192200 0
192300 1
192400 1
192500 0
192600 0
192700 0
192800 0
192900 0
193000 0
193100 0
193200 0
193300 1
193400 2
193500 1
193600 5
193700 44
193800 453
193900 1953
194000 2237
194100 753
194200 80
194300 8
194400 3
194500 1
194600 1
194700 0
194800 0
194900 0
195000 0
195100 0
195200 0
195300 1
195400 1
195500 0
195600 0
195700 1
195800 0
195900 1
196000 0
196100 0
196200 1
196300 2
196400 0
196500 0
196600 0
196700 0
196800 0
196900 0
197000 0
197100 1
197200 0
197300 1
197400 1
197500 0
197600 0
197700 0
197800 0
197900 0
198000 0
198100 0
198200 0
198300 0
198400 0
198500 0
198600 0
198700 6
198800 10
198900 16
199000 5
199100 3
199200 1
199300 0
199400 0
199500 0
199600 0
199700 0
199800 0
199900 1
200000 0
200100 0
200200 0
200300 1
200400 0
200500 0
200600 0
200700 0
200800 1
200900 1
201000 0
201100 0
201200 0
201300 0
201400 0
201500 0
201600 0
201700 1
201800 0
201900 0
202000 0
202100 0
202200 0
202300 0
202400 0
202500 0
202600 0
202700 0
202800 0
202900 0
203000 0
203100 0
203200 0
203300 1
203400 0
203500 0
203600 0
203700 0
203800 0
203900 0
204000 0
204100 0
204200 0
204300 0
204400 0
204500 0
204600 0
204700 0
204800 0
204900 0
205000 1
205100 0
205200 0
205300 0
205400 1
205500 1
205600 0
205700 0
205800 0
205900 0
206000 0
206100 0
206200 0
206300 0
206400 1
206500 0
206600 1
206700 6
206800 22
206900 278
207000 1453
207100 2321
207200 1141
207300 166
207400 16
207500 2
207600 2
207700 1
207800 0
207900 0
208000 0
208100 0
208200 0
208300 0
208400 0
208500 0
208600 0
208700 0
208800 0
208900 0
209000 1
209100 0
209200 1
209300 0
209400 1
209500 0
209600 0
209700 0
209800 0
209900 0
210000 0
210100 1
210200 0
210300 0
210400 0
210500 1
210600 0
210700 0
210800 0
210900 0
211000 0
211100 0
211200 1
211300 0
211400 0
211500 0
211600 0
211700 0
211800 1
211900 18
212000 25
212100 9
212200 2
212300 1
212400 0
212500 0
212600 0
212700 0
212800 0
212900 0
213000 0
213100 0
213200 0
213300 0
213400 0
213500 0
213600 1
213700 0
213800 0
213900 0
214000 0
214100 0
214200 1
214300 0
214400 0
214500 0
214600 0
214700 0
214800 0
214900 0
215000 0
215100 0
215200 0
215300 0
215400 1
215500 1
215600 0
215700 0
215800 1
215900 0
216000 0
216100 0
216200 0
216300 2
216400 0
216500 0
216600 0
216700 0
216800 1
216900 0
217000 0
217100 1
217200 0
217300 0
217400 0
217500 0
217600 0
217700 0
217800 0
217900 0
218000 0
218100 0
218200 1
218300 0
218400 0
218500 1
218600 0
218700 1
218800 1
218900 0
219000 0
219100 0
219200 0
219300 1
219400 0
219500 1
219600 0
219700 0
219800 2
219900 8
220000 123
220100 909
220200 2350
220300 1756
220400 367
220500 33
220600 3
220700 3
220800 2
220900 0
221000 0
221100 0
221200 0
221300 0
221400 1
221500 1
221600 0
221700 0
221800 0
221900 3
222000 0
222100 0
222200 0
222300 0
222400 0
222500 0
222600 0
222700 0
222800 0
222900 0
223000 0
223100 1
223200 0
223300 0
223400 0
223500 0
223600 1
223700 0
223800 0
223900 0
224000 0
224100 0
224200 0
224300 1
224400 0
224500 0
224600 0
224700 0
224800 0
224900 0
225000 5
225100 18
225200 15
225300 2
225400 0
225500 0
225600 0
225700 0
225800 0
225900 1
226000 0
226100 0
226200 0
226300 1
226400 0
226500 0
226600 0
226700 0
226800 0
226900 0
227000 0
227100 0
227200 0
227300 0
227400 2
227500 0
227600 0
227700 0
227800 0
227900 0
228000 0
228100 0
228200 0
228300 0
228400 0
228500 0
228600 0
228700 0
228800 0
228900 0
229000 0
229100 1
229200 1
229300 0
229400 0
229500 0
229600 0
229700 0
229800 0
229900 1
230000 1
230100 0
230200 0
230300 0
230400 0
230500 0
230600 0
230700 1
230800 0
230900 1
231000 0
231100 1
231200 0
231300 0
231400 0
231500 0
231600 0
231700 1
231800 1
231900 0
232000 0
232100 0
232200 1
232300 0
232400 0
232500 0
232600 0
232700 0
232800 1
232900 0
233000 4
233100 86
233200 643
233300 2026
233400 1999
233500 619
233600 61
233700 5
233800 3
233900 1
234000 0
234100 0
234200 0
234300 1
234400 1
234500 0
234600 1
234700 0
234800 1
234900 0
235000 0
235100 0
235200 0
235300 0
235400 0
235500 1
235600 0
235700 0
235800 1
235900 1
236000 0
236100 0
236200 0
236300 1
236400 0
236500 0
236600 0
236700 0
236800 0
236900 0
237000 0
237100 0
237200 0
237300 0
237400 0
237500 0
237600 0
237700 1
237800 0
237900 0
238000 0
238100 4
238200 17
238300 18
238400 4
238500 0
238600 1
238700 0
238800 0
238900 0
239000 0
239100 1
239200 0
239300 0
239400 0
239500 0
239600 1
239700 0
239800 1
239900 0
240000 0
240100 0
240200 0
240300 0
240400 0
240500 0
240600 0
240700 0
240800 1
240900 0
241000 0
241100 0
241200 0
241300 1
241400 0
241500 0
241600 0
241700 0
241800 0
241900 1
242000 0
242100 0
242200 0
242300 0
242400 0
242500 0
242600 0
242700 0
242800 0
242900 0
243000 0
243100 0
243200 0
243300 0
243400 0
243500 1
243600 0
243700 0
243800 0
243900 0
244000 0
244100 2
244200 0
244300 0
244400 0
244500 0
244600 0
244700 0
244800 3
244900 1
245000 0
245100 0
245200 0
245300 0
245400 0
245500 0
245600 1
245700 0
245800 1
245900 0
246000 2
246100 3
246200 31
246300 293
246400 1470
246500 2426
246600 1163
246700 215
246800 12
246900 0
247000 1
247100 0
247200 0
247300 0
247400 0
247500 0
247600 0
247700 0
247800 0
247900 0
248000 0
248100 1
248200 0
248300 1
248400 1
248500 0
248600 1
248700 0
248800 0
248900 0
249000 0
249100 0
249200 0
249300 0
249400 0
249500 0
249600 0
249700 0
249800 0
249900 0
250000 0
250100 0
250200 0
250300 0
250400 0
250500 0
250600 0
250700 0
250800 0
250900 1
251000 0
251100 0
251200 4
251300 10
251400 12
251500 2
251600 2
251700 2
251800 0
251900 0
252000 0
252100 1
252200 0
252300 0
252400 0
252500 0
252600 1
252700 0
252800 0
252900 0
253000 1
253100 1
253200 0
253300 0
253400 0
253500 0
253600 0
253700 0
253800 0
253900 0
254000 0
254100 0
254200 0
254300 0
254400 0
254500 0
254600 0
254700 0
254800 0
254900 0
255000 0
255100 1
255200 0
255300 1
255400 0
255500 0
255600 1
255700 0
255800 0
255900 0
256000 0
256100 0
256200 0
256300 1
256400 0
256500 0
256600 0
256700 0
256800 0
256900 0
257000 0
257100 0
257200 1
257300 0
257400 0
257500 0
257600 0
257700 0
257800 2
257900 0
258000 2
258100 1
258200 0
258300 0
258400 0
258500 0
258600 0
258700 0
258800 0
258900 1
259000 0
259100 1
259200 3
259300 11
259400 125
259500 930
259600 2314
259700 1670
259800 384
259900 21
260000 7
260100 2
260200 0
260300 2
260400 0
260500 0
260600 0
260700 0
260800 0
260900 0
261000 0
261100 0
261200 0
261300 0
261400 0
261500 0
261600 0
261700 1
261800 0
261900 1
262000 0
262100 0
262200 0
262300 0
262400 0
262500 0
262600 0
262700 0
262800 0
262900 0
263000 0
263100 1
263200 0
263300 0
263400 0
263500 0
263600 0
263700 0
263800 0
263900 0
264000 0
264100 0
264200 0
264300 1
264400 7
264500 23
264600 5
264700 0
264800 0
264900 0
265000 0
265100 0
265200 0
265300 0
265400 0
265500 0
265600 0
265700 0
265800 0
265900 0
266000 0
266100 0
266200 0
266300 0
266400 0
266500 0
266600 0
266700 0
266800 0
266900 1
267000 3
267100 1
267200 0
267300 0
267400 0
267500 2
267600 0
267700 1
267800 0
267900 2
268000 0
268100 0
268200 0
268300 0
268400 0
268500 0
268600 0
268700 0
268800 0
268900 0
269000 0
269100 0
269200 0
269300 0
269400 0
269500 0
269600 0
269700 0
269800 0
269900 0
270000 0
270100 0
270200 1
270300 0
270400 0
270500 0
270600 0
270700 0
270800 0
270900 0
271000 0
271100 2
271200 1
271300 0
271400 0
271500 0
271600 0
271700 1
271800 1
271900 1
272000 0
272100 0
272200 0
272300 0
272400 8
272500 67
272600 547
272700 1907
272800 2032
272900 653
273000 78
273100 5
273200 2
273300 1
273400 0
273500 2
273600 0
273700 0
273800 0
273900 1
274000 0
274100 2
274200 1
274300 1
274400 1
274500 1
274600 0
274700 0
274800 1
274900 0
275000 0
275100 0
275200 0
275300 0
275400 0
275500 0
275600 0
275700 0
275800 0
275900 0
276000 0
276100 0
276200 0
276300 0
276400 0
276500 0
276600 0
276700 0
276800 0
276900 0
277000 0
277100 0
277200 0
277300 0
277400 0
277500 5
277600 19
277700 16
277800 6
277900 1
278000 0
278100 0
278200 0
278300 0
278400 0
278500 0
278600 1
278700 0
278800 0
278900 1
279000 0
279100 0
279200 0
279300 0
279400 0
279500 1
279600 0
279700 0
279800 0
279900 0
280000 0
280100 0
280200 0
280300 1
280400 0
280500 0
280600 0
280700 0
280800 1
280900 0
281000 0
281100 0
281200 0
281300 0
281400 0
281500 0
281600 0
281700 0
281800 1
281900 0
282000 0
282100 0
282200 0
282300 0
282400 0
282500 0
282600 3
282700 1
282800 0
282900 0
283000 0
283100 0
283200 0
283300 0
283400 0
283500 1
283600 0
283700 0
283800 0
283900 0
284000 0
284100 0
284200 1
284300 1
284400 0
284500 0
284600 0
284700 0
284800 0
284900 0
285000 1
285100 2
285200 0
285300 0
285400 6
285500 1
285600 32
285700 292
285800 1391
285900 2344
286000 1138
286100 228
286200 10
286300 0
286400 1
286500 1
286600 0
286700 0
286800 0
286900 0
287000 1
287100 0
287200 1
287300 0
287400 1
287500 0
287600 0
287700 0
287800 0
287900 1
288000 0
288100 0
288200 0
288300 0
288400 0
288500 0
288600 0
288700 0
288800 0
288900 1
289000 0
289100 0
289200 0
289300 1
289400 0
289500 1
289600 0
289700 0
289800 0
289900 0
290000 0
290100 0
290200 0
290300 0
290400 0
290500 0
290600 6
290700 12
290800 19
290900 6
291000 3
291100 1
291200 0
291300 0
291400 0
291500 0
291600 0
291700 0
291800 0
291900 1
292000 0
292100 0
292200 0
292300 0
292400 0
292500 0
292600 0
292700 0
292800 0
292900 1
293000 0
293100 0
293200 1
293300 0
293400 0
293500 0
293600 1
293700 1
293800 1
293900 0
294000 0
294100 1
294200 0
294300 0
294400 0
294500 0
294600 0
294700 0
294800 0
294900 0
295000 1
295100 1
295200 0
295300 0
295400 1
295500 0
295600 0
295700 1
295800 1
295900 1
296000 1
296100 0
296200 0
296300 0
296400 0
296500 0
296600 0
296700 0
296800 0
296900 0
297000 0
297100 2
297200 1
297300 1
297400 4
297500 1
297600 0
297700 0
297800 0
297900 0
298000 0
298100 0
298200 0
298300 1
298400 2
298500 1
298600 2
298700 11
298800 127
298900 828
299000 2116
299100 1765
299200 399
299300 45
299400 1
299500 2
299600 3
299700 1
299800 2
299900 0
300000 1
300100 0
300200 0
300300 1
300400 0
300500 2
300600 0
300700 0
300800 0
300900 0
301000 0
301100 0
301200 0
301300 0
301400 0
301500 0
301600 0
301700 0
301800 1
301900 1
302000 0
302100 0
302200 0
302300 0
302400 0
302500 0
302600 0
302700 0
302800 1
302900 0
303000 0
303100 0
303200 1
303300 0
303400 0
303500 1
303600 0
303700 3
303800 7
303900 14
304000 8
304100 1
304200 3
304300 0
304400 0
304500 0
304600 0
304700 0
304800 1
304900 0
305000 0
305100 0
305200 0
305300 0
305400 0
305500 0
305600 0
305700 0
305800 0
305900 0
306000 0
306100 0
306200 0
306300 0
306400 0
306500 0
306600 0
306700 0
306800 0
306900 1
307000 1
307100 0
307200 0
307300 0
307400 0
307500 0
307600 0
307700 0
307800 0
307900 0
308000 0
308100 0
308200 0
308300 0
308400 0
308500 0
308600 0
308700 1
308800 0
308900 0
309000 1
309100 0
309200 0
309300 0
309400 0
309500 0
309600 0
309700 0
309800 0
309900 0
