-290000 7
-289900 9
-289800 4
-289700 1
-289600 10
-289500 7
-289400 5
-289300 3
-289200 9
-289100 6
-289000 7
-288900 5
-288800 4
-288700 5
-288600 10
-288500 10
-288400 5
-288300 6
-288200 5
-288100 6
-288000 4
-287900 5
-287800 10
-287700 7
-287600 8
-287500 5
-287400 5
-287300 22
-287200 69
-287100 60
-287000 21
-286900 9
-286800 12
-286700 6
-286600 8
-286500 6
-286400 8
-286300 4
-286200 2
-286100 3
-286000 8
-285900 4
-285800 6
-285700 9
-285600 9
-285500 3
-285400 3
-285300 4
-285200 7
-285100 7
-285000 5
-284900 6
-284800 12
-284700 5
-284600 7
-284500 4
-284400 6
-284300 5
-284200 6
-284100 7
-284000 2
-283900 6
-283800 6
-283700 4
-283600 4
-283500 4
-283400 5
-283300 6
-283200 5
-283100 10
-283000 3
-282900 6
-282800 4
-282700 7
-282600 5
-282500 6
-282400 5
-282300 7
-282200 9
-282100 5
-282000 2
-281900 5
-281800 7
-281700 5
-281600 6
-281500 6
-281400 6
-281300 10
-281200 3
-281100 3
-281000 7
-280900 7
-280800 10
-280700 8
-280600 9
-280500 12
-280400 10
-280300 3
-280200 4
-280100 3
-280000 6
-279900 9
-279800 7
-279700 10
-279600 11
-279500 9
-279400 20
-279300 39
-279200 149
-279100 1608
-279000 8403
-278900 14334
-278800 7553
-278700 1348
-278600 113
-278500 25
-278400 23
-278300 13
-278200 6
-278100 7
-278000 4
-277900 6
-277800 9
-277700 2
-277600 8
-277500 7
-277400 7
-277300 5
-277200 8
-277100 6
-277000 5
-276900 3
-276800 5
-276700 6
-276600 3
-276500 3
-276400 3
-276300 4
-276200 4
-276100 9
-276000 9
-275900 7
-275800 8
-275700 6
-275600 5
-275500 14
-275400 8
-275300 10
-275200 3
-275100 7
-275000 4
-274900 7
-274800 7
-274700 9
-274600 4
-274500 4
-274400 2
-274300 7
-274200 10
-274100 48
-274000 78
-273900 34
-273800 13
-273700 7
-273600 8
-273500 6
-273400 5
-273300 3
-273200 7
-273100 3
-273000 1
-272900 8
-272800 7
-272700 8
-272600 9
-272500 5
-272400 9
-272300 7
-272200 5
-272100 2
-272000 12
-271900 4
-271800 5
-271700 7
-271600 5
-271500 6
-271400 7
-271300 3
-271200 4
-271100 6
-271000 8
-270900 3
-270800 5
-270700 8
-270600 9
-270500 7
-270400 6
-270300 7
-270200 7
-270100 7
-270000 2
-269900 9
-269800 1
-269700 4
-269600 8
-269500 6
-269400 5
-269300 8
-269200 11
-269100 9
-269000 9
-268900 6
-268800 3
-268700 3
-268600 0
-268500 4
-268400 5
-268300 5
-268200 8
-268100 8
-268000 5
-267900 8
-267800 3
-267700 8
-267600 6
-267500 5
-267400 10
-267300 9
-267200 6
-267100 7
-267000 8
-266900 6
-266800 4
-266700 4
-266600 4
-266500 5
-266400 18
-266300 18
-266200 20
-266100 71
-266000 756
-265900 5472
-265800 13835
-265700 10791
-265600 2509
-265500 240
-265400 41
-265300 36
-265200 21
-265100 10
-265000 7
-264900 3
-264800 4
-264700 5
-264600 4
-264500 6
-264400 8
-264300 6
-264200 6
-264100 2
-264000 1
-263900 5
-263800 6
-263700 4
-263600 1
-263500 7
-263400 4
-263300 3
-263200 6
-263100 8
-263000 3
-262900 9
-262800 4
-262700 2
-262600 9
-262500 7
-262400 6
-262300 7
-262200 4
-262100 9
-262000 5
-261900 3
-261800 3
-261700 11
-261600 10
-261500 5
-261400 8
-261300 5
-261200 5
-261100 15
-261000 30
-260900 72
-260800 55
-260700 19
-260600 4
-260500 6
-260400 8
-260300 9
-260200 5
-260100 7
-260000 5
-259900 5
-259800 6
-259700 6
-259600 8
-259500 9
-259400 6
-259300 5
-259200 7
-259100 10
-259000 5
-258900 5
-258800 6
-258700 8
-258600 8
-258500 5
-258400 7
-258300 9
-258200 8
-258100 5
-258000 2
-257900 6
-257800 3
-257700 4
-257600 7
-257500 3
-257400 2
-257300 4
-257200 8
-257100 7
-257000 3
-256900 10
-256800 3
-256700 4
-256600 3
-256500 9
-256400 3
-256300 2
-256200 3
-256100 3
-256000 6
-255900 12
-255800 8
-255700 7
-255600 8
-255500 4
-255400 3
-255300 4
-255200 5
-255100 5
-255000 9
-254900 7
-254800 7
-254700 10
-254600 8
-254500 2
-254400 7
-254300 10
-254200 11
-254100 11
-254000 8
-253900 4
-253800 4
-253700 4
-253600 5
-253500 5
-253400 7
-253300 13
-253200 15
-253100 17
-253000 37
-252900 329
-252800 3127
-252700 11703
-252600 13111
-252500 4577
-252400 542
-252300 42
-252200 32
-252100 17
-252000 12
-251900 7
-251800 8
-251700 3
-251600 7
-251500 3
-251400 4
-251300 5
-251200 9
-251100 9
-251000 7
-250900 5
-250800 6
-250700 4
-250600 4
-250500 7
-250400 2
-250300 4
-250200 5
-250100 5
-250000 8
-249900 9
-249800 2
-249700 2
-249600 4
-249500 9
-249400 8
-249300 8
-249200 7
-249100 7
-249000 2
-248900 5
-248800 6
-248700 2
-248600 9
-248500 7
-248400 4
-248300 4
-248200 8
-248100 4
-248000 5
-247900 21
-247800 54
-247700 44
-247600 25
-247500 5
-247400 6
-247300 11
-247200 5
-247100 7
-247000 10
-246900 2
-246800 5
-246700 5
-246600 4
-246500 7
-246400 4
-246300 6
-246200 5
-246100 8
-246000 4
-245900 5
-245800 9
-245700 7
-245600 12
-245500 5
-245400 3
-245300 11
-245200 11
-245100 10
-245000 7
-244900 7
-244800 13
-244700 7
-244600 7
-244500 7
-244400 2
-244300 7
-244200 3
-244100 5
-244000 8
-243900 11
-243800 3
-243700 5
-243600 7
-243500 9
-243400 10
-243300 3
-243200 9
-243100 6
-243000 12
-242900 5
-242800 2
-242700 1
-242600 5
-242500 5
-242400 7
-242300 5
-242200 8
-242100 4
-242000 5
-241900 6
-241800 6
-241700 7
-241600 8
-241500 8
-241400 7
-241300 6
-241200 6
-241100 10
-241000 7
-240900 6
-240800 7
-240700 8
-240600 3
-240500 9
-240400 6
-240300 6
-240200 7
-240100 14
-240000 25
-239900 32
-239800 126
-239700 1349
-239600 7924
-239500 14541
-239400 7983
-239300 1406
-239200 116
-239100 25
-239000 23
-238900 20
-238800 8
-238700 2
-238600 7
-238500 4
-238400 6
-238300 3
-238200 6
-238100 4
-238000 11
-237900 13
-237800 7
-237700 7
-237600 9
-237500 9
-237400 2
-237300 9
-237200 6
-237100 5
-237000 9
-236900 5
-236800 5
-236700 8
-236600 3
-236500 6
-236400 13
-236300 5
-236200 6
-236100 8
-236000 5
-235900 8
-235800 3
-235700 4
-235600 5
-235500 5
-235400 13
-235300 5
-235200 3
-235100 3
-235000 8
-234900 4
-234800 9
-234700 44
-234600 58
-234500 32
-234400 7
-234300 4
-234200 2
-234100 7
-234000 4
-233900 3
-233800 3
-233700 4
-233600 4
-233500 2
-233400 5
-233300 6
-233200 4
-233100 4
-233000 2
-232900 3
-232800 8
-232700 3
-232600 6
-232500 4
-232400 6
-232300 4
-232200 4
-232100 4
-232000 5
-231900 7
-231800 4
-231700 8
-231600 4
-231500 4
-231400 5
-231300 3
-231200 10
-231100 7
-231000 5
-230900 2
-230800 9
-230700 10
-230600 9
-230500 8
-230400 7
-230300 6
-230200 3
-230100 8
-230000 2
-229900 10
-229800 11
-229700 9
-229600 8
-229500 4
-229400 4
-229300 3
-229200 5
-229100 4
-229000 3
-228900 8
-228800 7
-228700 7
-228600 7
-228500 6
-228400 2
-228300 3
-228200 7
-228100 6
-228000 11
-227900 12
-227800 8
-227700 7
-227600 5
-227500 5
-227400 6
-227300 6
-227200 5
-227100 6
-227000 9
-226900 17
-226800 30
-226700 51
-226600 532
-226500 4648
-226400 13266
-226300 11488
-226200 2983
-226100 287
-226000 31
-225900 27
-225800 20
-225700 8
-225600 5
-225500 7
-225400 3
-225300 6
-225200 6
-225100 6
-225000 7
-224900 8
-224800 5
-224700 8
-224600 6
-224500 6
-224400 4
-224300 4
-224200 9
-224100 5
-224000 6
-223900 5
-223800 6
-223700 7
-223600 6
-223500 5
-223400 7
-223300 5
-223200 8
-223100 5
-223000 3
-222900 3
-222800 6
-222700 12
-222600 5
-222500 4
-222400 4
-222300 3
-222200 2
-222100 2
-222000 5
-221900 8
-221800 4
-221700 14
-221600 38
-221500 63
-221400 35
-221300 11
-221200 7
-221100 7
-221000 3
-220900 10
-220800 7
-220700 7
-220600 7
-220500 4
-220400 4
-220300 7
-220200 7
-220100 10
-220000 3
-219900 2
-219800 9
-219700 6
-219600 10
-219500 3
-219400 3
-219300 4
-219200 7
-219100 2
-219000 8
-218900 5
-218800 6
-218700 9
-218600 2
-218500 8
-218400 4
-218300 4
-218200 5
-218100 3
-218000 9
-217900 6
-217800 7
-217700 7
-217600 8
-217500 9
-217400 9
-217300 9
-217200 6
-217100 6
-217000 9
-216900 5
-216800 6
-216700 5
-216600 10
-216500 3
-216400 5
-216300 9
-216200 10
-216100 7
-216000 5
-215900 6
-215800 7
-215700 6
-215600 3
-215500 8
-215400 10
-215300 10
-215200 4
-215100 9
-215000 7
-214900 8
-214800 14
-214700 10
-214600 4
-214500 4
-214400 6
-214300 5
-214200 4
-214100 2
-214000 7
-213900 13
-213800 14
-213700 25
-213600 37
-213500 318
-213400 3048
-213300 11738
-213200 13321
-213100 4354
-213000 529
-212900 52
-212800 23
-212700 17
-212600 10
-212500 9
-212400 9
-212300 8
-212200 4
-212100 4
-212000 7
-211900 2
-211800 5
-211700 9
-211600 11
-211500 8
-211400 6
-211300 9
-211200 11
-211100 5
-211000 14
-210900 3
-210800 3
-210700 4
-210600 6
-210500 6
-210400 2
-210300 4
-210200 12
-210100 5
-210000 7
-209900 5
-209800 4
-209700 4
-209600 4
-209500 6
-209400 5
-209300 7
-209200 7
-209100 7
-209000 7
-208900 9
-208800 5
-208700 5
-208600 7
-208500 19
-208400 72
-208300 56
-208200 17
-208100 8
-208000 6
-207900 4
-207800 6
-207700 5
-207600 8
-207500 8
-207400 6
-207300 4
-207200 5
-207100 8
-207000 4
-206900 5
-206800 4
-206700 4
-206600 7
-206500 7
-206400 8
-206300 4
-206200 8
-206100 2
-206000 4
-205900 8
-205800 12
-205700 7
-205600 8
-205500 9
-205400 5
-205300 2
-205200 5
-205100 5
-205000 9
-204900 6
-204800 4
-204700 3
-204600 8
-204500 4
-204400 12
-204300 3
-204200 3
-204100 8
-204000 4
-203900 6
-203800 5
-203700 8
-203600 4
-203500 9
-203400 6
-203300 9
-203200 7
-203100 7
-203000 5
-202900 5
-202800 4
-202700 2
-202600 4
-202500 4
-202400 9
-202300 8
-202200 6
-202100 5
-202000 6
-201900 7
-201800 12
-201700 13
-201600 11
-201500 11
-201400 5
-201300 5
-201200 6
-201100 4
-201000 8
-200900 9
-200800 2
-200700 13
-200600 22
-200500 36
-200400 135
-200300 1763
-200200 8980
-200100 14498
-200000 6826
-199900 1028
-199800 91
-199700 29
-199600 17
-199500 19
-199400 10
-199300 5
-199200 6
-199100 4
-199000 8
-198900 7
-198800 9
-198700 10
-198600 11
-198500 7
-198400 11
-198300 8
-198200 6
-198100 3
-198000 7
-197900 6
-197800 10
-197700 14
-197600 2
-197500 3
-197400 9
-197300 5
-197200 7
-197100 7
-197000 4
-196900 6
-196800 9
-196700 5
-196600 7
-196500 4
-196400 4
-196300 4
-196200 6
-196100 7
-196000 8
-195900 3
-195800 5
-195700 5
-195600 7
-195500 7
-195400 12
-195300 54
-195200 78
-195100 28
-195000 10
-194900 8
-194800 8
-194700 4
-194600 7
-194500 6
-194400 2
-194300 8
-194200 5
-194100 5
-194000 7
-193900 11
-193800 5
-193700 3
-193600 5
-193500 10
-193400 4
-193300 8
-193200 7
-193100 5
-193000 10
-192900 1
-192800 6
-192700 8
-192600 6
-192500 8
-192400 4
-192300 6
-192200 4
-192100 1
-192000 7
-191900 10
-191800 7
-191700 7
-191600 8
-191500 3
-191400 7
-191300 6
-191200 8
-191100 10
-191000 12
-190900 7
-190800 6
-190700 6
-190600 10
-190500 6
-190400 5
-190300 6
-190200 10
-190100 2
-190000 16
-189900 9
-189800 6
-189700 6
-189600 3
-189500 5
-189400 8
-189300 4
-189200 5
-189100 6
-189000 6
-188900 3
-188800 4
-188700 10
-188600 3
-188500 8
-188400 4
-188300 4
-188200 13
-188100 9
-188000 7
-187900 5
-187800 10
-187700 8
-187600 10
-187500 19
-187400 30
-187300 57
-187200 619
-187100 5196
-187000 13950
-186900 10810
-186800 2539
-186700 237
-186600 33
-186500 27
-186400 24
-186300 7
-186200 11
-186100 7
-186000 7
-185900 7
-185800 3
-185700 5
-185600 8
-185500 3
-185400 11
-185300 16
-185200 4
-185100 5
-185000 8
-184900 3
-184800 5
-184700 7
-184600 6
-184500 4
-184400 4
-184300 3
-184200 10
-184100 6
-184000 6
-183900 3
-183800 3
-183700 7
-183600 4
-183500 6
-183400 8
-183300 11
-183200 7
-183100 6
-183000 10
-182900 6
-182800 6
-182700 9
-182600 10
-182500 3
-182400 6
-182300 9
-182200 32
-182100 53
-182000 36
-181900 15
-181800 8
-181700 9
-181600 3
-181500 5
-181400 4
-181300 3
-181200 10
-181100 6
-181000 8
-180900 4
-180800 6
-180700 5
-180600 5
-180500 3
-180400 4
-180300 8
-180200 12
-180100 2
-180000 6
-179900 5
-179800 4
-179700 9
-179600 7
-179500 6
-179400 3
-179300 7
-179200 9
-179100 5
-179000 8
-178900 8
-178800 6
-178700 5
-178600 3
-178500 3
-178400 7
-178300 1
-178200 8
-178100 5
-178000 4
-177900 5
-177800 5
-177700 7
-177600 5
-177500 3
-177400 5
-177300 6
-177200 6
-177100 5
-177000 8
-176900 8
-176800 4
-176700 4
-176600 5
-176500 2
-176400 4
-176300 2
-176200 5
-176100 6
-176000 9
-175900 5
-175800 2
-175700 7
-175600 5
-175500 6
-175400 14
-175300 11
-175200 5
-175100 4
-175000 7
-174900 3
-174800 8
-174700 9
-174600 7
-174500 8
-174400 16
-174300 21
-174200 35
-174100 232
-174000 2466
-173900 10812
-173800 14161
-173700 5036
-173600 614
-173500 61
-173400 28
-173300 19
-173200 12
-173100 14
-173000 13
-172900 5
-172800 8
-172700 8
-172600 6
-172500 11
-172400 5
-172300 9
-172200 17
-172100 8
-172000 6
-171900 10
-171800 7
-171700 7
-171600 8
-171500 5
-171400 6
-171300 3
-171200 6
-171100 6
-171000 6
-170900 8
-170800 5
-170700 4
-170600 8
-170500 5
-170400 6
-170300 5
-170200 3
-170100 6
-170000 5
-169900 3
-169800 7
-169700 12
-169600 7
-169500 4
-169400 3
-169300 8
-169200 7
-169100 18
-169000 67
-168900 65
-168800 19
-168700 12
-168600 6
-168500 7
-168400 10
-168300 4
-168200 6
-168100 3
-168000 5
-167900 5
-167800 9
-167700 2
-167600 4
-167500 3
-167400 7
-167300 4
-167200 7
-167100 10
-167000 6
-166900 3
-166800 5
-166700 3
-166600 8
-166500 7
-166400 6
-166300 7
-166200 6
-166100 3
-166000 4
-165900 7
-165800 0
-165700 7
-165600 6
-165500 7
-165400 7
-165300 1
-165200 5
-165100 2
-165000 8
-164900 6
-164800 5
-164700 10
-164600 3
-164500 6
-164400 7
-164300 5
-164200 5
-164100 7
-164000 9
-163900 9
-163800 5
-163700 9
-163600 10
-163500 2
-163400 5
-163300 8
-163200 6
-163100 5
-163000 4
-162900 5
-162800 3
-162700 2
-162600 7
-162500 6
-162400 21
-162300 27
-162200 25
-162100 7
-162000 5
-161900 8
-161800 5
-161700 5
-161600 9
-161500 2
-161400 4
-161300 12
-161200 20
-161100 28
-161000 100
-160900 1263
-160800 7544
-160700 14965
-160600 8251
-160500 1404
-160400 104
-160300 27
-160200 16
-160100 11
-160000 7
-159900 8
-159800 10
-159700 2
-159600 5
-159500 3
-159400 4
-159300 5
-159200 9
-159100 10
-159000 6
-158900 7
-158800 3
-158700 8
-158600 6
-158500 3
-158400 9
-158300 11
-158200 3
-158100 6
-158000 4
-157900 6
-157800 5
-157700 4
-157600 4
-157500 8
-157400 5
-157300 5
-157200 8
-157100 6
-157000 1
-156900 8
-156800 9
-156700 8
-156600 7
-156500 12
-156400 3
-156300 5
-156200 5
-156100 7
-156000 16
-155900 49
-155800 71
-155700 40
-155600 11
-155500 5
-155400 6
-155300 6
-155200 1
-155100 6
-155000 6
-154900 7
-154800 2
-154700 6
-154600 9
-154500 10
-154400 6
-154300 2
-154200 5
-154100 5
-154000 7
-153900 4
-153800 6
-153700 6
-153600 3
-153500 7
-153400 7
-153300 4
-153200 5
-153100 8
-153000 6
-152900 6
-152800 7
-152700 6
-152600 5
-152500 3
-152400 2
-152300 3
-152200 4
-152100 11
-152000 4
-151900 6
-151800 7
-151700 4
-151600 3
-151500 4
-151400 5
-151300 6
-151200 4
-151100 6
-151000 11
-150900 8
-150800 4
-150700 6
-150600 6
-150500 8
-150400 5
-150300 8
-150200 5
-150100 4
-150000 6
-149900 8
-149800 4
-149700 5
-149600 5
-149500 9
-149400 4
-149300 5
-149200 7
-149100 10
-149000 5
-148900 9
-148800 5
-148700 3
-148600 6
-148500 4
-148400 5
-148300 4
-148200 10
-148100 20
-148000 18
-147900 61
-147800 565
-147700 4482
-147600 13437
-147500 11656
-147400 2904
-147300 243
-147200 39
-147100 27
-147000 6
-146900 6
-146800 6
-146700 4
-146600 4
-146500 8
-146400 8
-146300 4
-146200 5
-146100 8
-146000 9
-145900 7
-145800 9
-145700 10
-145600 5
-145500 5
-145400 3
-145300 5
-145200 7
-145100 11
-145000 4
-144900 5
-144800 7
-144700 3
-144600 2
-144500 3
-144400 7
-144300 4
-144200 4
-144100 13
-144000 10
-143900 5
-143800 3
-143700 5
-143600 7
-143500 5
-143400 3
-143300 6
-143200 5
-143100 7
-143000 8
-142900 5
-142800 33
-142700 64
-142600 53
-142500 8
-142400 7
-142300 7
-142200 5
-142100 7
-142000 13
-141900 3
-141800 8
-141700 5
-141600 3
-141500 5
-141400 4
-141300 8
-141200 5
-141100 6
-141000 9
-140900 6
-140800 6
-140700 6
-140600 2
-140500 5
-140400 4
-140300 7
-140200 2
-140100 3
-140000 7
-139900 5
-139800 6
-139700 8
-139600 3
-139500 6
-139400 4
-139300 8
-139200 4
-139100 6
-139000 3
-138900 6
-138800 5
-138700 5
-138600 5
-138500 9
-138400 7
-138300 4
-138200 5
-138100 5
-138000 7
-137900 6
-137800 6
-137700 6
-137600 2
-137500 6
-137400 5
-137300 10
-137200 4
-137100 9
-137000 5
-136900 7
-136800 3
-136700 7
-136600 7
-136500 5
-136400 11
-136300 8
-136200 4
-136100 8
-136000 10
-135900 10
-135800 6
-135700 7
-135600 6
-135500 6
-135400 11
-135300 5
-135200 15
-135100 9
-135000 13
-134900 18
-134800 37
-134700 188
-134600 2183
-134500 10237
-134400 14440
-134300 5517
-134200 705
-134100 59
-134000 24
-133900 21
-133800 13
-133700 9
-133600 8
-133500 6
-133400 7
-133300 3
-133200 6
-133100 8
-133000 7
-132900 11
-132800 16
-132700 6
-132600 3
-132500 9
-132400 8
-132300 5
-132200 6
-132100 5
-132000 4
-131900 6
-131800 4
-131700 7
-131600 5
-131500 4
-131400 5
-131300 6
-131200 4
-131100 4
-131000 10
-130900 6
-130800 8
-130700 6
-130600 6
-130500 7
-130400 1
-130300 3
-130200 6
-130100 9
-130000 1
-129900 2
-129800 4
-129700 14
-129600 70
-129500 52
-129400 28
-129300 5
-129200 3
-129100 8
-129000 1
-128900 6
-128800 5
-128700 3
-128600 3
-128500 3
-128400 1
-128300 3
-128200 6
-128100 2
-128000 4
-127900 5
-127800 4
-127700 5
-127600 0
-127500 4
-127400 5
-127300 9
-127200 3
-127100 8
-127000 3
-126900 10
-126800 6
-126700 1
-126600 8
-126500 6
-126400 11
-126300 6
-126200 7
-126100 8
-126000 7
-125900 4
-125800 6
-125700 10
-125600 6
-125500 12
-125400 4
-125300 2
-125200 9
-125100 5
-125000 2
-124900 5
-124800 9
-124700 4
-124600 8
-124500 10
-124400 8
-124300 6
-124200 2
-124100 7
-124000 3
-123900 5
-123800 7
-123700 4
-123600 3
-123500 5
-123400 6
-123300 7
-123200 3
-123100 7
-123000 7
-122900 12
-122800 12
-122700 10
-122600 4
-122500 5
-122400 3
-122300 4
-122200 5
-122100 5
-122000 5
-121900 17
-121800 16
-121700 28
-121600 77
-121500 986
-121400 6874
-121300 14845
-121200 9022
-121100 1545
-121000 129
-120900 23
-120800 25
-120700 19
-120600 14
-120500 6
-120400 8
-120300 7
-120200 4
-120100 7
-120000 5
-119900 6
-119800 6
-119700 3
-119600 14
-119500 5
-119400 4
-119300 3
-119200 6
-119100 5
-119000 8
-118900 11
-118800 7
-118700 4
-118600 5
-118500 4
-118400 6
-118300 5
-118200 6
-118100 8
-118000 5
-117900 4
-117800 7
-117700 3
-117600 8
-117500 5
-117400 7
-117300 11
-117200 6
-117100 4
-117000 4
-116900 7
-116800 7
-116700 7
-116600 13
-116500 45
-116400 73
-116300 49
-116200 17
-116100 8
-116000 8
-115900 11
-115800 10
-115700 6
-115600 4
-115500 4
-115400 9
-115300 4
-115200 6
-115100 6
-115000 9
-114900 2
-114800 8
-114700 6
-114600 5
-114500 7
-114400 4
-114300 4
-114200 6
-114100 7
-114000 5
-113900 2
-113800 6
-113700 12
-113600 4
-113500 7
-113400 7
-113300 10
-113200 2
-113100 7
-113000 2
-112900 3
-112800 5
-112700 7
-112600 3
-112500 4
-112400 7
-112300 7
-112200 9
-112100 6
-112000 5
-111900 6
-111800 11
-111700 7
-111600 8
-111500 7
-111400 8
-111300 8
-111200 7
-111100 8
-111000 7
-110900 9
-110800 2
-110700 8
-110600 9
-110500 4
-110400 5
-110300 5
-110200 6
-110100 3
-110000 9
-109900 7
-109800 4
-109700 16
-109600 5
-109500 4
-109400 4
-109300 4
-109200 3
-109100 9
-109000 7
-108900 9
-108800 13
-108700 17
-108600 20
-108500 48
-108400 484
-108300 4200
-108200 13303
-108100 12015
-108000 3180
-107900 290
-107800 35
-107700 22
-107600 21
-107500 11
-107400 7
-107300 8
-107200 3
-107100 3
-107000 8
-106900 5
-106800 4
-106700 7
-106600 8
-106500 5
-106400 5
-106300 7
-106200 2
-106100 5
-106000 8
-105900 4
-105800 5
-105700 7
-105600 4
-105500 7
-105400 9
-105300 8
-105200 10
-105100 5
-105000 3
-104900 8
-104800 10
-104700 6
-104600 9
-104500 7
-104400 8
-104300 7
-104200 4
-104100 10
-104000 6
-103900 5
-103800 8
-103700 6
-103600 4
-103500 7
-103400 30
-103300 76
-103200 52
-103100 19
-103000 6
-102900 2
-102800 9
-102700 4
-102600 5
-102500 5
-102400 5
-102300 10
-102200 7
-102100 8
-102000 6
-101900 7
-101800 2
-101700 7
-101600 4
-101500 6
-101400 6
-101300 4
-101200 7
-101100 4
-101000 5
-100900 9
-100800 6
-100700 7
-100600 2
-100500 4
-100400 7
-100300 7
-100200 4
-100100 9
-100000 4
-99900 4
-99800 7
-99700 6
-99600 10
-99500 11
-99400 4
-99300 4
-99200 7
-99100 7
-99000 5
-98900 9
-98800 8
-98700 8
-98600 7
-98500 7
-98400 7
-98300 5
-98200 4
-98100 4
-98000 2
-97900 8
-97800 5
-97700 2
-97600 3
-97500 7
-97400 5
-97300 5
-97200 2
-97100 5
-97000 1
-96900 3
-96800 6
-96700 7
-96600 8
-96500 7
-96400 3
-96300 4
-96200 4
-96100 14
-96000 5
-95900 6
-95800 3
-95700 4
-95600 14
-95500 15
-95400 32
-95300 146
-95200 1586
-95100 9092
-95000 15036
-94900 6700
-94800 926
-94700 86
-94600 22
-94500 33
-94400 17
-94300 7
-94200 7
-94100 6
-94000 4
-93900 7
-93800 0
-93700 5
-93600 7
-93500 10
-93400 8
-93300 10
-93200 4
-93100 4
-93000 6
-92900 3
-92800 4
-92700 4
-92600 11
-92500 6
-92400 8
-92300 5
-92200 3
-92100 8
-92000 8
-91900 3
-91800 5
-91700 4
-91600 5
-91500 5
-91400 3
-91300 7
-91200 7
-91100 3
-91000 1
-90900 7
-90800 8
-90700 6
-90600 4
-90500 10
-90400 10
-90300 11
-90200 52
-90100 61
-90000 29
-89900 7
-89800 8
-89700 11
-89600 5
-89500 7
-89400 6
-89300 7
-89200 2
-89100 3
-89000 5
-88900 3
-88800 8
-88700 3
-88600 5
-88500 7
-88400 4
-88300 7
-88200 4
-88100 6
-88000 5
-87900 3
-87800 7
-87700 6
-87600 5
-87500 3
-87400 3
-87300 5
-87200 5
-87100 6
-87000 8
-86900 3
-86800 6
-86700 5
-86600 10
-86500 5
-86400 4
-86300 9
-86200 8
-86100 5
-86000 4
-85900 5
-85800 5
-85700 8
-85600 7
-85500 5
-85400 9
-85300 7
-85200 4
-85100 2
-85000 4
-84900 6
-84800 4
-84700 7
-84600 5
-84500 2
-84400 6
-84300 4
-84200 2
-84100 5
-84000 4
-83900 5
-83800 4
-83700 2
-83600 5
-83500 13
-83400 9
-83300 5
-83200 6
-83100 5
-83000 6
-82900 4
-82800 5
-82700 2
-82600 7
-82500 10
-82400 10
-82300 24
-82200 47
-82100 538
-82000 4464
-81900 14012
-81800 11536
-81700 2627
-81600 196
-81500 33
-81400 31
-81300 20
-81200 7
-81100 4
-81000 5
-80900 5
-80800 7
-80700 5
-80600 5
-80500 7
-80400 5
-80300 12
-80200 9
-80100 5
-80000 7
-79900 3
-79800 2
-79700 5
-79600 6
-79500 6
-79400 10
-79300 7
-79200 6
-79100 10
-79000 7
-78900 1
-78800 3
-78700 2
-78600 4
-78500 12
-78400 4
-78300 2
-78200 5
-78100 14
-78000 8
-77900 5
-77800 8
-77700 5
-77600 5
-77500 5
-77400 3
-77300 9
-77200 5
-77100 33
-77000 58
-76900 58
-76800 10
-76700 4
-76600 8
-76500 6
-76400 6
-76300 5
-76200 6
-76100 6
-76000 2
-75900 4
-75800 10
-75700 9
-75600 5
-75500 4
-75400 5
-75300 3
-75200 4
-75100 6
-75000 8
-74900 10
-74800 7
-74700 3
-74600 5
-74500 6
-74400 6
-74300 4
-74200 5
-74100 5
-74000 4
-73900 6
-73800 2
-73700 8
-73600 4
-73500 6
-73400 5
-73300 8
-73200 5
-73100 6
-73000 3
-72900 12
-72800 5
-72700 6
-72600 7
-72500 2
-72400 6
-72300 4
-72200 6
-72100 4
-72000 9
-71900 6
-71800 8
-71700 5
-71600 7
-71500 7
-71400 7
-71300 7
-71200 4
-71100 7
-71000 4
-70900 8
-70800 5
-70700 9
-70600 6
-70500 6
-70400 11
-70300 10
-70200 7
-70100 7
-70000 6
-69900 4
-69800 7
-69700 3
-69600 6
-69500 5
-69400 9
-69300 11
-69200 25
-69100 58
-69000 418
-68900 4028
-68800 13346
-68700 12152
-68600 2985
-68500 236
-68400 36
-68300 16
-68200 23
-68100 13
-68000 5
-67900 5
-67800 8
-67700 13
-67600 6
-67500 5
-67400 5
-67300 5
-67200 11
-67100 8
-67000 10
-66900 6
-66800 5
-66700 8
-66600 11
-66500 8
-66400 7
-66300 4
-66200 5
-66100 12
-66000 6
-65900 5
-65800 6
-65700 7
-65600 6
-65500 8
-65400 7
-65300 5
-65200 8
-65100 4
-65000 4
-64900 3
-64800 4
-64700 3
-64600 4
-64500 8
-64400 5
-64300 7
-64200 5
-64100 10
-64000 31
-63900 63
-63800 49
-63700 12
-63600 4
-63500 5
-63400 7
-63300 2
-63200 6
-63100 3
-63000 7
-62900 10
-62800 5
-62700 6
-62600 3
-62500 5
-62400 5
-62300 5
-62200 8
-62100 8
-62000 4
-61900 7
-61800 6
-61700 10
-61600 8
-61500 6
-61400 9
-61300 5
-61200 5
-61100 4
-61000 4
-60900 4
-60800 7
-60700 8
-60600 8
-60500 6
-60400 6
-60300 7
-60200 4
-60100 6
-60000 4
-59900 2
-59800 4
-59700 5
-59600 4
-59500 6
-59400 4
-59300 9
-59200 8
-59100 7
-59000 6
-58900 4
-58800 6
-58700 7
-58600 8
-58500 6
-58400 4
-58300 6
-58200 3
-58100 8
-58000 8
-57900 5
-57800 8
-57700 5
-57600 10
-57500 9
-57400 7
-57300 4
-57200 14
-57100 6
-57000 4
-56900 4
-56800 6
-56700 3
-56600 6
-56500 3
-56400 7
-56300 5
-56200 24
-56100 16
-56000 47
-55900 209
-55800 2411
-55700 10786
-55600 14203
-55500 4974
-55400 551
-55300 44
-55200 26
-55100 19
-55000 10
-54900 7
-54800 5
-54700 5
-54600 2
-54500 4
-54400 8
-54300 2
-54200 10
-54100 14
-54000 8
-53900 3
-53800 4
-53700 8
-53600 5
-53500 8
-53400 7
-53300 9
-53200 7
-53100 8
-53000 7
-52900 6
-52800 4
-52700 7
-52600 10
-52500 6
-52400 4
-52300 3
-52200 1
-52100 7
-52000 8
-51900 6
-51800 9
-51700 6
-51600 4
-51500 5
-51400 7
-51300 3
-51200 8
-51100 7
-51000 2
-50900 17
-50800 80
-50700 65
-50600 32
-50500 9
-50400 9
-50300 2
-50200 9
-50100 2
-50000 4
-49900 6
-49800 3
-49700 10
-49600 7
-49500 4
-49400 7
-49300 4
-49200 4
-49100 7
-49000 10
-48900 6
-48800 8
-48700 3
-48600 4
-48500 10
-48400 7
-48300 4
-48200 5
-48100 4
-48000 2
-47900 6
-47800 5
-47700 8
-47600 4
-47500 5
-47400 10
-47300 5
-47200 4
-47100 7
-47000 5
-46900 3
-46800 4
-46700 2
-46600 9
-46500 6
-46400 2
-46300 4
-46200 5
-46100 6
-46000 6
-45900 7
-45800 5
-45700 8
-45600 8
-45500 6
-45400 8
-45300 4
-45200 4
-45100 6
-45000 7
-44900 8
-44800 5
-44700 5
-44600 6
-44500 10
-44400 9
-44300 3
-44200 10
-44100 4
-44000 13
-43900 5
-43800 4
-43700 7
-43600 7
-43500 8
-43400 5
-43300 4
-43200 9
-43100 10
-43000 16
-42900 54
-42800 109
-42700 673
-42600 5143
-42500 14363
-42400 10912
-42300 2208
-42200 173
-42100 25
-42000 24
-41900 22
-41800 15
-41700 8
-41600 5
-41500 13
-41400 6
-41300 4
-41200 3
-41100 7
-41000 5
-40900 9
-40800 10
-40700 4
-40600 10
-40500 6
-40400 6
-40300 6
-40200 7
-40100 8
-40000 4
-39900 3
-39800 8
-39700 6
-39600 7
-39500 9
-39400 9
-39300 2
-39200 6
-39100 4
-39000 5
-38900 8
-38800 5
-38700 5
-38600 6
-38500 7
-38400 7
-38300 5
-38200 9
-38100 8
-38000 2
-37900 3
-37800 11
-37700 36
-37600 66
-37500 57
-37400 13
-37300 4
-37200 1
-37100 3
-37000 18
-36900 5
-36800 4
-36700 4
-36600 11
-36500 5
-36400 3
-36300 7
-36200 4
-36100 4
-36000 8
-35900 6
-35800 8
-35700 10
-35600 3
-35500 5
-35400 8
-35300 5
-35200 7
-35100 7
-35000 5
-34900 6
-34800 5
-34700 5
-34600 6
-34500 7
-34400 7
-34300 6
-34200 7
-34100 7
-34000 3
-33900 5
-33800 12
-33700 11
-33600 5
-33500 10
-33400 7
-33300 6
-33200 6
-33100 9
-33000 5
-32900 4
-32800 7
-32700 6
-32600 6
-32500 5
-32400 5
-32300 8
-32200 0
-32100 3
-32000 4
-31900 4
-31800 8
-31700 5
-31600 4
-31500 5
-31400 9
-31300 5
-31200 8
-31100 2
-31000 12
-30900 12
-30800 9
-30700 6
-30600 8
-30500 6
-30400 13
-30300 6
-30200 5
-30100 7
-30000 17
-29900 38
-29800 73
-29700 100
-29600 280
-29500 2647
-29400 11523
-29300 13888
-29200 4364
-29100 432
-29000 45
-28900 30
-28800 21
-28700 11
-28600 4
-28500 7
-28400 5
-28300 7
-28200 9
-28100 4
-28000 6
-27900 5
-27800 8
-27700 8
-27600 3
-27500 4
-27400 4
-27300 8
-27200 7
-27100 2
-27000 3
-26900 4
-26800 10
-26700 3
-26600 3
-26500 6
-26400 4
-26300 4
-26200 4
-26100 6
-26000 8
-25900 4
-25800 8
-25700 9
-25600 9
-25500 4
-25400 9
-25300 9
-25200 5
-25100 8
-25000 3
-24900 5
-24800 9
-24700 9
-24600 29
-24500 65
-24400 50
-24300 11
-24200 6
-24100 5
-24000 6
-23900 4
-23800 7
-23700 4
-23600 4
-23500 4
-23400 4
-23300 5
-23200 3
-23100 16
-23000 7
-22900 6
-22800 8
-22700 6
-22600 5
-22500 5
-22400 3
-22300 4
-22200 2
-22100 9
-22000 8
-21900 2
-21800 4
-21700 4
-21600 7
-21500 2
-21400 4
-21300 6
-21200 3
-21100 7
-21000 1
-20900 5
-20800 2
-20700 10
-20600 5
-20500 0
-20400 3
-20300 7
-20200 6
-20100 6
-20000 5
-19900 6
-19800 9
-19700 5
-19600 6
-19500 7
-19400 6
-19300 6
-19200 6
-19100 4
-19000 7
-18900 3
-18800 5
-18700 5
-18600 2
-18500 6
-18400 5
-18300 6
-18200 5
-18100 7
-18000 6
-17900 11
-17800 7
-17700 2
-17600 7
-17500 2
-17400 7
-17300 1
-17200 5
-17100 8
-17000 7
-16900 11
-16800 15
-16700 29
-16600 38
-16500 451
-16400 4158
-16300 12683
-16200 12186
-16100 3225
-16000 282
-15900 42
-15800 21
-15700 15
-15600 12
-15500 7
-15400 9
-15300 8
-15200 4
-15100 5
-15000 7
-14900 9
-14800 9
-14700 7
-14600 7
-14500 6
-14400 6
-14300 4
-14200 8
-14100 7
-14000 6
-13900 2
-13800 3
-13700 4
-13600 10
-13500 3
-13400 6
-13300 7
-13200 6
-13100 10
-13000 6
-12900 5
-12800 7
-12700 10
-12600 3
-12500 4
-12400 4
-12300 9
-12200 3
-12100 7
-12000 2
-11900 5
-11800 6
-11700 11
-11600 6
-11500 23
-11400 55
-11300 60
-11200 13
-11100 6
-11000 8
-10900 10
-10800 3
-10700 6
-10600 11
-10500 5
-10400 4
-10300 5
-10200 7
-10100 7
-10000 6
-9900 2
-9800 3
-9700 10
-9600 6
-9500 5
-9400 5
-9300 7
-9200 4
-9100 6
-9000 8
-8900 9
-8800 5
-8700 3
-8600 4
-8500 3
-8400 8
-8300 6
-8200 5
-8100 4
-8000 8
-7900 7
-7800 3
-7700 10
-7600 5
-7500 6
-7400 8
-7300 9
-7200 4
-7100 6
-7000 4
-6900 2
-6800 9
-6700 3
-6600 7
-6500 5
-6400 1
-6300 6
-6200 8
-6100 7
-6000 12
-5900 3
-5800 5
-5700 3
-5600 8
-5500 10
-5400 5
-5300 8
-5200 5
-5100 6
-5000 4
-4900 3
-4800 7
-4700 12
-4600 8
-4500 9
-4400 2
-4300 2
-4200 2
-4100 6
-4000 4
-3900 8
-3800 6
-3700 14
-3600 24
-3500 24
-3400 59
-3300 761
-3200 5601
-3100 14648
-3000 10080
-2900 1870
-2800 157
-2700 25
-2600 22
-2500 19
-2400 7
-2300 5
-2200 6
-2100 8
-2000 6
-1900 7
-1800 5
-1700 5
-1600 4
-1500 5
-1400 6
-1300 3
-1200 4
-1100 8
-1000 8
-900 5
-800 11
-700 3
-600 3
-500 6
-400 3
-300 6
-200 5
-100 6
0 6
100 6
200 5
300 9
400 9
500 5
600 6
700 4
800 2
900 6
1000 6
1100 6
1200 7
1300 3
1400 5
1500 4
1600 5
1700 29
1800 64
1900 62
2000 11
2100 8
2200 10
2300 4
2400 4
2500 8
2600 8
2700 5
2800 3
2900 7
3000 9
3100 12
3200 6
3300 7
3400 4
3500 7
3600 6
3700 6
3800 9
3900 8
4000 5
4100 6
4200 2
4300 6
4400 4
4500 7
4600 3
4700 4
4800 5
4900 7
5000 3
5100 9
5200 7
5300 4
5400 5
5500 3
5600 6
5700 6
5800 9
5900 6
6000 11
6100 4
6200 6
6300 2
6400 6
6500 7
6600 4
6700 10
6800 10
6900 7
7000 1
7100 6
7200 10
7300 2
7400 4
7500 3
7600 9
7700 6
7800 9
7900 6
8000 4
8100 7
8200 5
8300 3
8400 10
8500 6
8600 14
8700 6
8800 4
8900 7
9000 11
9100 5
9200 6
9300 6
9400 12
9500 55
9600 85
9700 129
9800 740
9900 8696
10000 51102
10100 89276
10200 42480
10300 6389
10400 428
10500 129
10600 120
10700 60
10800 22
10900 6
11000 6
11100 6
11200 7
11300 5
11400 6
11500 5
11600 6
11700 12
11800 8
11900 4
12000 8
12100 5
12200 5
12300 6
12400 4
12500 5
12600 2
12700 5
12800 6
12900 4
13000 3
13100 12
13200 5
13300 6
13400 3
13500 4
13600 5
13700 8
13800 6
13900 9
14000 8
14100 6
14200 7
14300 3
14400 11
14500 6
14600 9
14700 5
14800 9
14900 34
15000 67
15100 34
15200 8
15300 9
15400 10
15500 4
15600 9
15700 5
15800 4
15900 5
16000 9
16100 7
16200 3
16300 6
16400 4
16500 1
16600 6
16700 7
16800 10
16900 7
17000 12
17100 3
17200 2
17300 5
17400 5
17500 4
17600 8
17700 4
17800 7
17900 5
18000 9
18100 3
18200 8
18300 3
18400 7
18500 6
18600 6
18700 3
18800 6
18900 4
19000 5
19100 6
19200 5
19300 5
19400 5
19500 6
19600 11
19700 5
19800 3
19900 7
20000 5
20100 6
20200 3
20300 4
20400 4
20500 8
20600 7
20700 4
20800 7
20900 6
21000 5
21100 7
21200 4
21300 2
21400 12
21500 9
21600 7
21700 10
21800 9
21900 6
22000 6
22100 6
22200 8
22300 3
22400 7
22500 3
22600 15
22700 24
22800 34
22900 63
23000 671
23100 5376
23200 14079
23300 10380
23400 2168
23500 175
23600 39
23700 24
23800 11
23900 7
24000 2
24100 4
24200 4
24300 8
24400 9
24500 6
24600 5
24700 12
24800 6
24900 8
25000 5
25100 4
25200 7
25300 2
25400 1
25500 7
25600 7
25700 3
25800 6
25900 10
26000 6
26100 5
26200 8
26300 8
26400 8
26500 2
26600 8
26700 9
26800 11
26900 4
27000 4
27100 11
27200 8
27300 2
27400 6
27500 7
27600 4
27700 3
27800 5
27900 11
28000 44
28100 62
28200 35
28300 9
28400 4
28500 8
28600 9
28700 5
28800 8
28900 4
29000 10
29100 2
29200 8
29300 7
29400 5
29500 5
29600 10
29700 3
29800 10
29900 8
30000 6
30100 5
30200 7
30300 5
30400 6
30500 6
30600 10
30700 10
30800 6
30900 7
31000 5
31100 5
31200 9
31300 5
31400 4
31500 5
31600 7
31700 4
31800 4
31900 2
32000 9
32100 6
32200 8
32300 9
32400 11
32500 0
32600 9
32700 3
32800 4
32900 4
33000 10
33100 9
33200 6
33300 5
33400 9
33500 4
33600 7
33700 4
33800 6
33900 5
34000 9
34100 7
34200 7
34300 6
34400 4
34500 4
34600 10
34700 10
34800 11
34900 6
35000 4
35100 7
35200 5
35300 7
35400 2
35500 4
35600 3
35700 9
35800 17
35900 18
36000 90
36100 787
36200 6134
36300 14735
36400 9399
36500 1721
36600 131
36700 26
36800 25
36900 18
37000 15
37100 11
37200 6
37300 6
37400 5
37500 8
37600 5
37700 8
37800 7
37900 12
38000 9
38100 7
38200 5
38300 3
38400 2
38500 7
38600 8
38700 4
38800 9
38900 6
39000 7
39100 3
39200 7
39300 5
39400 11
39500 4
39600 4
39700 7
39800 2
39900 4
40000 6
40100 4
40200 9
40300 7
40400 5
40500 7
40600 5
40700 4
40800 6
40900 8
41000 11
41100 26
41200 79
41300 67
41400 8
41500 8
41600 7
41700 4
41800 6
41900 4
42000 6
42100 3
42200 8
42300 4
42400 3
42500 5
42600 9
42700 5
42800 4
42900 3
43000 8
43100 4
43200 3
43300 7
43400 4
43500 7
43600 5
43700 4
43800 6
43900 10
44000 7
44100 7
44200 7
44300 5
44400 5
44500 7
44600 4
44700 5
44800 5
44900 8
45000 9
45100 5
45200 8
45300 8
45400 9
45500 3
45600 2
45700 5
45800 7
45900 7
46000 7
46100 6
46200 10
46300 5
46400 5
46500 6
46600 6
46700 6
46800 6
46900 8
47000 5
47100 7
47200 5
47300 2
47400 7
47500 8
47600 5
47700 5
47800 5
47900 13
48000 4
48100 3
48200 9
48300 5
48400 3
48500 2
48600 6
48700 8
48800 9
48900 13
49000 21
49100 31
49200 210
49300 2316
49400 10879
49500 13955
49600 4976
49700 538
49800 73
49900 108
50000 100
50100 49
50200 12
50300 10
50400 7
50500 5
50600 7
50700 6
50800 6
50900 1
51000 11
51100 16
51200 5
51300 7
51400 6
51500 6
51600 6
51700 5
51800 11
51900 2
52000 2
52100 4
52200 5
52300 3
52400 3
52500 10
52600 4
52700 6
52800 6
52900 6
53000 11
53100 14
53200 8
53300 5
53400 3
53500 3
53600 4
53700 3
53800 5
53900 7
54000 10
54100 10
54200 64
54300 291
54400 348
54500 105
54600 21
54700 7
54800 7
54900 9
55000 8
55100 9
55200 4
55300 11
55400 8
55500 9
55600 4
55700 2
55800 3
55900 5
56000 7
56100 3
56200 7
56300 4
56400 1
56500 4
56600 4
56700 7
56800 7
56900 5
57000 5
57100 7
57200 3
57300 5
57400 5
57500 4
57600 15
57700 7
57800 2
57900 3
58000 8
58100 7
58200 7
58300 7
58400 9
58500 9
58600 9
58700 6
58800 1
58900 5
59000 3
59100 10
59200 6
59300 5
59400 6
59500 8
59600 3
59700 7
59800 7
59900 4
60000 9
60100 3
60200 3
60300 5
60400 3
60500 3
60600 6
60700 10
60800 8
60900 8
61000 11
61100 6
61200 8
61300 5
61400 9
61500 8
61600 6
61700 7
61800 7
61900 9
62000 9
62100 11
62200 34
62300 89
62400 785
62500 6096
62600 14526
62700 9790
62800 1959
62900 244
63000 52
63100 29
63200 20
63300 6
63400 3
63500 4
63600 7
63700 2
63800 8
63900 4
64000 6
64100 11
64200 9
64300 11
64400 7
64500 8
64600 1
64700 4
64800 6
64900 8
65000 11
65100 8
65200 3
65300 4
65400 10
65500 8
65600 2
65700 7
65800 11
65900 11
66000 6
66100 4
66200 6
66300 9
66400 3
66500 8
66600 3
66700 7
66800 5
66900 8
67000 6
67100 10
67200 8
67300 12
67400 38
67500 65
67600 41
67700 12
67800 5
67900 9
68000 3
68100 5
68200 6
68300 2
68400 5
68500 4
68600 7
68700 6
68800 5
68900 4
69000 6
69100 8
69200 6
69300 7
69400 5
69500 2
69600 7
69700 6
69800 6
69900 8
70000 7
70100 4
70200 6
70300 7
70400 4
70500 8
70600 4
70700 6
70800 8
70900 5
71000 6
71100 6
71200 6
71300 4
71400 7
71500 7
71600 5
71700 6
71800 8
71900 3
72000 7
72100 6
72200 7
72300 8
72400 7
72500 6
72600 3
72700 5
72800 3
72900 6
73000 6
73100 8
73200 9
73300 4
73400 4
73500 7
73600 4
73700 7
73800 2
73900 5
74000 11
74100 9
74200 4
74300 9
74400 5
74500 5
74600 11
74700 3
74800 4
74900 2
75000 8
75100 17
75200 17
75300 24
75400 61
75500 511
75600 4711
75700 13988
75800 11255
75900 2504
76000 264
76100 37
76200 25
76300 24
76400 13
76500 4
76600 8
76700 3
76800 9
76900 4
77000 2
77100 4
77200 3
77300 4
77400 12
77500 7
77600 9
77700 6
77800 5
77900 1
78000 10
78100 9
78200 7
78300 2
78400 9
78500 2
78600 3
78700 6
78800 4
78900 8
79000 9
79100 1
79200 6
79300 6
79400 5
79500 6
79600 9
79700 6
79800 10
79900 4
80000 5
80100 7
80200 6
80300 9
80400 9
80500 41
80600 67
80700 44
80800 8
80900 4
81000 7
81100 4
81200 9
81300 8
81400 5
81500 5
81600 6
81700 3
81800 5
81900 5
82000 3
82100 5
82200 3
82300 6
82400 5
82500 4
82600 2
82700 8
82800 7
82900 5
83000 4
83100 5
83200 6
83300 8
83400 10
83500 4
83600 5
83700 7
83800 8
83900 6
84000 7
84100 5
84200 9
84300 4
84400 6
84500 5
84600 9
84700 1
84800 6
84900 11
85000 6
85100 5
85200 1
85300 3
85400 8
85500 4
85600 15
85700 11
85800 2
85900 7
86000 7
86100 3
86200 3
86300 7
86400 7
86500 8
86600 12
86700 5
86800 5
86900 9
87000 6
87100 9
87200 11
87300 13
87400 8
87500 12
87600 9
87700 2
87800 4
87900 5
88000 8
88100 7
88200 12
88300 16
88400 21
88500 42
88600 270
88700 2826
88800 11939
88900 13772
89000 4425
89100 483
89200 43
89300 31
89400 19
89500 7
89600 2
89700 8
89800 6
89900 10
90000 7
90100 6
90200 2
90300 11
90400 9
90500 11
90600 1
90700 5
90800 4
90900 5
91000 9
91100 9
91200 6
91300 5
91400 2
91500 4
91600 7
91700 4
91800 6
91900 7
92000 8
92100 5
92200 3
92300 4
92400 7
92500 7
92600 4
92700 6
92800 2
92900 6
93000 3
93100 7
93200 7
93300 4
93400 5
93500 10
93600 23
93700 69
93800 47
93900 19
94000 6
94100 4
94200 6
94300 5
94400 6
94500 5
94600 6
94700 9
94800 8
94900 7
95000 7
95100 10
95200 5
95300 5
95400 10
95500 3
95600 4
95700 9
95800 5
95900 9
96000 4
96100 8
96200 7
96300 5
96400 11
96500 3
96600 7
96700 8
96800 6
96900 9
97000 7
97100 6
97200 5
97300 3
97400 4
97500 8
97600 9
97700 6
97800 4
97900 8
98000 3
98100 7
98200 9
98300 6
98400 5
98500 5
98600 10
98700 12
98800 8
98900 10
99000 9
99100 6
99200 5
99300 5
99400 4
99500 8
99600 5
99700 3
99800 5
99900 3
100000 7
100100 6
100200 7
100300 4
100400 16
100500 6
100600 10
100700 9
100800 4
100900 9
101000 5
101100 5
101200 3
101300 13
101400 6
101500 21
101600 33
101700 99
101800 908
101900 6759
102000 14777
102100 9009
102200 1605
102300 115
102400 23
102500 26
102600 18
102700 9
102800 12
102900 4
103000 8
103100 7
103200 5
103300 4
103400 4
103500 5
103600 7
103700 14
103800 6
103900 9
104000 8
104100 5
104200 2
104300 4
104400 4
104500 5
104600 4
104700 4
104800 5
104900 1
105000 6
105100 3
105200 5
105300 9
105400 7
105500 4
105600 9
105700 3
105800 13
105900 6
106000 2
106100 6
106200 6
106300 6
106400 4
106500 9
106600 3
106700 16
106800 41
106900 62
107000 51
107100 13
107200 7
107300 8
107400 9
107500 6
107600 5
107700 4
107800 5
107900 6
108000 4
108100 4
108200 5
108300 6
108400 3
108500 3
108600 5
108700 7
108800 4
108900 5
109000 2
109100 7
109200 11
109300 6
109400 5
109500 4
109600 7
109700 5
109800 3
109900 3
110000 5
110100 8
110200 13
110300 7
110400 4
110500 8
110600 9
110700 6
110800 2
110900 3
111000 3
111100 10
111200 13
111300 12
111400 6
111500 6
111600 7
111700 6
111800 11
111900 7
112000 3
112100 2
112200 8
112300 2
112400 10
112500 3
112600 3
112700 8
112800 5
112900 10
113000 4
113100 7
113200 6
113300 5
113400 14
113500 3
113600 9
113700 4
113800 6
113900 7
114000 8
114100 7
114200 8
114300 9
114400 3
114500 7
114600 15
114700 23
114800 42
114900 440
115000 3944
115100 13219
115200 12430
115300 3075
115400 300
115500 38
115600 28
115700 33
115800 14
115900 7
116000 5
116100 7
116200 12
116300 6
116400 4
116500 4
116600 6
116700 5
116800 9
116900 4
117000 3
117100 8
117200 5
117300 6
117400 4
117500 2
117600 6
117700 7
117800 5
117900 6
118000 10
118100 6
118200 7
118300 4
118400 3
118500 5
118600 6
118700 3
118800 5
118900 4
119000 4
119100 3
119200 4
119300 7
119400 9
119500 8
119600 5
119700 10
119800 10
119900 32
120000 61
120100 55
120200 25
120300 8
120400 5
120500 8
120600 7
120700 9
120800 6
120900 10
121000 6
121100 8
121200 5
121300 4
121400 3
121500 5
121600 4
121700 7
121800 7
121900 3
122000 4
122100 2
122200 7
122300 2
122400 7
122500 4
122600 10
122700 7
122800 2
122900 4
123000 9
123100 6
123200 5
123300 2
123400 9
123500 6
123600 6
123700 12
123800 5
123900 2
124000 6
124100 5
124200 6
124300 1
124400 6
124500 1
124600 9
124700 9
124800 8
124900 7
125000 5
125100 4
125200 4
125300 5
125400 5
125500 5
125600 0
125700 6
125800 6
125900 7
126000 1
126100 3
126200 9
126300 4
126400 5
126500 6
126600 10
126700 11
126800 5
126900 3
127000 2
127100 1
127200 6
127300 3
127400 10
127500 7
127600 12
127700 13
127800 26
127900 24
128000 193
128100 2148
128200 10387
128300 14623
128400 5485
128500 655
128600 58
128700 32
128800 20
128900 15
129000 9
129100 6
129200 4
129300 5
129400 5
129500 5
129600 9
129700 8
129800 6
129900 10
130000 8
130100 8
130200 3
130300 8
130400 4
130500 4
130600 6
130700 5
130800 2
130900 5
131000 8
131100 9
131200 5
131300 4
131400 2
131500 8
131600 6
131700 9
131800 3
131900 6
132000 6
132100 3
132200 2
132300 8
132400 5
132500 6
132600 7
132700 9
132800 7
132900 9
133000 23
133100 59
133200 67
133300 25
133400 7
133500 4
133600 9
133700 8
133800 9
133900 5
134000 3
134100 5
134200 5
134300 4
134400 5
134500 4
134600 2
134700 9
134800 6
134900 4
135000 2
135100 3
135200 7
135300 5
135400 6
135500 4
135600 7
135700 7
135800 6
135900 7
136000 4
136100 5
136200 3
136300 9
136400 5
136500 5
136600 4
136700 3
136800 3
136900 5
137000 5
137100 6
137200 3
137300 6
137400 5
137500 8
137600 4
137700 10
137800 6
137900 9
138000 4
138100 5
138200 3
138300 5
138400 3
138500 4
138600 10
138700 7
138800 4
138900 9
139000 5
139100 4
139200 4
139300 5
139400 0
139500 4
139600 4
139700 9
139800 18
139900 6
140000 4
140100 9
140200 4
140300 5
140400 4
140500 3
140600 12
140700 8
140800 9
140900 12
141000 15
141100 83
141200 912
141300 6523
141400 14982
141500 9097
141600 1724
141700 157
141800 28
141900 22
142000 19
142100 9
142200 8
142300 4
142400 8
142500 9
142600 4
142700 7
142800 0
142900 3
143000 8
143100 7
143200 6
143300 5
143400 5
143500 5
143600 5
143700 9
143800 6
143900 8
144000 4
144100 4
144200 3
144300 4
144400 0
144500 1
144600 5
144700 6
144800 6
144900 6
145000 5
145100 5
145200 7
145300 6
145400 6
145500 7
145600 7
145700 5
145800 7
145900 5
146000 7
146100 7
146200 43
146300 49
146400 47
146500 7
146600 4
146700 5
146800 7
146900 5
147000 5
147100 7
147200 5
147300 13
147400 9
147500 7
147600 8
147700 8
147800 2
147900 1
148000 11
148100 5
148200 2
148300 6
148400 4
148500 7
148600 10
148700 4
148800 6
148900 5
149000 2
149100 5
149200 6
149300 3
149400 6
149500 7
149600 2
149700 4
149800 7
149900 6
150000 4
150100 4
150200 6
150300 6
150400 2
150500 7
150600 9
150700 4
150800 9
150900 5
151000 4
151100 7
151200 4
151300 8
151400 5
151500 5
151600 6
151700 11
151800 9
151900 3
152000 12
152100 8
152200 8
152300 0
152400 5
152500 3
152600 5
152700 1
152800 6
152900 10
153000 6
153100 6
153200 9
153300 4
153400 4
153500 4
153600 6
153700 2
153800 8
153900 9
154000 17
154100 22
154200 42
154300 337
154400 3371
154500 12589
154600 13094
154700 3794
154800 403
154900 40
155000 32
155100 22
155200 12
155300 8
155400 6
155500 6
155600 6
155700 9
155800 4
155900 6
156000 8
156100 11
156200 8
156300 11
156400 3
156500 3
156600 7
156700 8
156800 9
156900 1
157000 5
157100 10
157200 6
157300 1
157400 6
157500 7
157600 7
157700 11
157800 8
157900 3
158000 6
158100 3
158200 2
158300 4
158400 5
158500 6
158600 6
158700 6
158800 6
158900 4
159000 3
159100 8
159200 7
159300 22
159400 68
159500 55
159600 18
159700 8
159800 8
159900 4
160000 5
160100 6
160200 7
160300 6
160400 10
160500 7
160600 5
160700 2
160800 8
160900 2
161000 8
161100 2
161200 3
161300 8
161400 12
161500 2
161600 5
161700 9
161800 4
161900 3
162000 9
162100 6
162200 8
162300 7
162400 7
162500 2
162600 3
162700 4
162800 2
162900 3
163000 6
163100 8
163200 5
163300 3
163400 7
163500 3
163600 6
163700 5
163800 11
163900 6
164000 4
164100 5
164200 10
164300 8
164400 6
164500 6
164600 6
164700 9
164800 3
164900 7
165000 5
165100 5
165200 1
165300 4
165400 5
165500 8
165600 2
165700 2
165800 7
165900 7
166000 10
166100 12
166200 8
166300 6
166400 6
166500 2
166600 3
166700 4
166800 5
166900 5
167000 3
167100 6
167200 21
167300 33
167400 165
167500 1752
167600 9079
167700 14847
167800 6645
167900 940
168000 64
168100 21
168200 24
168300 14
168400 8
168500 10
168600 11
168700 2
168800 5
168900 12
169000 10
169100 4
169200 8
169300 3
169400 12
169500 7
169600 9
169700 8
169800 11
169900 4
170000 5
170100 10
170200 6
170300 6
170400 2
170500 10
170600 6
170700 5
170800 5
170900 5
171000 8
171100 8
171200 7
171300 10
171400 8
171500 3
171600 6
171700 9
171800 3
171900 5
172000 4
172100 6
172200 5
172300 7
172400 11
172500 53
172600 54
172700 38
172800 5
172900 4
173000 2
173100 9
173200 8
173300 5
173400 4
173500 9
173600 4
173700 9
173800 8
173900 4
174000 4
174100 8
174200 3
174300 5
174400 4
174500 7
174600 6
174700 9
174800 4
174900 5
175000 9
175100 8
175200 10
175300 6
175400 9
175500 3
175600 2
175700 9
175800 9
175900 8
176000 9
176100 9
176200 5
176300 7
176400 1
176500 9
176600 6
176700 8
176800 5
176900 2
177000 8
177100 3
177200 10
177300 4
177400 8
177500 9
177600 5
177700 4
177800 6
177900 9
178000 8
178100 3
178200 7
178300 8
178400 4
178500 5
178600 5
178700 9
178800 5
178900 3
179000 5
179100 7
179200 9
179300 14
179400 9
179500 5
179600 7
179700 3
179800 4
179900 3
180000 5
180100 5
180200 15
180300 21
180400 26
180500 63
180600 776
180700 5743
180800 14346
180900 10214
181000 2088
181100 174
181200 31
181300 32
181400 14
181500 11
181600 9
181700 10
181800 6
181900 1
182000 3
182100 5
182200 5
182300 10
182400 28
182500 22
182600 7
182700 5
182800 8
182900 7
183000 8
183100 8
183200 7
183300 7
183400 5
183500 8
183600 8
183700 6
183800 10
183900 6
184000 1
184100 5
184200 3
184300 8
184400 11
184500 4
184600 12
184700 5
184800 6
184900 4
185000 6
185100 6
185200 3
185300 4
185400 5
185500 12
185600 41
185700 58
185800 54
185900 10
186000 10
186100 6
186200 7
186300 6
186400 2
186500 8
186600 10
186700 2
186800 5
186900 8
187000 6
187100 3
187200 5
187300 3
187400 8
187500 9
187600 4
187700 4
187800 7
187900 10
188000 6
188100 4
188200 8
188300 8
188400 7
188500 6
188600 4
188700 5
188800 5
188900 5
189000 6
189100 4
189200 7
189300 6
189400 7
189500 13
189600 5
189700 5
189800 3
189900 3
190000 6
190100 6
190200 1
190300 10
190400 4
190500 6
190600 6
190700 3
190800 12
190900 2
191000 3
191100 3
191200 6
191300 9
191400 5
191500 5
191600 2
191700 10
191800 7
191900 10
192000 4
192100 5
192200 6
192300 12
192400 12
192500 8
192600 5
192700 8
192800 4
192900 5
193000 5
193100 4
193200 5
193300 9
193400 17
193500 26
193600 49
193700 312
193800 2876
193900 11237
194000 13730
194100 4818
194200 531
194300 53
194400 25
194500 12
194600 11
194700 4
194800 4
194900 6
195000 2
195100 6
195200 6
195300 6
195400 9
195500 5
195600 7
195700 5
195800 9
195900 7
196000 4
196100 3
196200 13
196300 9
196400 6
196500 6
196600 5
196700 4
196800 5
196900 8
197000 8
197100 5
197200 2
197300 1
197400 6
197500 6
197600 7
197700 3
197800 5
197900 6
198000 9
198100 7
198200 7
198300 5
198400 8
198500 13
198600 10
198700 16
198800 56
198900 60
199000 18
199100 11
199200 11
199300 12
199400 9
199500 4
199600 5
199700 7
199800 2
199900 9
200000 4
200100 4
200200 6
200300 8
200400 11
200500 10
200600 3
200700 5
200800 6
200900 8
201000 4
201100 11
201200 6
201300 9
201400 12
201500 6
201600 4
201700 2
201800 4
201900 5
202000 6
202100 4
202200 9
202300 6
202400 6
202500 6
202600 5
202700 8
202800 3
202900 2
203000 2
203100 4
203200 8
203300 5
203400 9
203500 6
203600 4
203700 5
203800 9
203900 6
204000 5
204100 7
204200 3
204300 6
204400 2
204500 3
204600 4
204700 7
204800 3
204900 5
205000 6
205100 7
205200 4
205300 8
205400 8
205500 16
205600 8
205700 8
205800 6
205900 1
206000 4
206100 6
206200 7
206300 3
206400 9
206500 9
206600 27
206700 23
206800 153
206900 1587
207000 8636
207100 14808
207200 7212
207300 1143
207400 99
207500 30
207600 23
207700 9
207800 3
207900 5
208000 8
208100 8
208200 11
208300 8
208400 11
208500 7
208600 5
208700 11
208800 10
208900 4
209000 8
209100 3
209200 10
209300 10
209400 2
209500 6
209600 10
209700 6
209800 6
209900 5
210000 6
210100 7
210200 8
210300 7
210400 4
210500 4
210600 4
210700 7
210800 7
210900 7
211000 6
211100 4
211200 4
211300 5
211400 6
211500 6
211600 8
211700 6
211800 17
211900 47
212000 80
212100 30
212200 5
212300 7
212400 12
212500 8
212600 4
212700 7
212800 2
212900 4
213000 7
213100 5
213200 3
213300 4
213400 8
213500 5
213600 10
213700 9
213800 4
213900 5
214000 6
214100 6
214200 9
214300 5
214400 0
214500 5
214600 3
214700 7
214800 4
214900 5
215000 4
215100 10
215200 5
215300 7
215400 3
215500 3
215600 3
215700 6
215800 7
215900 5
216000 7
216100 5
216200 7
216300 4
216400 8
216500 15
216600 4
216700 7
216800 6
216900 6
217000 3
217100 4
217200 11
217300 6
217400 5
217500 2
217600 4
217700 8
217800 7
217900 8
218000 4
218100 3
218200 8
218300 2
218400 6
218500 6
218600 8
218700 7
218800 2
218900 2
219000 4
219100 3
219200 7
219300 3
219400 2
219500 5
219600 15
219700 13
219800 29
219900 72
220000 689
220100 5258
220200 13912
220300 10993
220400 2597
220500 232
220600 27
220700 21
220800 22
220900 14
221000 7
221100 4
221200 12
221300 3
221400 2
221500 5
221600 7
221700 6
221800 9
221900 8
222000 6
222100 7
222200 4
222300 6
222400 4
222500 5
222600 4
222700 2
222800 7
222900 7
223000 5
223100 4
223200 7
223300 7
223400 4
223500 3
223600 6
223700 4
223800 8
223900 1
224000 9
224100 6
224200 6
224300 10
224400 5
224500 7
224600 1
224700 11
224800 8
224900 19
225000 40
225100 70
225200 41
225300 15
225400 9
225500 8
225600 2
225700 5
225800 7
225900 4
226000 5
226100 4
226200 8
226300 8
226400 9
226500 4
226600 8
226700 4
226800 7
226900 6
227000 4
227100 4
227200 5
227300 5
227400 5
227500 1
227600 5
227700 6
227800 9
227900 5
228000 9
228100 7
228200 6
228300 8
228400 10
228500 5
228600 4
228700 5
228800 3
228900 9
229000 10
229100 5
229200 5
229300 14
229400 6
229500 5
229600 5
229700 3
229800 11
229900 9
230000 11
230100 7
230200 4
230300 4
230400 4
230500 3
230600 5
230700 6
230800 9
230900 5
231000 6
231100 4
231200 3
231300 3
231400 5
231500 7
231600 7
231700 8
231800 11
231900 10
232000 9
232100 8
232200 4
232300 9
232400 8
232500 7
232600 2
232700 6
232800 15
232900 18
233000 54
233100 396
233200 3776
233300 12353
233400 12674
233500 3853
233600 385
233700 48
233800 39
233900 18
234000 10
234100 6
234200 4
234300 5
234400 7
234500 6
234600 4
234700 7
234800 13
234900 10
235000 8
235100 3
235200 6
235300 0
235400 9
235500 8
235600 2
235700 4
235800 7
235900 10
236000 8
236100 4
236200 7
236300 6
236400 5
236500 6
236600 4
236700 6
236800 5
236900 5
237000 6
237100 8
237200 5
237300 6
237400 7
237500 2
237600 6
237700 6
237800 6
237900 6
238000 5
238100 23
238200 68
238300 49
238400 20
238500 10
238600 9
238700 6
238800 6
238900 6
239000 6
239100 5
239200 4
239300 5
239400 12
239500 10
239600 4
239700 7
239800 7
239900 5
240000 3
240100 9
240200 1
240300 1
240400 2
240500 10
240600 3
240700 4
240800 5
240900 9
241000 7
241100 2
241200 4
241300 1
241400 10
241500 6
241600 6
241700 5
241800 7
241900 5
242000 7
242100 7
242200 8
242300 6
242400 8
242500 7
242600 4
242700 3
242800 6
242900 7
243000 9
243100 7
243200 8
243300 6
243400 4
243500 4
243600 6
243700 9
243800 4
243900 2
244000 5
244100 5
244200 8
244300 2
244400 7
244500 2
244600 5
244700 11
244800 7
244900 11
245000 5
245100 1
245200 8
245300 8
245400 1
245500 5
245600 2
245700 3
245800 8
245900 11
246000 17
246100 26
246200 171
246300 1602
246400 8474
246500 14579
246600 7389
246700 1195
246800 111
246900 27
247000 13
247100 10
247200 5
247300 6
247400 8
247500 6
247600 8
247700 3
247800 6
247900 6
248000 5
248100 13
248200 5
248300 6
248400 6
248500 4
248600 7
248700 7
248800 4
248900 6
249000 5
249100 3
249200 3
249300 9
249400 7
249500 8
249600 4
249700 9
249800 10
249900 7
250000 3
250100 7
250200 7
250300 7
250400 4
250500 8
250600 6
250700 6
250800 3
250900 1
251000 5
251100 9
251200 14
251300 50
251400 63
251500 39
251600 11
251700 16
251800 8
251900 5
252000 4
252100 3
252200 5
252300 3
252400 8
252500 8
252600 5
252700 9
252800 5
252900 7
253000 4
253100 8
253200 2
253300 7
253400 3
253500 4
253600 3
253700 6
253800 1
253900 5
254000 5
254100 4
254200 4
254300 8
254400 5
254500 8
254600 9
254700 6
254800 9
254900 6
255000 7
255100 6
255200 9
255300 4
255400 4
255500 5
255600 11
255700 6
255800 5
255900 5
256000 4
256100 7
256200 5
256300 8
256400 6
256500 9
256600 5
256700 4
256800 2
256900 7
257000 4
257100 5
257200 9
257300 7
257400 5
257500 10
257600 6
257700 8
257800 2
257900 7
258000 11
258100 7
258200 5
258300 6
258400 8
258500 7
258600 8
258700 3
258800 6
258900 10
259000 9
259100 22
259200 28
259300 67
259400 763
259500 5526
259600 13940
259700 10337
259800 2440
259900 239
260000 29
260100 23
260200 17
260300 8
260400 10
260500 3
260600 3
260700 6
260800 5
260900 5
261000 3
261100 6
261200 6
261300 9
261400 6
261500 4
261600 5
261700 4
261800 6
261900 3
262000 7
262100 6
262200 4
262300 7
262400 6
262500 2
262600 7
262700 2
262800 9
262900 5
263000 6
263100 7
263200 5
263300 11
263400 2
263500 7
263600 5
263700 4
263800 6
263900 5
264000 4
264100 9
264200 2
264300 7
264400 37
264500 58
264600 35
264700 10
264800 8
264900 4
265000 7
265100 7
265200 7
265300 8
265400 12
265500 6
265600 6
265700 3
265800 7
265900 2
266000 7
266100 1
266200 5
266300 3
266400 7
266500 11
266600 3
266700 6
266800 2
266900 10
267000 5
267100 6
267200 3
267300 5
267400 11
267500 6
267600 4
267700 4
267800 5
267900 8
268000 3
268100 7
268200 1
268300 9
268400 4
268500 6
268600 7
268700 1
268800 7
268900 6
269000 7
269100 6
269200 9
269300 15
269400 7
269500 4
269600 7
269700 7
269800 7
269900 4
270000 5
270100 7
270200 5
270300 5
270400 5
270500 5
270600 5
270700 5
270800 4
270900 6
271000 7
271100 10
271200 9
271300 6
271400 7
271500 4
271600 7
271700 2
271800 5
271900 6
272000 9
272100 14
272200 15
272300 16
272400 42
272500 372
272600 3262
272700 11854
272800 13093
272900 4333
273000 503
273100 49
273200 29
273300 17
273400 10
273500 6
273600 3
273700 7
273800 5
273900 6
274000 8
274100 6
274200 10
274300 11
274400 11
274500 5
274600 7
274700 6
274800 3
274900 6
275000 6
275100 6
275200 3
275300 4
275400 5
275500 3
275600 5
275700 5
275800 7
275900 7
276000 2
276100 10
276200 3
276300 5
276400 3
276500 3
276600 7
276700 5
276800 6
276900 5
277000 6
277100 2
277200 9
277300 7
277400 9
277500 22
277600 66
277700 52
277800 26
277900 4
278000 5
278100 7
278200 6
278300 7
278400 6
278500 4
278600 7
278700 2
278800 8
278900 5
279000 5
279100 6
279200 7
279300 4
279400 7
279500 2
279600 4
279700 8
279800 9
279900 8
280000 8
280100 5
280200 9
280300 6
280400 3
280500 9
280600 9
280700 5
280800 5
280900 10
281000 4
281100 8
281200 6
281300 2
281400 6
281500 9
281600 7
281700 6
281800 3
281900 4
282000 7
282100 9
282200 8
282300 4
282400 6
282500 12
282600 5
282700 5
282800 5
282900 4
283000 7
283100 4
283200 4
283300 8
283400 8
283500 2
283600 5
283700 6
283800 3
283900 6
284000 6
284100 7
284200 4
284300 7
284400 8
284500 4
284600 6
284700 5
284800 10
284900 9
285000 6
285100 3
285200 6
285300 13
285400 24
285500 25
285600 170
285700 1740
285800 8461
285900 14275
286000 7493
286100 1274
286200 105
286300 28
286400 29
286500 17
286600 8
286700 7
286800 7
286900 1
287000 5
287100 4
287200 8
287300 2
287400 4
287500 11
287600 8
287700 8
287800 8
287900 4
288000 4
288100 4
288200 7
288300 7
288400 9
288500 6
288600 8
288700 3
288800 7
288900 5
289000 5
289100 4
289200 8
289300 8
289400 4
289500 7
289600 4
289700 5
289800 5
289900 4
290000 5
290100 6
290200 4
290300 5
290400 4
290500 8
290600 11
290700 42
290800 72
290900 25
291000 9
291100 4
291200 11
291300 13
291400 5
291500 4
291600 6
291700 5
291800 5
291900 10
292000 5
292100 2
292200 6
292300 5
292400 10
292500 5
292600 3
292700 6
292800 3
292900 5
293000 5
293100 7
293200 6
293300 3
293400 5
293500 7
293600 5
293700 7
293800 6
293900 8
294000 9
294100 6
294200 6
294300 6
294400 9
294500 7
294600 5
294700 6
294800 10
294900 6
295000 8
295100 5
295200 2
295300 3
295400 10
295500 9
295600 11
295700 6
295800 3
295900 4
296000 9
296100 10
296200 4
296300 6
296400 6
296500 8
296600 4
296700 6
296800 5
296900 8
297000 8
297100 4
297200 5
297300 7
297400 9
297500 13
297600 4
297700 4
297800 5
297900 5
298000 9
298100 14
298200 3
298300 9
298400 17
298500 17
298600 17
298700 59
298800 698
298900 5027
299000 13519
299100 11124
299200 2949
299300 268
299400 33
299500 27
299600 18
299700 11
299800 5
299900 5
300000 5
300100 5
300200 7
300300 5
300400 7
300500 14
300600 11
300700 11
300800 4
300900 5
301000 7
301100 10
301200 5
301300 5
301400 8
301500 7
301600 2
301700 5
301800 8
301900 5
302000 8
302100 7
302200 5
302300 1
302400 7
302500 8
302600 11
302700 4
302800 7
302900 8
303000 5
303100 7
303200 4
303300 3
303400 5
303500 4
303600 7
303700 13
303800 27
303900 68
304000 36
304100 14
304200 6
304300 6
304400 2
304500 7
304600 4
304700 6
304800 5
304900 7
305000 4
305100 5
305200 5
305300 5
305400 4
305500 13
305600 7
305700 5
305800 8
305900 4
306000 4
306100 5
306200 2
306300 4
306400 3
306500 4
306600 12
306700 8
306800 8
306900 6
307000 7
307100 4
307200 6
307300 6
307400 8
307500 6
307600 8
307700 4
307800 5
307900 8
308000 2
308100 6
308200 7
308300 6
308400 15
308500 9
308600 6
308700 6
308800 8
308900 5
309000 6
309100 10
309200 1
309300 8
309400 4
309500 5
309600 8
309700 2
309800 7
309900 6
