-290000 0
-289900 0
-289800 0
-289700 0
-289600 0
-289500 0
-289400 0
-289300 0
-289200 1
-289100 0
-289000 0
-288900 0
-288800 0
-288700 1
-288600 0
-288500 0
-288400 0
-288300 0
-288200 0
-288100 0
-288000 0
-287900 0
-287800 0
-287700 0
-287600 0
-287500 0
-287400 0
-287300 3
-287200 25
-287100 21
-287000 11
-286900 1
-286800 0
-286700 2
-286600 0
-286500 3
-286400 0
-286300 0
-286200 0
-286100 0
-286000 0
-285900 1
-285800 0
-285700 0
-285600 0
-285500 0
-285400 0
-285300 0
-285200 0
-285100 0
-285000 0
-284900 0
-284800 1
-284700 0
-284600 0
-284500 0
-284400 0
-284300 0
-284200 0
-284100 0
-284000 0
-283900 0
-283800 0
-283700 0
-283600 0
-283500 1
-283400 0
-283300 0
-283200 0
-283100 0
-283000 0
-282900 0
-282800 0
-282700 0
-282600 2
-282500 0
-282400 0
-282300 3
-282200 1
-282100 0
-282000 1
-281900 0
-281800 0
-281700 0
-281600 0
-281500 0
-281400 0
-281300 0
-281200 0
-281100 0
-281000 0
-280900 0
-280800 0
-280700 0
-280600 1
-280500 2
-280400 0
-280300 1
-280200 0
-280100 0
-280000 1
-279900 0
-279800 0
-279700 0
-279600 2
-279500 0
-279400 3
-279300 8
-279200 49
-279100 406
-279000 2327
-278900 4187
-278800 2237
-278700 388
-278600 35
-278500 2
-278400 5
-278300 2
-278200 2
-278100 2
-278000 0
-277900 0
-277800 1
-277700 0
-277600 1
-277500 0
-277400 0
-277300 0
-277200 2
-277100 0
-277000 0
-276900 2
-276800 0
-276700 0
-276600 0
-276500 0
-276400 0
-276300 0
-276200 0
-276100 0
-276000 0
-275900 0
-275800 0
-275700 1
-275600 0
-275500 1
-275400 1
-275300 2
-275200 0
-275100 0
-275000 1
-274900 0
-274800 0
-274700 0
-274600 0
-274500 0
-274400 1
-274300 1
-274200 1
-274100 21
-274000 33
-273900 14
-273800 2
-273700 2
-273600 0
-273500 1
-273400 0
-273300 0
-273200 2
-273100 0
-273000 0
-272900 0
-272800 0
-272700 0
-272600 0
-272500 0
-272400 0
-272300 0
-272200 0
-272100 0
-272000 0
-271900 0
-271800 0
-271700 0
-271600 0
-271500 1
-271400 0
-271300 0
-271200 0
-271100 1
-271000 0
-270900 0
-270800 0
-270700 0
-270600 0
-270500 0
-270400 0
-270300 0
-270200 0
-270100 0
-270000 0
-269900 0
-269800 0
-269700 0
-269600 1
-269500 1
-269400 0
-269300 0
-269200 0
-269100 0
-269000 0
-268900 1
-268800 0
-268700 1
-268600 0
-268500 1
-268400 1
-268300 0
-268200 0
-268100 1
-268000 0
-267900 1
-267800 0
-267700 0
-267600 1
-267500 1
-267400 1
-267300 0
-267200 0
-267100 0
-267000 0
-266900 1
-266800 0
-266700 0
-266600 0
-266500 1
-266400 2
-266300 3
-266200 7
-266100 18
-266000 179
-265900 1547
-265800 3856
-265700 3074
-265600 786
-265500 69
-265400 7
-265300 7
-265200 4
-265100 2
-265000 0
-264900 1
-264800 1
-264700 0
-264600 0
-264500 0
-264400 1
-264300 0
-264200 1
-264100 1
-264000 1
-263900 0
-263800 0
-263700 0
-263600 0
-263500 0
-263400 0
-263300 0
-263200 1
-263100 1
-263000 0
-262900 0
-262800 0
-262700 2
-262600 1
-262500 0
-262400 0
-262300 1
-262200 0
-262100 2
-262000 0
-261900 0
-261800 0
-261700 0
-261600 0
-261500 0
-261400 0
-261300 1
-261200 1
-261100 1
-261000 10
-260900 22
-260800 17
-260700 1
-260600 0
-260500 0
-260400 1
-260300 0
-260200 0
-260100 0
-260000 0
-259900 0
-259800 0
-259700 0
-259600 0
-259500 1
-259400 1
-259300 0
-259200 0
-259100 0
-259000 0
-258900 0
-258800 0
-258700 0
-258600 0
-258500 0
-258400 0
-258300 0
-258200 0
-258100 1
-258000 0
-257900 0
-257800 0
-257700 0
-257600 0
-257500 0
-257400 0
-257300 0
-257200 0
-257100 0
-257000 0
-256900 0
-256800 0
-256700 0
-256600 0
-256500 0
-256400 0
-256300 1
-256200 0
-256100 0
-256000 0
-255900 1
-255800 2
-255700 1
-255600 0
-255500 1
-255400 0
-255300 0
-255200 0
-255100 1
-255000 1
-254900 0
-254800 0
-254700 0
-254600 0
-254500 1
-254400 0
-254300 0
-254200 1
-254100 0
-254000 0
-253900 0
-253800 1
-253700 0
-253600 0
-253500 1
-253400 0
-253300 3
-253200 4
-253100 9
-253000 12
-252900 76
-252800 816
-252700 3345
-252600 3768
-252500 1368
-252400 170
-252300 16
-252200 5
-252100 2
-252000 2
-251900 1
-251800 0
-251700 0
-251600 0
-251500 0
-251400 0
-251300 0
-251200 0
-251100 0
-251000 1
-250900 1
-250800 0
-250700 2
-250600 0
-250500 0
-250400 2
-250300 0
-250200 0
-250100 1
-250000 0
-249900 0
-249800 0
-249700 1
-249600 0
-249500 0
-249400 0
-249300 0
-249200 0
-249100 0
-249000 0
-248900 0
-248800 0
-248700 0
-248600 0
-248500 1
-248400 0
-248300 0
-248200 0
-248100 0
-248000 1
-247900 7
-247800 18
-247700 14
-247600 5
-247500 2
-247400 0
-247300 0
-247200 0
-247100 0
-247000 0
-246900 0
-246800 0
-246700 0
-246600 0
-246500 0
-246400 1
-246300 0
-246200 0
-246100 0
-246000 0
-245900 1
-245800 0
-245700 0
-245600 0
-245500 1
-245400 0
-245300 0
-245200 0
-245100 1
-245000 0
-244900 1
-244800 0
-244700 0
-244600 0
-244500 0
-244400 0
-244300 0
-244200 0
-244100 2
-244000 1
-243900 0
-243800 0
-243700 0
-243600 0
-243500 0
-243400 0
-243300 1
-243200 0
-243100 0
-243000 0
-242900 0
-242800 1
-242700 1
-242600 0
-242500 0
-242400 0
-242300 0
-242200 1
-242100 0
-242000 0
-241900 0
-241800 0
-241700 1
-241600 0
-241500 0
-241400 1
-241300 0
-241200 0
-241100 2
-241000 0
-240900 0
-240800 0
-240700 0
-240600 0
-240500 0
-240400 0
-240300 0
-240200 0
-240100 3
-240000 6
-239900 7
-239800 29
-239700 366
-239600 2118
-239500 4231
-239400 2447
-239300 431
-239200 33
-239100 2
-239000 2
-238900 2
-238800 2
-238700 0
-238600 0
-238500 0
-238400 0
-238300 0
-238200 0
-238100 0
-238000 0
-237900 0
-237800 0
-237700 0
-237600 0
-237500 0
-237400 1
-237300 0
-237200 0
-237100 0
-237000 0
-236900 0
-236800 0
-236700 0
-236600 0
-236500 0
-236400 0
-236300 0
-236200 1
-236100 0
-236000 1
-235900 1
-235800 0
-235700 0
-235600 1
-235500 0
-235400 0
-235300 0
-235200 0
-235100 0
-235000 0
-234900 0
-234800 2
-234700 15
-234600 31
-234500 11
-234400 2
-234300 1
-234200 0
-234100 1
-234000 0
-233900 0
-233800 1
-233700 0
-233600 0
-233500 0
-233400 0
-233300 0
-233200 0
-233100 0
-233000 1
-232900 1
-232800 0
-232700 1
-232600 0
-232500 0
-232400 0
-232300 1
-232200 0
-232100 1
-232000 0
-231900 0
-231800 0
-231700 0
-231600 0
-231500 1
-231400 0
-231300 0
-231200 0
-231100 0
-231000 0
-230900 0
-230800 0
-230700 0
-230600 1
-230500 1
-230400 0
-230300 1
-230200 0
-230100 0
-230000 1
-229900 0
-229800 0
-229700 1
-229600 2
-229500 0
-229400 0
-229300 0
-229200 0
-229100 0
-229000 0
-228900 1
-228800 0
-228700 0
-228600 0
-228500 0
-228400 0
-228300 0
-228200 0
-228100 1
-228000 3
-227900 0
-227800 0
-227700 0
-227600 0
-227500 1
-227400 0
-227300 0
-227200 0
-227100 0
-227000 1
-226900 4
-226800 4
-226700 17
-226600 155
-226500 1319
-226400 3865
-226300 3439
-226200 902
-226100 92
-226000 10
-225900 5
-225800 4
-225700 3
-225600 1
-225500 1
-225400 0
-225300 0
-225200 0
-225100 0
-225000 1
-224900 0
-224800 1
-224700 1
-224600 1
-224500 0
-224400 0
-224300 1
-224200 0
-224100 0
-224000 0
-223900 1
-223800 0
-223700 0
-223600 0
-223500 0
-223400 0
-223300 2
-223200 0
-223100 0
-223000 0
-222900 0
-222800 0
-222700 1
-222600 0
-222500 0
-222400 0
-222300 1
-222200 0
-222100 0
-222000 0
-221900 1
-221800 0
-221700 2
-221600 5
-221500 25
-221400 19
-221300 2
-221200 0
-221100 0
-221000 0
-220900 0
-220800 0
-220700 0
-220600 0
-220500 0
-220400 0
-220300 1
-220200 1
-220100 0
-220000 0
-219900 0
-219800 0
-219700 0
-219600 1
-219500 0
-219400 0
-219300 0
-219200 0
-219100 0
-219000 0
-218900 0
-218800 0
-218700 0
-218600 0
-218500 0
-218400 0
-218300 0
-218200 0
-218100 0
-218000 0
-217900 0
-217800 0
-217700 0
-217600 0
-217500 0
-217400 0
-217300 0
-217200 1
-217100 0
-217000 0
-216900 0
-216800 0
-216700 2
-216600 0
-216500 0
-216400 0
-216300 0
-216200 0
-216100 0
-216000 0
-215900 0
-215800 0
-215700 0
-215600 0
-215500 0
-215400 0
-215300 0
-215200 0
-215100 0
-215000 2
-214900 2
-214800 2
-214700 2
-214600 0
-214500 0
-214400 1
-214300 0
-214200 0
-214100 0
-214000 1
-213900 1
-213800 5
-213700 4
-213600 14
-213500 87
-213400 832
-213300 3307
-213200 3814
-213100 1323
-213000 159
-212900 12
-212800 5
-212700 2
-212600 1
-212500 0
-212400 0
-212300 0
-212200 0
-212100 0
-212000 0
-211900 1
-211800 0
-211700 1
-211600 0
-211500 0
-211400 0
-211300 0
-211200 0
-211100 0
-211000 0
-210900 0
-210800 0
-210700 0
-210600 0
-210500 0
-210400 0
-210300 0
-210200 0
-210100 0
-210000 0
-209900 0
-209800 0
-209700 1
-209600 0
-209500 0
-209400 0
-209300 1
-209200 0
-209100 0
-209000 0
-208900 0
-208800 0
-208700 1
-208600 1
-208500 10
-208400 22
-208300 32
-208200 14
-208100 1
-208000 2
-207900 1
-207800 0
-207700 0
-207600 0
-207500 0
-207400 0
-207300 0
-207200 0
-207100 0
-207000 0
-206900 0
-206800 0
-206700 0
-206600 0
-206500 0
-206400 0
-206300 0
-206200 0
-206100 1
-206000 0
-205900 0
-205800 0
-205700 0
-205600 1
-205500 0
-205400 0
-205300 1
-205200 0
-205100 1
-205000 0
-204900 0
-204800 0
-204700 0
-204600 1
-204500 1
-204400 0
-204300 0
-204200 0
-204100 0
-204000 0
-203900 0
-203800 0
-203700 0
-203600 0
-203500 1
-203400 0
-203300 0
-203200 0
-203100 0
-203000 0
-202900 1
-202800 0
-202700 0
-202600 0
-202500 0
-202400 0
-202300 0
-202200 0
-202100 0
-202000 1
-201900 0
-201800 2
-201700 2
-201600 1
-201500 0
-201400 0
-201300 0
-201200 0
-201100 0
-201000 0
-200900 0
-200800 2
-200700 1
-200600 4
-200500 7
-200400 32
-200300 456
-200200 2430
-200100 4108
-200000 1914
-199900 342
-199800 21
-199700 9
-199600 2
-199500 5
-199400 0
-199300 2
-199200 0
-199100 0
-199000 0
-198900 2
-198800 0
-198700 1
-198600 2
-198500 3
-198400 1
-198300 1
-198200 0
-198100 0
-198000 0
-197900 0
-197800 0
-197700 0
-197600 0
-197500 1
-197400 1
-197300 0
-197200 0
-197100 0
-197000 0
-196900 0
-196800 0
-196700 0
-196600 0
-196500 2
-196400 0
-196300 0
-196200 0
-196100 1
-196000 0
-195900 0
-195800 0
-195700 0
-195600 0
-195500 0
-195400 4
-195300 20
-195200 38
-195100 11
-195000 3
-194900 0
-194800 1
-194700 0
-194600 0
-194500 0
-194400 1
-194300 0
-194200 0
-194100 0
-194000 0
-193900 0
-193800 0
-193700 0
-193600 0
-193500 0
-193400 0
-193300 0
-193200 0
-193100 1
-193000 0
-192900 0
-192800 0
-192700 0
-192600 1
-192500 0
-192400 0
-192300 1
-192200 0
-192100 0
-192000 0
-191900 0
-191800 0
-191700 0
-191600 0
-191500 2
-191400 0
-191300 0
-191200 0
-191100 0
-191000 0
-190900 0
-190800 0
-190700 1
-190600 0
-190500 2
-190400 0
-190300 0
-190200 0
-190100 1
-190000 1
-189900 0
-189800 1
-189700 0
-189600 0
-189500 2
-189400 0
-189300 0
-189200 0
-189100 0
-189000 0
-188900 0
-188800 0
-188700 0
-188600 3
-188500 0
-188400 0
-188300 0
-188200 0
-188100 0
-188000 1
-187900 0
-187800 0
-187700 1
-187600 1
-187500 2
-187400 4
-187300 16
-187200 160
-187100 1443
-187000 4048
-186900 3248
-186800 786
-186700 74
-186600 8
-186500 2
-186400 3
-186300 2
-186200 0
-186100 0
-186000 0
-185900 1
-185800 0
-185700 0
-185600 1
-185500 1
-185400 0
-185300 1
-185200 0
-185100 0
-185000 0
-184900 0
-184800 0
-184700 0
-184600 0
-184500 0
-184400 0
-184300 1
-184200 0
-184100 0
-184000 0
-183900 0
-183800 0
-183700 0
-183600 0
-183500 0
-183400 0
-183300 1
-183200 0
-183100 0
-183000 0
-182900 0
-182800 0
-182700 0
-182600 0
-182500 1
-182400 0
-182300 0
-182200 16
-182100 39
-182000 21
-181900 4
-181800 2
-181700 0
-181600 1
-181500 0
-181400 1
-181300 0
-181200 0
-181100 0
-181000 0
-180900 0
-180800 2
-180700 1
-180600 0
-180500 0
-180400 1
-180300 0
-180200 0
-180100 0
-180000 0
-179900 1
-179800 0
-179700 0
-179600 0
-179500 1
-179400 0
-179300 0
-179200 0
-179100 0
-179000 1
-178900 0
-178800 0
-178700 0
-178600 0
-178500 0
-178400 0
-178300 0
-178200 0
-178100 0
-178000 0
-177900 0
-177800 1
-177700 0
-177600 1
-177500 0
-177400 0
-177300 0
-177200 1
-177100 1
-177000 2
-176900 1
-176800 0
-176700 0
-176600 0
-176500 0
-176400 0
-176300 1
-176200 1
-176100 0
-176000 0
-175900 0
-175800 0
-175700 0
-175600 0
-175500 3
-175400 0
-175300 1
-175200 0
-175100 0
-175000 0
-174900 2
-174800 0
-174700 0
-174600 0
-174500 0
-174400 2
-174300 2
-174200 12
-174100 73
-174000 743
-173900 3059
-173800 4020
-173700 1530
-173600 191
-173500 12
-173400 5
-173300 5
-173200 3
-173100 1
-173000 0
-172900 0
-172800 0
-172700 1
-172600 0
-172500 0
-172400 0
-172300 1
-172200 3
-172100 1
-172000 1
-171900 0
-171800 0
-171700 0
-171600 0
-171500 1
-171400 0
-171300 0
-171200 0
-171100 0
-171000 0
-170900 0
-170800 0
-170700 0
-170600 0
-170500 0
-170400 0
-170300 0
-170200 1
-170100 0
-170000 0
-169900 0
-169800 0
-169700 0
-169600 0
-169500 0
-169400 0
-169300 0
-169200 0
-169100 8
-169000 30
-168900 27
-168800 3
-168700 1
-168600 0
-168500 0
-168400 0
-168300 0
-168200 0
-168100 0
-168000 0
-167900 0
-167800 0
-167700 1
-167600 0
-167500 0
-167400 0
-167300 0
-167200 0
-167100 0
-167000 0
-166900 0
-166800 1
-166700 0
-166600 0
-166500 0
-166400 0
-166300 0
-166200 2
-166100 0
-166000 0
-165900 0
-165800 0
-165700 0
-165600 0
-165500 1
-165400 0
-165300 0
-165200 1
-165100 0
-165000 0
-164900 1
-164800 1
-164700 0
-164600 0
-164500 0
-164400 1
-164300 0
-164200 0
-164100 2
-164000 0
-163900 0
-163800 0
-163700 0
-163600 1
-163500 1
-163400 0
-163300 0
-163200 0
-163100 0
-163000 0
-162900 1
-162800 0
-162700 0
-162600 1
-162500 1
-162400 9
-162300 7
-162200 8
-162100 3
-162000 0
-161900 0
-161800 0
-161700 0
-161600 0
-161500 0
-161400 1
-161300 0
-161200 3
-161100 8
-161000 20
-160900 362
-160800 2148
-160700 4232
-160600 2445
-160500 397
-160400 25
-160300 7
-160200 3
-160100 3
-160000 1
-159900 1
-159800 0
-159700 0
-159600 0
-159500 0
-159400 1
-159300 1
-159200 1
-159100 2
-159000 1
-158900 0
-158800 0
-158700 0
-158600 0
-158500 0
-158400 0
-158300 0
-158200 0
-158100 0
-158000 0
-157900 0
-157800 0
-157700 0
-157600 0
-157500 0
-157400 0
-157300 2
-157200 0
-157100 0
-157000 0
-156900 0
-156800 1
-156700 0
-156600 0
-156500 0
-156400 0
-156300 1
-156200 1
-156100 0
-156000 3
-155900 13
-155800 30
-155700 9
-155600 1
-155500 0
-155400 0
-155300 0
-155200 1
-155100 0
-155000 0
-154900 0
-154800 0
-154700 0
-154600 0
-154500 0
-154400 0
-154300 1
-154200 0
-154100 0
-154000 0
-153900 0
-153800 0
-153700 0
-153600 0
-153500 0
-153400 0
-153300 0
-153200 0
-153100 0
-153000 0
-152900 1
-152800 0
-152700 0
-152600 1
-152500 0
-152400 0
-152300 0
-152200 1
-152100 1
-152000 0
-151900 0
-151800 0
-151700 1
-151600 0
-151500 1
-151400 0
-151300 0
-151200 0
-151100 0
-151000 0
-150900 1
-150800 1
-150700 0
-150600 0
-150500 0
-150400 0
-150300 1
-150200 0
-150100 0
-150000 1
-149900 0
-149800 0
-149700 0
-149600 0
-149500 0
-149400 2
-149300 0
-149200 3
-149100 0
-149000 1
-148900 0
-148800 0
-148700 0
-148600 0
-148500 0
-148400 0
-148300 1
-148200 1
-148100 2
-148000 4
-147900 14
-147800 155
-147700 1255
-147600 3811
-147500 3405
-147400 854
-147300 71
-147200 6
-147100 1
-147000 5
-146900 2
-146800 1
-146700 0
-146600 0
-146500 0
-146400 0
-146300 0
-146200 0
-146100 0
-146000 1
-145900 2
-145800 2
-145700 1
-145600 1
-145500 0
-145400 0
-145300 1
-145200 0
-145100 0
-145000 0
-144900 0
-144800 0
-144700 0
-144600 0
-144500 1
-144400 1
-144300 0
-144200 0
-144100 0
-144000 0
-143900 1
-143800 0
-143700 0
-143600 0
-143500 0
-143400 1
-143300 0
-143200 0
-143100 0
-143000 0
-142900 0
-142800 12
-142700 39
-142600 20
-142500 1
-142400 0
-142300 0
-142200 0
-142100 1
-142000 0
-141900 0
-141800 0
-141700 0
-141600 0
-141500 0
-141400 1
-141300 0
-141200 0
-141100 0
-141000 0
-140900 0
-140800 0
-140700 0
-140600 0
-140500 0
-140400 0
-140300 0
-140200 0
-140100 0
-140000 0
-139900 0
-139800 0
-139700 0
-139600 1
-139500 0
-139400 0
-139300 0
-139200 0
-139100 0
-139000 0
-138900 1
-138800 0
-138700 0
-138600 0
-138500 0
-138400 0
-138300 0
-138200 0
-138100 0
-138000 1
-137900 1
-137800 0
-137700 1
-137600 0
-137500 0
-137400 0
-137300 0
-137200 0
-137100 0
-137000 0
-136900 0
-136800 1
-136700 0
-136600 1
-136500 0
-136400 0
-136300 0
-136200 1
-136100 0
-136000 3
-135900 0
-135800 0
-135700 0
-135600 1
-135500 0
-135400 0
-135300 0
-135200 0
-135100 2
-135000 3
-134900 5
-134800 6
-134700 67
-134600 561
-134500 2772
-134400 4157
-134300 1729
-134200 218
-134100 12
-134000 7
-133900 5
-133800 1
-133700 0
-133600 0
-133500 0
-133400 2
-133300 0
-133200 0
-133100 1
-133000 1
-132900 4
-132800 2
-132700 1
-132600 0
-132500 0
-132400 0
-132300 0
-132200 0
-132100 1
-132000 0
-131900 3
-131800 0
-131700 0
-131600 1
-131500 0
-131400 1
-131300 1
-131200 0
-131100 0
-131000 0
-130900 1
-130800 1
-130700 0
-130600 0
-130500 0
-130400 1
-130300 1
-130200 1
-130100 0
-130000 1
-129900 1
-129800 0
-129700 5
-129600 22
-129500 19
-129400 10
-129300 1
-129200 0
-129100 1
-129000 0
-128900 0
-128800 0
-128700 1
-128600 0
-128500 0
-128400 0
-128300 0
-128200 0
-128100 0
-128000 1
-127900 0
-127800 0
-127700 0
-127600 1
-127500 0
-127400 0
-127300 1
-127200 0
-127100 0
-127000 0
-126900 0
-126800 0
-126700 0
-126600 0
-126500 0
-126400 0
-126300 2
-126200 0
-126100 1
-126000 0
-125900 0
-125800 0
-125700 0
-125600 0
-125500 0
-125400 1
-125300 0
-125200 0
-125100 0
-125000 0
-124900 0
-124800 0
-124700 2
-124600 2
-124500 0
-124400 0
-124300 0
-124200 0
-124100 0
-124000 0
-123900 0
-123800 1
-123700 0
-123600 0
-123500 1
-123400 0
-123300 0
-123200 0
-123100 1
-123000 1
-122900 0
-122800 0
-122700 1
-122600 0
-122500 1
-122400 0
-122300 0
-122200 0
-122100 1
-122000 1
-121900 2
-121800 3
-121700 5
-121600 29
-121500 272
-121400 1919
-121300 4210
-121200 2535
-121100 533
-121000 31
-120900 5
-120800 1
-120700 0
-120600 0
-120500 0
-120400 1
-120300 1
-120200 1
-120100 0
-120000 0
-119900 0
-119800 0
-119700 4
-119600 1
-119500 0
-119400 1
-119300 1
-119200 1
-119100 1
-119000 1
-118900 0
-118800 1
-118700 0
-118600 0
-118500 0
-118400 0
-118300 0
-118200 0
-118100 0
-118000 0
-117900 0
-117800 0
-117700 0
-117600 0
-117500 0
-117400 0
-117300 0
-117200 0
-117100 1
-117000 0
-116900 0
-116800 0
-116700 0
-116600 5
-116500 10
-116400 35
-116300 21
-116200 5
-116100 0
-116000 0
-115900 1
-115800 0
-115700 0
-115600 0
-115500 0
-115400 0
-115300 1
-115200 0
-115100 0
-115000 0
-114900 0
-114800 0
-114700 0
-114600 1
-114500 0
-114400 1
-114300 0
-114200 0
-114100 0
-114000 0
-113900 0
-113800 1
-113700 0
-113600 0
-113500 1
-113400 1
-113300 0
-113200 0
-113100 0
-113000 1
-112900 0
-112800 0
-112700 0
-112600 1
-112500 0
-112400 0
-112300 0
-112200 0
-112100 0
-112000 0
-111900 0
-111800 0
-111700 0
-111600 0
-111500 0
-111400 0
-111300 1
-111200 0
-111100 0
-111000 0
-110900 0
-110800 0
-110700 0
-110600 0
-110500 0
-110400 0
-110300 0
-110200 1
-110100 1
-110000 1
-109900 1
-109800 0
-109700 2
-109600 2
-109500 0
-109400 0
-109300 0
-109200 0
-109100 0
-109000 0
-108900 0
-108800 2
-108700 3
-108600 2
-108500 12
-108400 117
-108300 1160
-108200 3762
-108100 3519
-108000 922
-107900 90
-107800 6
-107700 3
-107600 1
-107500 2
-107400 0
-107300 1
-107200 1
-107100 0
-107000 0
-106900 1
-106800 0
-106700 2
-106600 1
-106500 1
-106400 1
-106300 1
-106200 0
-106100 0
-106000 0
-105900 0
-105800 0
-105700 0
-105600 1
-105500 0
-105400 0
-105300 0
-105200 0
-105100 0
-105000 1
-104900 0
-104800 0
-104700 1
-104600 0
-104500 1
-104400 0
-104300 0
-104200 1
-104100 0
-104000 1
-103900 0
-103800 0
-103700 0
-103600 0
-103500 5
-103400 10
-103300 25
-103200 24
-103100 4
-103000 0
-102900 0
-102800 0
-102700 1
-102600 0
-102500 1
-102400 0
-102300 0
-102200 1
-102100 0
-102000 1
-101900 0
-101800 0
-101700 0
-101600 0
-101500 0
-101400 0
-101300 0
-101200 0
-101100 1
-101000 0
-100900 0
-100800 0
-100700 0
-100600 0
-100500 0
-100400 0
-100300 0
-100200 0
-100100 0
-100000 0
-99900 0
-99800 0
-99700 0
-99600 1
-99500 0
-99400 0
-99300 1
-99200 1
-99100 0
-99000 0
-98900 0
-98800 0
-98700 0
-98600 0
-98500 0
-98400 0
-98300 3
-98200 0
-98100 0
-98000 0
-97900 0
-97800 0
-97700 0
-97600 0
-97500 1
-97400 0
-97300 0
-97200 0
-97100 2
-97000 0
-96900 0
-96800 0
-96700 0
-96600 2
-96500 1
-96400 0
-96300 0
-96200 0
-96100 0
-96000 1
-95900 1
-95800 0
-95700 2
-95600 3
-95500 6
-95400 12
-95300 43
-95200 438
-95100 2569
-95000 4440
-94900 1959
-94800 257
-94700 21
-94600 3
-94500 3
-94400 0
-94300 0
-94200 0
-94100 0
-94000 0
-93900 0
-93800 0
-93700 0
-93600 1
-93500 2
-93400 1
-93300 1
-93200 1
-93100 0
-93000 0
-92900 1
-92800 1
-92700 0
-92600 0
-92500 0
-92400 1
-92300 0
-92200 0
-92100 0
-92000 1
-91900 0
-91800 1
-91700 0
-91600 0
-91500 0
-91400 0
-91300 0
-91200 1
-91100 1
-91000 0
-90900 0
-90800 2
-90700 2
-90600 0
-90500 1
-90400 0
-90300 3
-90200 23
-90100 36
-90000 12
-89900 0
-89800 1
-89700 0
-89600 0
-89500 0
-89400 0
-89300 0
-89200 0
-89100 0
-89000 0
-88900 0
-88800 1
-88700 0
-88600 0
-88500 0
-88400 0
-88300 1
-88200 0
-88100 1
-88000 1
-87900 0
-87800 0
-87700 1
-87600 0
-87500 0
-87400 0
-87300 0
-87200 0
-87100 0
-87000 0
-86900 0
-86800 0
-86700 0
-86600 0
-86500 0
-86400 0
-86300 0
-86200 0
-86100 0
-86000 1
-85900 0
-85800 0
-85700 0
-85600 0
-85500 0
-85400 1
-85300 0
-85200 2
-85100 0
-85000 0
-84900 0
-84800 1
-84700 0
-84600 0
-84500 0
-84400 0
-84300 0
-84200 0
-84100 0
-84000 0
-83900 0
-83800 0
-83700 0
-83600 2
-83500 1
-83400 1
-83300 0
-83200 0
-83100 0
-83000 0
-82900 0
-82800 0
-82700 1
-82600 1
-82500 1
-82400 6
-82300 8
-82200 10
-82100 126
-82000 1283
-81900 3931
-81800 3369
-81700 736
-81600 58
-81500 8
-81400 4
-81300 5
-81200 2
-81100 0
-81000 0
-80900 0
-80800 0
-80700 0
-80600 1
-80500 0
-80400 0
-80300 2
-80200 0
-80100 0
-80000 1
-79900 0
-79800 0
-79700 1
-79600 0
-79500 1
-79400 0
-79300 0
-79200 0
-79100 0
-79000 0
-78900 0
-78800 0
-78700 0
-78600 0
-78500 1
-78400 1
-78300 0
-78200 0
-78100 1
-78000 0
-77900 0
-77800 0
-77700 0
-77600 0
-77500 0
-77400 0
-77300 0
-77200 1
-77100 21
-77000 41
-76900 14
-76800 5
-76700 4
-76600 1
-76500 1
-76400 1
-76300 0
-76200 1
-76100 1
-76000 1
-75900 0
-75800 0
-75700 0
-75600 2
-75500 0
-75400 0
-75300 0
-75200 0
-75100 0
-75000 0
-74900 0
-74800 0
-74700 0
-74600 1
-74500 0
-74400 0
-74300 0
-74200 0
-74100 1
-74000 0
-73900 0
-73800 1
-73700 0
-73600 0
-73500 1
-73400 0
-73300 0
-73200 0
-73100 1
-73000 0
-72900 1
-72800 0
-72700 0
-72600 0
-72500 0
-72400 0
-72300 1
-72200 0
-72100 0
-72000 2
-71900 0
-71800 1
-71700 0
-71600 1
-71500 0
-71400 0
-71300 0
-71200 0
-71100 0
-71000 0
-70900 0
-70800 0
-70700 0
-70600 0
-70500 0
-70400 2
-70300 1
-70200 1
-70100 0
-70000 0
-69900 1
-69800 0
-69700 0
-69600 1
-69500 1
-69400 2
-69300 1
-69200 5
-69100 10
-69000 124
-68900 1094
-68800 3824
-68700 3538
-68600 904
-68500 87
-68400 6
-68300 5
-68200 4
-68100 0
-68000 0
-67900 0
-67800 0
-67700 0
-67600 0
-67500 0
-67400 0
-67300 0
-67200 2
-67100 1
-67000 0
-66900 0
-66800 1
-66700 1
-66600 0
-66500 0
-66400 1
-66300 1
-66200 0
-66100 0
-66000 0
-65900 0
-65800 0
-65700 1
-65600 0
-65500 0
-65400 0
-65300 0
-65200 2
-65100 1
-65000 0
-64900 1
-64800 0
-64700 0
-64600 1
-64500 0
-64400 1
-64300 0
-64200 1
-64100 1
-64000 14
-63900 25
-63800 30
-63700 5
-63600 0
-63500 1
-63400 1
-63300 1
-63200 0
-63100 0
-63000 0
-62900 0
-62800 0
-62700 0
-62600 0
-62500 1
-62400 0
-62300 0
-62200 0
-62100 0
-62000 1
-61900 0
-61800 0
-61700 1
-61600 0
-61500 0
-61400 1
-61300 0
-61200 0
-61100 1
-61000 0
-60900 0
-60800 0
-60700 1
-60600 0
-60500 1
-60400 0
-60300 0
-60200 0
-60100 1
-60000 0
-59900 0
-59800 0
-59700 0
-59600 0
-59500 0
-59400 0
-59300 0
-59200 0
-59100 1
-59000 2
-58900 0
-58800 0
-58700 0
-58600 0
-58500 0
-58400 0
-58300 0
-58200 1
-58100 1
-58000 0
-57900 1
-57800 0
-57700 0
-57600 0
-57500 0
-57400 0
-57300 0
-57200 2
-57100 0
-57000 0
-56900 0
-56800 1
-56700 0
-56600 1
-56500 0
-56400 0
-56300 2
-56200 1
-56100 3
-56000 10
-55900 71
-55800 703
-55700 3195
-55600 3952
-55500 1468
-55400 171
-55300 12
-55200 4
-55100 3
-55000 1
-54900 0
-54800 0
-54700 1
-54600 2
-54500 0
-54400 0
-54300 0
-54200 1
-54100 0
-54000 1
-53900 0
-53800 1
-53700 0
-53600 1
-53500 0
-53400 0
-53300 1
-53200 0
-53100 1
-53000 0
-52900 0
-52800 1
-52700 0
-52600 0
-52500 1
-52400 0
-52300 0
-52200 0
-52100 0
-52000 0
-51900 1
-51800 0
-51700 0
-51600 0
-51500 1
-51400 0
-51300 0
-51200 0
-51100 0
-51000 0
-50900 4
-50800 15
-50700 31
-50600 15
-50500 2
-50400 1
-50300 0
-50200 0
-50100 1
-50000 0
-49900 0
-49800 0
-49700 1
-49600 0
-49500 0
-49400 0
-49300 0
-49200 1
-49100 0
-49000 0
-48900 0
-48800 0
-48700 0
-48600 0
-48500 0
-48400 0
-48300 0
-48200 0
-48100 0
-48000 1
-47900 0
-47800 1
-47700 0
-47600 0
-47500 1
-47400 1
-47300 0
-47200 0
-47100 0
-47000 1
-46900 0
-46800 0
-46700 1
-46600 0
-46500 0
-46400 0
-46300 0
-46200 1
-46100 0
-46000 0
-45900 0
-45800 1
-45700 1
-45600 1
-45500 0
-45400 0
-45300 0
-45200 0
-45100 0
-45000 1
-44900 0
-44800 1
-44700 0
-44600 0
-44500 0
-44400 0
-44300 0
-44200 1
-44100 1
-44000 2
-43900 1
-43800 1
-43700 0
-43600 0
-43500 0
-43400 0
-43300 0
-43200 1
-43100 3
-43000 3
-42900 16
-42800 46
-42700 193
-42600 1453
-42500 4039
-42400 3075
-42300 669
-42200 33
-42100 5
-42000 7
-41900 2
-41800 3
-41700 1
-41600 0
-41500 1
-41400 1
-41300 0
-41200 1
-41100 2
-41000 0
-40900 3
-40800 2
-40700 0
-40600 0
-40500 0
-40400 1
-40300 0
-40200 1
-40100 1
-40000 0
-39900 0
-39800 0
-39700 0
-39600 0
-39500 0
-39400 0
-39300 0
-39200 0
-39100 0
-39000 1
-38900 1
-38800 0
-38700 1
-38600 1
-38500 0
-38400 0
-38300 1
-38200 0
-38100 1
-38000 0
-37900 1
-37800 1
-37700 14
-37600 42
-37500 18
-37400 3
-37300 2
-37200 0
-37100 0
-37000 0
-36900 0
-36800 0
-36700 1
-36600 1
-36500 0
-36400 0
-36300 0
-36200 1
-36100 0
-36000 0
-35900 0
-35800 0
-35700 1
-35600 0
-35500 0
-35400 0
-35300 0
-35200 0
-35100 0
-35000 0
-34900 0
-34800 0
-34700 0
-34600 0
-34500 1
-34400 1
-34300 0
-34200 0
-34100 0
-34000 0
-33900 0
-33800 1
-33700 0
-33600 0
-33500 0
-33400 0
-33300 1
-33200 0
-33100 0
-33000 0
-32900 0
-32800 0
-32700 1
-32600 1
-32500 0
-32400 1
-32300 0
-32200 0
-32100 0
-32000 0
-31900 0
-31800 0
-31700 1
-31600 0
-31500 0
-31400 1
-31300 1
-31200 0
-31100 0
-31000 0
-30900 0
-30800 0
-30700 0
-30600 0
-30500 0
-30400 0
-30300 0
-30200 1
-30100 2
-30000 4
-29900 17
-29800 26
-29700 38
-29600 77
-29500 775
-29400 3309
-29300 3872
-29200 1241
-29100 104
-29000 15
-28900 1
-28800 2
-28700 3
-28600 1
-28500 0
-28400 0
-28300 1
-28200 1
-28100 0
-28000 0
-27900 0
-27800 1
-27700 1
-27600 1
-27500 0
-27400 0
-27300 0
-27200 0
-27100 0
-27000 0
-26900 0
-26800 0
-26700 0
-26600 0
-26500 0
-26400 0
-26300 0
-26200 0
-26100 1
-26000 1
-25900 0
-25800 0
-25700 0
-25600 0
-25500 0
-25400 0
-25300 0
-25200 0
-25100 0
-25000 0
-24900 0
-24800 0
-24700 3
-24600 10
-24500 29
-24400 26
-24300 4
-24200 0
-24100 1
-24000 1
-23900 0
-23800 0
-23700 0
-23600 0
-23500 0
-23400 0
-23300 0
-23200 0
-23100 0
-23000 1
-22900 2
-22800 0
-22700 1
-22600 0
-22500 0
-22400 0
-22300 0
-22200 0
-22100 0
-22000 0
-21900 0
-21800 0
-21700 1
-21600 0
-21500 0
-21400 0
-21300 1
-21200 0
-21100 0
-21000 0
-20900 0
-20800 0
-20700 0
-20600 0
-20500 0
-20400 1
-20300 0
-20200 0
-20100 0
-20000 0
-19900 0
-19800 0
-19700 1
-19600 0
-19500 0
-19400 0
-19300 0
-19200 0
-19100 0
-19000 1
-18900 0
-18800 0
-18700 1
-18600 1
-18500 0
-18400 0
-18300 0
-18200 0
-18100 0
-18000 0
-17900 3
-17800 1
-17700 1
-17600 0
-17500 0
-17400 0
-17300 0
-17200 0
-17100 0
-17000 0
-16900 1
-16800 2
-16700 10
-16600 12
-16500 131
-16400 1121
-16300 3567
-16200 3426
-16100 902
-16000 102
-15900 5
-15800 3
-15700 3
-15600 0
-15500 0
-15400 1
-15300 0
-15200 0
-15100 0
-15000 1
-14900 0
-14800 2
-14700 2
-14600 0
-14500 0
-14400 1
-14300 0
-14200 0
-14100 1
-14000 0
-13900 1
-13800 0
-13700 0
-13600 0
-13500 0
-13400 1
-13300 0
-13200 0
-13100 0
-13000 0
-12900 0
-12800 1
-12700 0
-12600 0
-12500 0
-12400 0
-12300 1
-12200 0
-12100 0
-12000 0
-11900 0
-11800 0
-11700 1
-11600 0
-11500 6
-11400 28
-11300 23
-11200 3
-11100 0
-11000 1
-10900 0
-10800 0
-10700 1
-10600 0
-10500 0
-10400 0
-10300 0
-10200 0
-10100 0
-10000 0
-9900 0
-9800 0
-9700 0
-9600 0
-9500 0
-9400 0
-9300 0
-9200 0
-9100 0
-9000 0
-8900 0
-8800 0
-8700 0
-8600 0
-8500 0
-8400 1
-8300 0
-8200 0
-8100 0
-8000 0
-7900 0
-7800 1
-7700 0
-7600 0
-7500 2
-7400 1
-7300 1
-7200 0
-7100 0
-7000 1
-6900 0
-6800 1
-6700 0
-6600 0
-6500 2
-6400 0
-6300 0
-6200 0
-6100 1
-6000 0
-5900 0
-5800 0
-5700 0
-5600 0
-5500 0
-5400 0
-5300 0
-5200 0
-5100 0
-5000 1
-4900 0
-4800 1
-4700 0
-4600 0
-4500 0
-4400 1
-4300 0
-4200 0
-4100 0
-4000 0
-3900 1
-3800 2
-3700 2
-3600 3
-3500 8
-3400 20
-3300 183
-3200 1618
-3100 4193
-3000 2931
-2900 567
-2800 32
-2700 6
-2600 1
-2500 5
-2400 0
-2300 0
-2200 0
-2100 1
-2000 0
-1900 0
-1800 0
-1700 0
-1600 0
-1500 1
-1400 2
-1300 1
-1200 0
-1100 0
-1000 0
-900 1
-800 0
-700 0
-600 2
-500 0
-400 0
-300 0
-200 0
-100 0
0 0
100 1
200 0
300 0
400 0
500 0
600 1
700 0
800 0
900 1
1000 0
1100 0
1200 0
1300 0
1400 1
1500 0
1600 2
1700 12
1800 26
1900 20
2000 1
2100 0
2200 1
2300 0
2400 0
2500 0
2600 0
2700 1
2800 0
2900 0
3000 0
3100 1
3200 0
3300 0
3400 1
3500 0
3600 0
3700 0
3800 0
3900 0
4000 0
4100 1
4200 0
4300 0
4400 0
4500 1
4600 0
4700 0
4800 0
4900 0
5000 0
5100 1
5200 0
5300 1
5400 0
5500 0
5600 1
5700 0
5800 0
5900 0
6000 1
6100 0
6200 1
6300 0
6400 1
6500 1
6600 0
6700 0
6800 1
6900 0
7000 0
7100 0
7200 1
7300 0
7400 2
7500 0
7600 0
7700 0
7800 0
7900 0
8000 1
8100 0
8200 0
8300 0
8400 4
8500 2
8600 1
8700 0
8800 1
8900 0
9000 0
9100 0
9200 2
9300 5
9400 9
9500 23
9600 35
9700 82
9800 362
9900 4506
10000 27134
10100 46674
10200 22024
10300 3205
10400 240
10500 41
10600 40
10700 27
10800 6
10900 1
11000 0
11100 3
11200 0
11300 0
11400 0
11500 2
11600 1
11700 0
11800 0
11900 1
12000 1
12100 0
12200 1
12300 0
12400 0
12500 0
12600 0
12700 0
12800 0
12900 1
13000 0
13100 1
13200 0
13300 1
13400 0
13500 0
13600 1
13700 0
13800 0
13900 0
14000 1
14100 0
14200 0
14300 0
14400 1
14500 0
14600 1
14700 0
14800 3
14900 18
15000 29
15100 11
15200 3
15300 1
15400 1
15500 0
15600 1
15700 0
15800 0
15900 0
16000 0
16100 0
16200 0
16300 1
16400 0
16500 1
16600 0
16700 0
16800 0
16900 0
17000 0
17100 0
17200 0
17300 0
17400 0
17500 0
17600 0
17700 0
17800 1
17900 0
18000 0
18100 0
18200 1
18300 0
18400 0
18500 0
18600 0
18700 0
18800 0
18900 2
19000 1
19100 0
19200 1
19300 1
19400 0
19500 0
19600 0
19700 0
19800 0
19900 1
20000 0
20100 0
20200 0
20300 1
20400 0
20500 2
20600 1
20700 1
20800 0
20900 1
21000 0
21100 0
21200 1
21300 0
21400 1
21500 0
21600 3
21700 2
21800 0
21900 0
22000 0
22100 0
22200 0
22300 0
22400 0
22500 0
22600 3
22700 3
22800 7
22900 13
23000 194
23100 1504
23200 4082
23300 2918
23400 623
23500 44
23600 1
23700 7
23800 5
23900 0
24000 0
24100 0
24200 1
24300 1
24400 1
24500 0
24600 0
24700 0
24800 2
24900 0
25000 0
25100 0
25200 1
25300 0
25400 0
25500 0
25600 0
25700 0
25800 0
25900 0
26000 0
26100 0
26200 0
26300 0
26400 1
26500 0
26600 1
26700 2
26800 2
26900 0
27000 0
27100 0
27200 1
27300 0
27400 0
27500 0
27600 0
27700 0
27800 2
27900 5
28000 19
28100 28
28200 11
28300 1
28400 0
28500 0
28600 1
28700 0
28800 0
28900 0
29000 1
29100 0
29200 0
29300 0
29400 0
29500 0
29600 1
29700 0
29800 0
29900 0
30000 0
30100 1
30200 0
30300 0
30400 0
30500 0
30600 1
30700 1
30800 0
30900 1
31000 0
31100 0
31200 0
31300 0
31400 1
31500 1
31600 0
31700 2
31800 0
31900 0
32000 1
32100 0
32200 1
32300 0
32400 0
32500 2
32600 0
32700 1
32800 1
32900 2
33000 1
33100 0
33200 0
33300 0
33400 0
33500 0
33600 0
33700 0
33800 0
33900 0
34000 0
34100 0
34200 0
34300 0
34400 0
34500 0
34600 0
34700 3
34800 2
34900 0
35000 0
35100 0
35200 0
35300 0
35400 0
35500 2
35600 1
35700 5
35800 7
35900 5
36000 17
36100 243
36200 1823
36300 4270
36400 2683
36500 544
36600 31
36700 3
36800 5
36900 4
37000 0
37100 0
37200 0
37300 0
37400 1
37500 1
37600 0
37700 0
37800 2
37900 2
38000 1
38100 0
38200 0
38300 0
38400 0
38500 0
38600 1
38700 0
38800 1
38900 1
39000 2
39100 0
39200 0
39300 0
39400 0
39500 1
39600 1
39700 0
39800 2
39900 0
40000 1
40100 1
40200 0
40300 0
40400 0
40500 1
40600 0
40700 0
40800 0
40900 0
41000 3
41100 9
41200 32
41300 12
41400 5
41500 1
41600 0
41700 0
41800 0
41900 0
42000 1
42100 0
42200 0
42300 2
42400 0
42500 0
42600 0
42700 1
42800 0
42900 0
43000 1
43100 0
43200 0
43300 0
43400 0
43500 0
43600 0
43700 0
43800 0
43900 1
44000 1
44100 0
44200 0
44300 1
44400 1
44500 0
44600 0
44700 0
44800 0
44900 0
45000 0
45100 0
45200 0
45300 0
45400 1
45500 0
45600 1
45700 0
45800 1
45900 0
46000 1
46100 0
46200 0
46300 0
46400 1
46500 1
46600 0
46700 0
46800 1
46900 0
47000 0
47100 0
47200 1
47300 0
47400 0
47500 0
47600 0
47700 1
47800 3
47900 0
48000 0
48100 1
48200 0
48300 0
48400 0
48500 0
48600 0
48700 0
48800 3
48900 3
49000 5
49100 5
49200 61
49300 660
49400 3060
49500 4142
49600 1498
49700 166
49800 31
49900 30
50000 41
50100 18
50200 1
50300 2
50400 0
50500 0
50600 1
50700 0
50800 0
50900 3
51000 2
51100 3
51200 2
51300 0
51400 0
51500 0
51600 0
51700 0
51800 0
51900 0
52000 0
52100 0
52200 0
52300 0
52400 0
52500 0
52600 0
52700 1
52800 0
52900 0
53000 0
53100 1
53200 0
53300 1
53400 0
53500 0
53600 0
53700 0
53800 0
53900 0
54000 1
54100 3
54200 58
54300 248
54400 317
54500 103
54600 9
54700 4
54800 1
54900 1
55000 0
55100 1
55200 0
55300 1
55400 0
55500 0
55600 0
55700 0
55800 0
55900 0
56000 0
56100 0
56200 0
56300 0
56400 1
56500 0
56600 0
56700 0
56800 1
56900 0
57000 0
57100 0
57200 0
57300 1
57400 0
57500 0
57600 0
57700 0
57800 0
57900 1
58000 0
58100 0
58200 0
58300 0
58400 0
58500 0
58600 0
58700 0
58800 0
58900 0
59000 0
59100 0
59200 0
59300 3
59400 0
59500 0
59600 1
59700 0
59800 0
59900 1
60000 0
60100 0
60200 0
60300 0
60400 0
60500 1
60600 0
60700 0
60800 1
60900 0
61000 4
61100 1
61200 0
61300 0
61400 0
61500 0
61600 0
61700 0
61800 0
61900 0
62000 4
62100 2
62200 3
62300 22
62400 221
62500 1764
62600 4128
62700 2779
62800 545
62900 72
63000 19
63100 2
63200 2
63300 2
63400 0
63500 0
63600 0
63700 2
63800 1
63900 0
64000 0
64100 1
64200 1
64300 1
64400 0
64500 0
64600 0
64700 0
64800 0
64900 0
65000 0
65100 0
65200 1
65300 0
65400 1
65500 1
65600 0
65700 0
65800 0
65900 0
66000 0
66100 0
66200 0
66300 0
66400 0
66500 0
66600 0
66700 0
66800 0
66900 2
67000 0
67100 0
67200 0
67300 0
67400 18
67500 29
67600 16
67700 4
67800 0
67900 3
68000 0
68100 1
68200 0
68300 2
68400 1
68500 0
68600 0
68700 0
68800 0
68900 0
69000 0
69100 1
69200 1
69300 0
69400 1
69500 0
69600 1
69700 0
69800 0
69900 0
70000 0
70100 1
70200 0
70300 0
70400 0
70500 0
70600 0
70700 0
70800 0
70900 0
71000 1
71100 0
71200 1
71300 0
71400 2
71500 0
71600 1
71700 0
71800 0
71900 3
72000 1
72100 0
72200 1
72300 1
72400 2
72500 1
72600 1
72700 1
72800 0
72900 0
73000 0
73100 0
73200 0
73300 0
73400 0
73500 0
73600 0
73700 0
73800 1
73900 1
74000 0
74100 3
74200 3
74300 0
74400 0
74500 0
74600 0
74700 0
74800 0
74900 0
75000 1
75100 0
75200 2
75300 5
75400 16
75500 161
75600 1387
75700 4080
75800 3152
75900 702
76000 79
76100 5
76200 4
76300 3
76400 0
76500 0
76600 1
76700 2
76800 1
76900 0
77000 0
77100 0
77200 0
77300 4
77400 2
77500 0
77600 1
77700 1
77800 1
77900 0
78000 0
78100 0
78200 0
78300 1
78400 0
78500 0
78600 1
78700 0
78800 0
78900 0
79000 0
79100 0
79200 0
79300 0
79400 1
79500 0
79600 0
79700 0
79800 0
79900 0
80000 1
80100 0
80200 0
80300 0
80400 4
80500 16
80600 28
80700 17
80800 4
80900 1
81000 0
81100 0
81200 0
81300 0
81400 0
81500 0
81600 0
81700 0
81800 1
81900 0
82000 0
82100 0
82200 0
82300 0
82400 1
82500 0
82600 0
82700 0
82800 1
82900 0
83000 0
83100 0
83200 0
83300 0
83400 0
83500 0
83600 0
83700 1
83800 0
83900 0
84000 1
84100 1
84200 0
84300 0
84400 0
84500 0
84600 0
84700 0
84800 0
84900 0
85000 0
85100 0
85200 0
85300 0
85400 0
85500 2
85600 1
85700 1
85800 0
85900 0
86000 0
86100 0
86200 0
86300 1
86400 0
86500 0
86600 0
86700 1
86800 1
86900 0
87000 0
87100 0
87200 0
87300 2
87400 0
87500 0
87600 0
87700 0
87800 0
87900 0
88000 0
88100 0
88200 0
88300 2
88400 2
88500 8
88600 74
88700 814
88800 3434
88900 3920
89000 1181
89100 142
89200 9
89300 5
89400 5
89500 2
89600 1
89700 1
89800 0
89900 0
90000 0
90100 1
90200 0
90300 2
90400 1
90500 1
90600 0
90700 0
90800 0
90900 0
91000 0
91100 0
91200 2
91300 0
91400 1
91500 0
91600 0
91700 0
91800 1
91900 1
92000 1
92100 0
92200 0
92300 0
92400 0
92500 0
92600 1
92700 0
92800 0
92900 0
93000 0
93100 0
93200 0
93300 0
93400 1
93500 0
93600 3
93700 28
93800 28
93900 10
94000 0
94100 1
94200 2
94300 0
94400 0
94500 0
94600 1
94700 0
94800 0
94900 0
95000 0
95100 1
95200 0
95300 0
95400 0
95500 0
95600 1
95700 0
95800 1
95900 0
96000 1
96100 0
96200 0
96300 0
96400 0
96500 0
96600 0
96700 0
96800 0
96900 0
97000 0
97100 0
97200 1
97300 1
97400 0
97500 0
97600 0
97700 0
97800 0
97900 0
98000 0
98100 1
98200 0
98300 1
98400 1
98500 3
98600 15
98700 4
98800 2
98900 0
99000 0
99100 0
99200 0
99300 0
99400 0
99500 1
99600 0
99700 0
99800 0
99900 0
100000 1
100100 0
100200 0
100300 0
100400 0
100500 1
100600 1
100700 1
100800 0
100900 0
101000 0
101100 0
101200 0
101300 2
101400 2
101500 3
101600 4
101700 19
101800 269
101900 1993
102000 4450
102100 2517
102200 442
102300 34
102400 6
102500 4
102600 1
102700 1
102800 1
102900 0
103000 0
103100 1
103200 0
103300 0
103400 0
103500 1
103600 1
103700 0
103800 0
103900 1
104000 0
104100 0
104200 0
104300 1
104400 0
104500 1
104600 0
104700 0
104800 0
104900 0
105000 1
105100 0
105200 0
105300 0
105400 1
105500 0
105600 0
105700 0
105800 0
105900 0
106000 0
106100 0
106200 0
106300 0
106400 0
106500 0
106600 0
106700 1
106800 16
106900 34
107000 21
107100 3
107200 1
107300 0
107400 1
107500 0
107600 0
107700 1
107800 0
107900 0
108000 0
108100 0
108200 0
108300 0
108400 1
108500 0
108600 0
108700 0
108800 0
108900 0
109000 0
109100 0
109200 0
109300 1
109400 0
109500 1
109600 0
109700 0
109800 0
109900 0
110000 1
110100 0
110200 1
110300 1
110400 0
110500 0
110600 0
110700 0
110800 0
110900 0
111000 0
111100 0
111200 1
111300 1
111400 0
111500 0
111600 0
111700 2
111800 1
111900 3
112000 0
112100 0
112200 0
112300 0
112400 0
112500 1
112600 0
112700 0
112800 0
112900 0
113000 0
113100 0
113200 1
113300 0
113400 1
113500 2
113600 1
113700 2
113800 0
113900 0
114000 0
114100 1
114200 0
114300 0
114400 1
114500 2
114600 3
114700 7
114800 13
114900 110
115000 1266
115100 3907
115200 3503
115300 829
115400 78
115500 7
115600 7
115700 3
115800 5
115900 0
116000 0
116100 0
116200 0
116300 0
116400 0
116500 0
116600 0
116700 1
116800 1
116900 0
117000 1
117100 1
117200 0
117300 0
117400 0
117500 0
117600 0
117700 1
117800 1
117900 0
118000 1
118100 0
118200 0
118300 0
118400 0
118500 0
118600 0
118700 0
118800 0
118900 1
119000 1
119100 0
119200 0
119300 0
119400 0
119500 1
119600 1
119700 0
119800 1
119900 11
120000 35
120100 20
120200 3
120300 1
120400 1
120500 0
120600 1
120700 0
120800 0
120900 0
121000 0
121100 0
121200 0
121300 0
121400 0
121500 0
121600 0
121700 0
121800 0
121900 0
122000 0
122100 1
122200 0
122300 0
122400 0
122500 0
122600 0
122700 0
122800 1
122900 0
123000 0
123100 1
123200 0
123300 0
123400 0
123500 1
123600 0
123700 0
123800 0
123900 1
124000 0
124100 0
124200 1
124300 0
124400 1
124500 0
124600 1
124700 1
124800 0
124900 1
125000 1
125100 2
125200 0
125300 0
125400 0
125500 1
125600 0
125700 0
125800 0
125900 1
126000 1
126100 1
126200 0
126300 0
126400 0
126500 2
126600 1
126700 1
126800 0
126900 0
127000 0
127100 0
127200 0
127300 0
127400 0
127500 0
127600 1
127700 1
127800 2
127900 9
128000 58
128100 642
128200 3004
128300 4147
128400 1560
128500 206
128600 16
128700 4
128800 3
128900 1
129000 1
129100 1
129200 0
129300 0
129400 0
129500 0
129600 0
129700 0
129800 3
129900 2
130000 0
130100 0
130200 0
130300 0
130400 0
130500 0
130600 0
130700 0
130800 0
130900 0
131000 0
131100 0
131200 0
131300 0
131400 0
131500 0
131600 0
131700 1
131800 0
131900 1
132000 0
132100 0
132200 2
132300 0
132400 1
132500 1
132600 0
132700 0
132800 0
132900 1
133000 4
133100 18
133200 31
133300 11
133400 1
133500 2
133600 1
133700 1
133800 0
133900 0
134000 0
134100 0
134200 0
134300 0
134400 0
134500 0
134600 1
134700 1
134800 0
134900 0
135000 0
135100 2
135200 0
135300 0
135400 1
135500 0
135600 0
135700 0
135800 0
135900 1
136000 0
136100 0
136200 0
136300 0
136400 0
136500 0
136600 0
136700 1
136800 0
136900 0
137000 0
137100 0
137200 1
137300 0
137400 0
137500 0
137600 0
137700 0
137800 0
137900 2
138000 1
138100 1
138200 0
138300 0
138400 0
138500 2
138600 0
138700 0
138800 0
138900 1
139000 0
139100 0
139200 0
139300 0
139400 0
139500 0
139600 0
139700 1
139800 1
139900 0
140000 1
140100 0
140200 0
140300 0
140400 2
140500 0
140600 0
140700 0
140800 1
140900 3
141000 12
141100 24
141200 295
141300 1858
141400 4330
141500 2677
141600 471
141700 33
141800 3
141900 2
142000 1
142100 1
142200 0
142300 0
142400 0
142500 0
142600 0
142700 0
142800 1
142900 0
143000 1
143100 1
143200 0
143300 1
143400 0
143500 0
143600 1
143700 1
143800 1
143900 0
144000 0
144100 0
144200 0
144300 0
144400 0
144500 0
144600 0
144700 0
144800 0
144900 0
145000 0
145100 0
145200 0
145300 0
145400 0
145500 0
145600 0
145700 0
145800 1
145900 0
146000 0
146100 3
146200 18
146300 30
146400 19
146500 7
146600 0
146700 0
146800 1
146900 0
147000 0
147100 0
147200 0
147300 0
147400 0
147500 0
147600 0
147700 0
147800 1
147900 0
148000 0
148100 0
148200 0
148300 0
148400 0
148500 0
148600 1
148700 1
148800 0
148900 0
149000 2
149100 0
149200 1
149300 0
149400 1
149500 0
149600 0
149700 0
149800 0
149900 0
150000 1
150100 0
150200 0
150300 0
150400 0
150500 1
150600 0
150700 0
150800 1
150900 0
151000 1
151100 2
151200 1
151300 1
151400 0
151500 0
151600 0
151700 0
151800 0
151900 1
152000 0
152100 0
152200 0
152300 0
152400 0
152500 1
152600 0
152700 0
152800 0
152900 1
153000 1
153100 2
153200 0
153300 1
153400 1
153500 1
153600 0
153700 1
153800 0
153900 1
154000 1
154100 5
154200 11
154300 99
154400 1011
154500 3543
154600 3690
154700 1072
154800 91
154900 11
155000 3
155100 2
155200 1
155300 0
155400 1
155500 0
155600 0
155700 0
155800 1
155900 0
156000 0
156100 1
156200 1
156300 2
156400 0
156500 0
156600 0
156700 0
156800 0
156900 0
157000 0
157100 0
157200 1
157300 0
157400 0
157500 0
157600 0
157700 0
157800 0
157900 0
158000 0
158100 0
158200 1
158300 0
158400 0
158500 0
158600 0
158700 0
158800 0
158900 0
159000 0
159100 0
159200 0
159300 8
159400 26
159500 27
159600 5
159700 0
159800 0
159900 0
160000 0
160100 1
160200 0
160300 0
160400 0
160500 1
160600 0
160700 0
160800 0
160900 0
161000 0
161100 0
161200 0
161300 0
161400 1
161500 0
161600 1
161700 0
161800 1
161900 0
162000 0
162100 0
162200 0
162300 1
162400 0
162500 0
162600 2
162700 0
162800 0
162900 0
163000 0
163100 0
163200 0
163300 1
163400 0
163500 1
163600 0
163700 0
163800 0
163900 1
164000 0
164100 0
164200 2
164300 0
164400 1
164500 1
164600 1
164700 0
164800 0
164900 1
165000 0
165100 1
165200 0
165300 0
165400 0
165500 0
165600 0
165700 0
165800 0
165900 1
166000 0
166100 2
166200 2
166300 0
166400 0
166500 0
166600 0
166700 2
166800 0
166900 0
167000 1
167100 6
167200 4
167300 12
167400 50
167500 510
167600 2737
167700 4253
167800 1772
167900 284
168000 15
168100 6
168200 5
168300 0
168400 0
168500 1
168600 1
168700 1
168800 1
168900 0
169000 0
169100 2
169200 2
169300 2
169400 2
169500 0
169600 0
169700 1
169800 0
169900 0
170000 0
170100 0
170200 0
170300 0
170400 0
170500 1
170600 1
170700 1
170800 0
170900 0
171000 0
171100 0
171200 0
171300 0
171400 0
171500 0
171600 0
171700 2
171800 0
171900 0
172000 2
172100 0
172200 1
172300 0
172400 6
172500 21
172600 28
172700 11
172800 3
172900 0
173000 0
173100 1
173200 1
173300 0
173400 0
173500 0
173600 0
173700 0
173800 0
173900 0
174000 0
174100 0
174200 0
174300 0
174400 0
174500 0
174600 0
174700 0
174800 1
174900 0
175000 0
175100 0
175200 0
175300 0
175400 0
175500 2
175600 0
175700 0
175800 0
175900 0
176000 1
176100 0
176200 0
176300 0
176400 0
176500 0
176600 0
176700 3
176800 1
176900 0
177000 0
177100 0
177200 1
177300 1
177400 0
177500 2
177600 0
177700 2
177800 1
177900 1
178000 1
178100 0
178200 0
178300 2
178400 1
178500 0
178600 0
178700 0
178800 0
178900 0
179000 0
179100 0
179200 0
179300 2
179400 0
179500 1
179600 0
179700 0
179800 0
179900 0
180000 3
180100 0
180200 1
180300 1
180400 8
180500 18
180600 228
180700 1687
180800 4202
180900 2951
181000 556
181100 63
181200 6
181300 4
181400 1
181500 1
181600 0
181700 0
181800 0
181900 0
182000 0
182100 0
182200 1
182300 3
182400 11
182500 6
182600 3
182700 0
182800 0
182900 1
183000 0
183100 0
183200 0
183300 0
183400 0
183500 0
183600 0
183700 1
183800 0
183900 0
184000 0
184100 1
184200 1
184300 0
184400 0
184500 0
184600 2
184700 0
184800 0
184900 1
185000 0
185100 0
185200 1
185300 0
185400 0
185500 3
185600 8
185700 35
185800 16
185900 1
186000 0
186100 0
186200 0
186300 1
186400 0
186500 2
186600 0
186700 1
186800 0
186900 0
187000 0
187100 0
187200 0
187300 0
187400 0
187500 0
187600 0
187700 0
187800 0
187900 0
188000 0
188100 0
188200 0
188300 0
188400 1
188500 0
188600 0
188700 0
188800 0
188900 1
189000 0
189100 1
189200 0
189300 0
189400 0
189500 0
189600 0
189700 0
189800 1
189900 0
190000 0
190100 0
190200 0
190300 0
190400 0
190500 1
190600 1
190700 0
190800 0
190900 0
191000 0
191100 0
191200 0
191300 0
191400 0
191500 0
191600 1
191700 1
191800 0
191900 0
192000 1
192100 0
192200 0
192300 1
192400 1
192500 0
192600 0
192700 0
192800 0
192900 1
193000 0
193100 0
193200 1
193300 2
193400 8
193500 3
193600 13
193700 87
193800 858
193900 3322
194000 3868
194100 1314
194200 144
194300 14
194400 4
194500 2
194600 2
194700 2
194800 0
194900 0
195000 0
195100 0
195200 0
195300 0
195400 2
195500 0
195600 2
195700 0
195800 0
195900 0
196000 0
196100 1
196200 0
196300 0
196400 0
196500 1
196600 1
196700 1
196800 0
196900 0
197000 0
197100 0
197200 1
197300 0
197400 1
197500 0
197600 1
197700 0
197800 0
197900 0
198000 1
198100 0
198200 0
198300 0
198400 0
198500 3
198600 1
198700 3
198800 23
198900 23
199000 6
199100 0
199200 2
199300 0
199400 0
199500 1
199600 0
199700 0
199800 1
199900 0
200000 2
200100 1
200200 0
200300 0
200400 0
200500 0
200600 0
200700 0
200800 0
200900 0
201000 0
201100 0
201200 2
201300 0
201400 0
201500 0
201600 0
201700 1
201800 1
201900 0
202000 0
202100 0
202200 0
202300 0
202400 1
202500 0
202600 2
202700 1
202800 0
202900 1
203000 0
203100 0
203200 1
203300 0
203400 0
203500 0
203600 0
203700 0
203800 0
203900 0
204000 0
204100 0
204200 0
204300 0
204400 0
204500 1
204600 0
204700 0
204800 0
204900 0
205000 0
205100 0
205200 2
205300 0
205400 0
205500 2
205600 0
205700 1
205800 1
205900 0
206000 0
206100 0
206200 0
206300 0
206400 1
206500 0
206600 3
206700 5
206800 45
206900 445
207000 2581
207100 4232
207200 1996
207300 288
207400 26
207500 5
207600 1
207700 0
207800 0
207900 0
208000 0
208100 1
208200 0
208300 0
208400 0
208500 0
208600 2
208700 1
208800 0
208900 0
209000 1
209100 1
209200 2
209300 0
209400 0
209500 0
209600 1
209700 0
209800 1
209900 0
210000 0
210100 0
210200 0
210300 0
210400 0
210500 1
210600 0
210700 0
210800 0
210900 0
211000 1
211100 0
211200 0
211300 0
211400 0
211500 0
211600 0
211700 0
211800 6
211900 29
212000 23
212100 14
212200 1
212300 0
212400 0
212500 0
212600 0
212700 0
212800 0
212900 0
213000 1
213100 0
213200 1
213300 0
213400 1
213500 0
213600 0
213700 0
213800 1
213900 0
214000 0
214100 0
214200 0
214300 0
214400 0
214500 0
214600 0
214700 1
214800 0
214900 0
215000 0
215100 0
215200 0
215300 1
215400 0
215500 0
215600 1
215700 0
215800 0
215900 0
216000 0
216100 1
216200 1
216300 0
216400 0
216500 0
216600 0
216700 1
216800 1
216900 1
217000 0
217100 1
217200 0
217300 0
217400 0
217500 0
217600 0
217700 2
217800 0
217900 0
218000 0
218100 1
218200 0
218300 0
218400 2
218500 2
218600 2
218700 1
218800 0
218900 0
219000 0
219100 0
219200 0
219300 1
219400 1
219500 0
219600 1
219700 3
219800 8
219900 16
220000 218
220100 1591
220200 4033
220300 3124
220400 668
220500 59
220600 4
220700 5
220800 4
220900 1
221000 1
221100 1
221200 0
221300 0
221400 2
221500 0
221600 0
221700 2
221800 0
221900 0
222000 0
222100 0
222200 0
222300 2
222400 0
222500 0
222600 0
222700 0
222800 0
222900 0
223000 0
223100 0
223200 0
223300 1
223400 0
223500 0
223600 0
223700 0
223800 1
223900 0
224000 1
224100 1
224200 0
224300 1
224400 0
224500 0
224600 0
224700 1
224800 0
224900 2
225000 11
225100 41
225200 12
225300 4
225400 0
225500 1
225600 0
225700 0
225800 0
225900 0
226000 0
226100 0
226200 0
226300 0
226400 0
226500 0
226600 0
226700 2
226800 0
226900 0
227000 0
227100 1
227200 0
227300 0
227400 0
227500 0
227600 1
227700 0
227800 1
227900 0
228000 0
228100 1
228200 0
228300 0
228400 0
228500 0
228600 1
228700 1
228800 0
228900 0
229000 1
229100 0
229200 0
229300 0
229400 1
229500 0
229600 0
229700 0
229800 0
229900 0
230000 0
230100 1
230200 0
230300 1
230400 0
230500 0
230600 1
230700 0
230800 0
230900 0
231000 0
231100 0
231200 0
231300 0
231400 0
231500 0
231600 0
231700 4
231800 1
231900 0
232000 0
232100 0
232200 0
232300 0
232400 1
232500 2
232600 0
232700 0
232800 0
232900 6
233000 20
233100 125
233200 1143
233300 3676
233400 3608
233500 1050
233600 96
233700 13
233800 2
233900 6
234000 3
234100 0
234200 0
234300 0
234400 0
234500 1
234600 0
234700 0
234800 1
234900 1
235000 0
235100 1
235200 0
235300 0
235400 0
235500 0
235600 0
235700 0
235800 0
235900 0
236000 1
236100 0
236200 0
236300 0
236400 1
236500 0
236600 0
236700 0
236800 0
236900 0
237000 0
237100 0
237200 0
237300 0
237400 0
237500 0
237600 0
237700 0
237800 0
237900 1
238000 2
238100 14
238200 23
238300 17
238400 6
238500 3
238600 1
238700 0
238800 0
238900 0
239000 0
239100 0
239200 2
239300 0
239400 0
239500 1
239600 0
239700 0
239800 1
239900 0
240000 0
240100 0
240200 1
240300 0
240400 0
240500 1
240600 1
240700 0
240800 0
240900 0
241000 0
241100 1
241200 0
241300 1
241400 0
241500 1
241600 0
241700 0
241800 0
241900 0
242000 0
242100 0
242200 0
242300 0
242400 0
242500 0
242600 0
242700 1
242800 0
242900 0
243000 2
243100 0
243200 2
243300 1
243400 0
243500 0
243600 1
243700 0
243800 0
243900 1
244000 0
244100 0
244200 0
244300 0
244400 0
244500 0
244600 0
244700 0
244800 1
244900 2
245000 1
245100 2
245200 0
245300 0
245400 0
245500 0
245600 0
245700 0
245800 1
245900 2
246000 4
246100 6
246200 51
246300 490
246400 2546
246500 4028
246600 2020
246700 340
246800 33
246900 5
247000 6
247100 2
247200 1
247300 0
247400 0
247500 0
247600 0
247700 0
247800 0
247900 0
248000 0
248100 3
248200 1
248300 0
248400 0
248500 0
248600 0
248700 1
248800 0
248900 0
249000 0
249100 0
249200 1
249300 0
249400 0
249500 0
249600 0
249700 0
249800 0
249900 1
250000 0
250100 0
250200 0
250300 0
250400 1
250500 0
250600 0
250700 0
250800 0
250900 0
251000 1
251100 0
251200 4
251300 24
251400 21
251500 19
251600 2
251700 1
251800 0
251900 0
252000 0
252100 0
252200 0
252300 1
252400 0
252500 0
252600 1
252700 0
252800 2
252900 0
253000 0
253100 0
253200 0
253300 1
253400 0
253500 0
253600 0
253700 0
253800 0
253900 0
254000 0
254100 0
254200 0
254300 0
254400 0
254500 0
254600 0
254700 0
254800 0
254900 0
255000 0
255100 0
255200 0
255300 1
255400 0
255500 0
255600 0
255700 0
255800 0
255900 0
256000 0
256100 0
256200 0
256300 1
256400 0
256500 0
256600 1
256700 0
256800 0
256900 0
257000 0
257100 1
257200 1
257300 0
257400 0
257500 0
257600 0
257700 1
257800 1
257900 1
258000 3
258100 2
258200 0
258300 0
258400 0
258500 0
258600 1
258700 1
258800 0
258900 1
259000 2
259100 2
259200 6
259300 18
259400 265
259500 1633
259600 3971
259700 2890
259800 639
259900 57
260000 13
260100 2
260200 2
260300 1
260400 0
260500 0
260600 0
260700 0
260800 0
260900 0
261000 0
261100 1
261200 1
261300 1
261400 0
261500 0
261600 1
261700 0
261800 0
261900 0
262000 0
262100 1
262200 1
262300 0
262400 1
262500 0
262600 1
262700 1
262800 1
262900 0
263000 0
263100 0
263200 0
263300 0
263400 1
263500 0
263600 0
263700 0
263800 1
263900 0
264000 1
264100 1
264200 1
264300 2
264400 13
264500 37
264600 23
264700 2
264800 1
264900 0
265000 0
265100 0
265200 0
265300 0
265400 1
265500 0
265600 0
265700 1
265800 0
265900 0
266000 0
266100 0
266200 0
266300 0
266400 0
266500 0
266600 2
266700 0
266800 1
266900 1
267000 0
267100 0
267200 0
267300 1
267400 0
267500 1
267600 0
267700 1
267800 0
267900 2
268000 0
268100 0
268200 2
268300 0
268400 0
268500 0
268600 1
268700 0
268800 0
268900 0
269000 1
269100 0
269200 0
269300 2
269400 1
269500 1
269600 0
269700 1
269800 0
269900 0
270000 0
270100 0
270200 0
270300 0
270400 0
270500 0
270600 0
270700 0
270800 0
270900 0
271000 0
271100 1
271200 1
271300 0
271400 0
271500 1
271600 0
271700 0
271800 0
271900 0
272000 0
272100 1
272200 1
272300 2
272400 18
272500 106
272600 1028
272700 3504
272800 3747
272900 1196
273000 116
273100 18
273200 2
273300 3
273400 0
273500 3
273600 0
273700 0
273800 0
273900 1
274000 0
274100 0
274200 0
274300 1
274400 1
274500 0
274600 0
274700 1
274800 0
274900 0
275000 0
275100 0
275200 0
275300 1
275400 0
275500 0
275600 0
275700 0
275800 1
275900 1
276000 0
276100 0
276200 0
276300 0
276400 0
276500 0
276600 0
276700 1
276800 0
276900 0
277000 0
277100 0
277200 0
277300 0
277400 1
277500 7
277600 23
277700 28
277800 7
277900 3
278000 1
278100 1
278200 0
278300 0
278400 1
278500 0
278600 0
278700 0
278800 0
278900 0
279000 2
279100 1
279200 0
279300 0
279400 0
279500 0
279600 0
279700 1
279800 0
279900 0
280000 0
280100 2
280200 0
280300 0
280400 0
280500 0
280600 0
280700 0
280800 0
280900 1
281000 0
281100 0
281200 0
281300 0
281400 0
281500 0
281600 0
281700 1
281800 0
281900 0
282000 0
282100 0
282200 0
282300 0
282400 1
282500 2
282600 0
282700 1
282800 0
282900 0
283000 0
283100 0
283200 0
283300 0
283400 0
283500 0
283600 0
283700 0
283800 0
283900 1
284000 0
284100 0
284200 1
284300 4
284400 0
284500 0
284600 0
284700 0
284800 0
284900 0
285000 0
285100 0
285200 0
285300 5
285400 9
285500 10
285600 44
285700 478
285800 2529
285900 4063
286000 1953
286100 342
286200 31
286300 3
286400 2
286500 5
286600 1
286700 0
286800 0
286900 0
287000 0
287100 1
287200 1
287300 1
287400 2
287500 0
287600 2
287700 0
287800 1
287900 0
288000 0
288100 0
288200 1
288300 0
288400 0
288500 0
288600 1
288700 0
288800 0
288900 0
289000 0
289100 0
289200 1
289300 0
289400 0
289500 0
289600 0
289700 0
289800 0
289900 0
290000 0
290100 0
290200 0
290300 0
290400 0
290500 2
290600 1
290700 15
290800 31
290900 15
291000 1
291100 0
291200 0
291300 0
291400 1
291500 0
291600 0
291700 0
291800 0
291900 0
292000 0
292100 0
292200 0
292300 0
292400 0
292500 0
292600 0
292700 0
292800 0
292900 0
293000 2
293100 0
293200 0
293300 0
293400 0
293500 1
293600 0
293700 0
293800 1
293900 0
294000 0
294100 0
294200 0
294300 0
294400 1
294500 0
294600 0
294700 0
294800 1
294900 1
295000 0
295100 0
295200 1
295300 0
295400 0
295500 1
295600 1
295700 1
295800 0
295900 0
296000 0
296100 0
296200 0
296300 0
296400 0
296500 0
296600 0
296700 0
296800 0
296900 1
297000 0
297100 0
297200 0
297300 1
297400 1
297500 0
297600 2
297700 0
297800 0
297900 0
298000 2
298100 0
298200 1
298300 0
298400 2
298500 2
298600 7
298700 21
298800 235
298900 1397
299000 3942
299100 3056
299200 776
299300 79
299400 9
299500 7
299600 3
299700 2
299800 1
299900 0
300000 0
300100 0
300200 0
300300 1
300400 1
300500 0
300600 0
300700 3
300800 2
300900 0
301000 1
301100 0
301200 0
301300 0
301400 0
301500 0
301600 1
301700 0
301800 0
301900 0
302000 0
302100 0
302200 0
302300 1
302400 1
302500 0
302600 1
302700 0
302800 0
302900 0
303000 0
303100 0
303200 0
303300 1
303400 0
303500 0
303600 0
303700 0
303800 11
303900 28
304000 16
304100 6
304200 0
304300 0
304400 0
304500 1
304600 0
304700 0
304800 0
304900 0
305000 1
305100 1
305200 1
305300 0
305400 0
305500 0
305600 0
305700 0
305800 0
305900 0
306000 0
306100 0
306200 0
306300 0
306400 1
306500 0
306600 0
306700 0
306800 3
306900 1
307000 0
307100 0
307200 0
307300 0
307400 0
307500 1
307600 0
307700 3
307800 0
307900 0
308000 0
308100 0
308200 1
308300 0
308400 1
308500 0
308600 0
308700 0
308800 2
308900 1
309000 0
309100 0
309200 1
309300 0
309400 0
309500 0
309600 0
309700 0
309800 0
309900 0
