-290000 1
-289900 1
-289800 2
-289700 3
-289600 3
-289500 1
-289400 0
-289300 3
-289200 1
-289100 2
-289000 3
-288900 1
-288800 3
-288700 1
-288600 1
-288500 4
-288400 3
-288300 1
-288200 2
-288100 2
-288000 1
-287900 0
-287800 2
-287700 1
-287600 2
-287500 3
-287400 2
-287300 4
-287200 10
-287100 7
-287000 5
-286900 5
-286800 1
-286700 1
-286600 1
-286500 2
-286400 1
-286300 1
-286200 2
-286100 1
-286000 2
-285900 1
-285800 3
-285700 2
-285600 3
-285500 2
-285400 0
-285300 0
-285200 1
-285100 3
-285000 0
-284900 3
-284800 3
-284700 3
-284600 1
-284500 2
-284400 1
-284300 5
-284200 0
-284100 1
-284000 3
-283900 1
-283800 0
-283700 1
-283600 1
-283500 0
-283400 2
-283300 3
-283200 4
-283100 1
-283000 1
-282900 2
-282800 1
-282700 3
-282600 1
-282500 2
-282400 4
-282300 3
-282200 2
-282100 1
-282000 0
-281900 0
-281800 0
-281700 2
-281600 1
-281500 1
-281400 2
-281300 5
-281200 0
-281100 3
-281000 3
-280900 1
-280800 2
-280700 1
-280600 2
-280500 2
-280400 3
-280300 1
-280200 0
-280100 0
-280000 2
-279900 0
-279800 1
-279700 0
-279600 3
-279500 2
-279400 1
-279300 5
-279200 13
-279100 186
-279000 848
-278900 1591
-278800 810
-278700 140
-278600 8
-278500 4
-278400 2
-278300 0
-278200 1
-278100 2
-278000 3
-277900 0
-277800 1
-277700 1
-277600 3
-277500 1
-277400 3
-277300 0
-277200 0
-277100 0
-277000 3
-276900 3
-276800 1
-276700 2
-276600 1
-276500 4
-276400 1
-276300 1
-276200 2
-276100 3
-276000 3
-275900 1
-275800 3
-275700 1
-275600 4
-275500 0
-275400 1
-275300 3
-275200 3
-275100 2
-275000 3
-274900 1
-274800 4
-274700 3
-274600 1
-274500 0
-274400 3
-274300 1
-274200 2
-274100 5
-274000 9
-273900 6
-273800 3
-273700 1
-273600 1
-273500 9
-273400 3
-273300 2
-273200 3
-273100 1
-273000 1
-272900 3
-272800 1
-272700 2
-272600 2
-272500 0
-272400 3
-272300 0
-272200 0
-272100 1
-272000 0
-271900 0
-271800 6
-271700 2
-271600 2
-271500 0
-271400 2
-271300 3
-271200 4
-271100 3
-271000 0
-270900 1
-270800 1
-270700 2
-270600 2
-270500 0
-270400 1
-270300 3
-270200 3
-270100 2
-270000 0
-269900 0
-269800 1
-269700 1
-269600 1
-269500 3
-269400 2
-269300 0
-269200 1
-269100 2
-269000 1
-268900 4
-268800 1
-268700 1
-268600 2
-268500 2
-268400 3
-268300 1
-268200 2
-268100 1
-268000 1
-267900 1
-267800 7
-267700 1
-267600 2
-267500 1
-267400 1
-267300 3
-267200 2
-267100 0
-267000 3
-266900 1
-266800 2
-266700 2
-266600 4
-266500 0
-266400 1
-266300 3
-266200 1
-266100 2
-266000 71
-265900 644
-265800 1526
-265700 1167
-265600 263
-265500 28
-265400 1
-265300 1
-265200 1
-265100 3
-265000 2
-264900 0
-264800 2
-264700 1
-264600 0
-264500 1
-264400 0
-264300 0
-264200 1
-264100 0
-264000 2
-263900 1
-263800 3
-263700 0
-263600 2
-263500 2
-263400 2
-263300 3
-263200 2
-263100 2
-263000 3
-262900 1
-262800 1
-262700 1
-262600 4
-262500 1
-262400 1
-262300 1
-262200 0
-262100 3
-262000 3
-261900 2
-261800 5
-261700 3
-261600 2
-261500 2
-261400 5
-261300 1
-261200 2
-261100 2
-261000 6
-260900 12
-260800 7
-260700 2
-260600 2
-260500 3
-260400 0
-260300 1
-260200 0
-260100 1
-260000 1
-259900 1
-259800 4
-259700 1
-259600 0
-259500 0
-259400 2
-259300 5
-259200 5
-259100 3
-259000 1
-258900 3
-258800 3
-258700 3
-258600 2
-258500 4
-258400 2
-258300 1
-258200 4
-258100 0
-258000 0
-257900 0
-257800 1
-257700 2
-257600 3
-257500 1
-257400 0
-257300 1
-257200 3
-257100 1
-257000 0
-256900 1
-256800 3
-256700 0
-256600 2
-256500 0
-256400 1
-256300 4
-256200 1
-256100 0
-256000 1
-255900 2
-255800 0
-255700 1
-255600 2
-255500 2
-255400 1
-255300 2
-255200 2
-255100 2
-255000 1
-254900 1
-254800 1
-254700 2
-254600 1
-254500 3
-254400 1
-254300 3
-254200 0
-254100 1
-254000 1
-253900 5
-253800 2
-253700 3
-253600 3
-253500 2
-253400 3
-253300 4
-253200 4
-253100 1
-253000 2
-252900 39
-252800 335
-252700 1301
-252600 1513
-252500 476
-252400 49
-252300 6
-252200 3
-252100 3
-252000 2
-251900 2
-251800 6
-251700 0
-251600 0
-251500 1
-251400 1
-251300 0
-251200 4
-251100 1
-251000 0
-250900 0
-250800 1
-250700 1
-250600 2
-250500 1
-250400 0
-250300 1
-250200 1
-250100 2
-250000 1
-249900 1
-249800 2
-249700 2
-249600 1
-249500 1
-249400 2
-249300 2
-249200 1
-249100 1
-249000 1
-248900 2
-248800 0
-248700 0
-248600 1
-248500 1
-248400 3
-248300 0
-248200 0
-248100 0
-248000 3
-247900 2
-247800 10
-247700 9
-247600 2
-247500 0
-247400 4
-247300 1
-247200 3
-247100 2
-247000 2
-246900 1
-246800 2
-246700 2
-246600 1
-246500 6
-246400 3
-246300 4
-246200 2
-246100 3
-246000 2
-245900 2
-245800 3
-245700 0
-245600 1
-245500 3
-245400 2
-245300 1
-245200 4
-245100 0
-245000 2
-244900 1
-244800 1
-244700 5
-244600 3
-244500 1
-244400 3
-244300 4
-244200 1
-244100 2
-244000 1
-243900 2
-243800 2
-243700 3
-243600 3
-243500 2
-243400 1
-243300 7
-243200 3
-243100 3
-243000 2
-242900 3
-242800 3
-242700 1
-242600 2
-242500 2
-242400 3
-242300 1
-242200 1
-242100 2
-242000 3
-241900 1
-241800 6
-241700 1
-241600 2
-241500 3
-241400 3
-241300 1
-241200 0
-241100 1
-241000 0
-240900 0
-240800 1
-240700 2
-240600 1
-240500 1
-240400 3
-240300 1
-240200 0
-240100 0
-240000 2
-239900 3
-239800 9
-239700 140
-239600 861
-239500 1590
-239400 838
-239300 153
-239200 16
-239100 0
-239000 5
-238900 0
-238800 0
-238700 1
-238600 0
-238500 5
-238400 5
-238300 3
-238200 1
-238100 2
-238000 1
-237900 3
-237800 0
-237700 2
-237600 3
-237500 3
-237400 1
-237300 5
-237200 0
-237100 1
-237000 2
-236900 2
-236800 2
-236700 0
-236600 1
-236500 2
-236400 2
-236300 3
-236200 3
-236100 0
-236000 0
-235900 2
-235800 2
-235700 2
-235600 1
-235500 2
-235400 5
-235300 0
-235200 2
-235100 0
-235000 0
-234900 2
-234800 3
-234700 9
-234600 8
-234500 2
-234400 3
-234300 4
-234200 4
-234100 0
-234000 4
-233900 1
-233800 0
-233700 1
-233600 3
-233500 3
-233400 1
-233300 2
-233200 2
-233100 2
-233000 3
-232900 3
-232800 3
-232700 3
-232600 2
-232500 2
-232400 1
-232300 1
-232200 2
-232100 1
-232000 0
-231900 1
-231800 3
-231700 2
-231600 1
-231500 2
-231400 4
-231300 0
-231200 2
-231100 1
-231000 0
-230900 1
-230800 4
-230700 0
-230600 2
-230500 3
-230400 1
-230300 2
-230200 3
-230100 1
-230000 2
-229900 0
-229800 2
-229700 3
-229600 0
-229500 3
-229400 1
-229300 3
-229200 4
-229100 0
-229000 3
-228900 4
-228800 2
-228700 1
-228600 5
-228500 1
-228400 3
-228300 0
-228200 2
-228100 1
-228000 3
-227900 1
-227800 1
-227700 0
-227600 2
-227500 3
-227400 3
-227300 1
-227200 1
-227100 2
-227000 3
-226900 2
-226800 3
-226700 6
-226600 63
-226500 509
-226400 1493
-226300 1289
-226200 306
-226100 42
-226000 1
-225900 1
-225800 3
-225700 1
-225600 3
-225500 2
-225400 3
-225300 2
-225200 2
-225100 6
-225000 4
-224900 0
-224800 4
-224700 1
-224600 1
-224500 1
-224400 5
-224300 0
-224200 3
-224100 2
-224000 3
-223900 1
-223800 2
-223700 2
-223600 2
-223500 2
-223400 2
-223300 2
-223200 5
-223100 3
-223000 5
-222900 2
-222800 2
-222700 0
-222600 1
-222500 0
-222400 1
-222300 2
-222200 1
-222100 1
-222000 0
-221900 1
-221800 4
-221700 0
-221600 4
-221500 5
-221400 5
-221300 5
-221200 1
-221100 1
-221000 2
-220900 1
-220800 1
-220700 0
-220600 4
-220500 2
-220400 1
-220300 0
-220200 0
-220100 2
-220000 1
-219900 1
-219800 3
-219700 1
-219600 3
-219500 0
-219400 1
-219300 1
-219200 1
-219100 2
-219000 4
-218900 1
-218800 5
-218700 3
-218600 3
-218500 0
-218400 2
-218300 0
-218200 2
-218100 5
-218000 4
-217900 1
-217800 2
-217700 2
-217600 2
-217500 1
-217400 1
-217300 3
-217200 2
-217100 2
-217000 1
-216900 4
-216800 1
-216700 1
-216600 0
-216500 1
-216400 0
-216300 3
-216200 1
-216100 3
-216000 2
-215900 2
-215800 4
-215700 2
-215600 3
-215500 1
-215400 3
-215300 0
-215200 1
-215100 3
-215000 1
-214900 3
-214800 2
-214700 4
-214600 2
-214500 3
-214400 1
-214300 2
-214200 0
-214100 4
-214000 4
-213900 3
-213800 0
-213700 2
-213600 0
-213500 31
-213400 326
-213300 1242
-213200 1445
-213100 472
-213000 58
-212900 2
-212800 3
-212700 1
-212600 1
-212500 2
-212400 2
-212300 3
-212200 2
-212100 1
-212000 1
-211900 1
-211800 2
-211700 0
-211600 2
-211500 2
-211400 2
-211300 0
-211200 2
-211100 1
-211000 2
-210900 4
-210800 3
-210700 4
-210600 2
-210500 4
-210400 1
-210300 1
-210200 4
-210100 2
-210000 3
-209900 2
-209800 0
-209700 3
-209600 2
-209500 1
-209400 3
-209300 1
-209200 2
-209100 1
-209000 0
-208900 2
-208800 1
-208700 3
-208600 2
-208500 7
-208400 8
-208300 14
-208200 2
-208100 2
-208000 2
-207900 0
-207800 3
-207700 1
-207600 1
-207500 1
-207400 2
-207300 1
-207200 1
-207100 1
-207000 2
-206900 0
-206800 2
-206700 0
-206600 0
-206500 0
-206400 1
-206300 2
-206200 0
-206100 0
-206000 1
-205900 7
-205800 1
-205700 2
-205600 1
-205500 1
-205400 0
-205300 1
-205200 3
-205100 0
-205000 1
-204900 2
-204800 1
-204700 3
-204600 2
-204500 2
-204400 2
-204300 2
-204200 0
-204100 1
-204000 0
-203900 3
-203800 2
-203700 1
-203600 5
-203500 3
-203400 4
-203300 1
-203200 2
-203100 1
-203000 5
-202900 3
-202800 2
-202700 2
-202600 2
-202500 0
-202400 1
-202300 2
-202200 3
-202100 2
-202000 3
-201900 4
-201800 2
-201700 1
-201600 2
-201500 0
-201400 0
-201300 2
-201200 1
-201100 1
-201000 3
-200900 1
-200800 2
-200700 1
-200600 1
-200500 5
-200400 12
-200300 187
-200200 986
-200100 1675
-200000 756
-199900 130
-199800 5
-199700 1
-199600 6
-199500 1
-199400 1
-199300 2
-199200 1
-199100 0
-199000 2
-198900 1
-198800 1
-198700 3
-198600 2
-198500 1
-198400 4
-198300 2
-198200 2
-198100 1
-198000 0
-197900 0
-197800 0
-197700 3
-197600 3
-197500 0
-197400 1
-197300 2
-197200 2
-197100 1
-197000 2
-196900 5
-196800 4
-196700 2
-196600 1
-196500 2
-196400 1
-196300 3
-196200 3
-196100 1
-196000 1
-195900 1
-195800 1
-195700 0
-195600 0
-195500 0
-195400 0
-195300 6
-195200 10
-195100 10
-195000 4
-194900 3
-194800 1
-194700 1
-194600 2
-194500 0
-194400 0
-194300 2
-194200 2
-194100 2
-194000 1
-193900 1
-193800 1
-193700 0
-193600 3
-193500 1
-193400 2
-193300 0
-193200 1
-193100 1
-193000 2
-192900 1
-192800 2
-192700 2
-192600 0
-192500 1
-192400 0
-192300 1
-192200 1
-192100 2
-192000 1
-191900 1
-191800 2
-191700 0
-191600 3
-191500 3
-191400 3
-191300 3
-191200 1
-191100 0
-191000 2
-190900 1
-190800 1
-190700 3
-190600 2
-190500 0
-190400 2
-190300 1
-190200 3
-190100 1
-190000 0
-189900 0
-189800 4
-189700 0
-189600 4
-189500 0
-189400 0
-189300 2
-189200 1
-189100 2
-189000 0
-188900 2
-188800 0
-188700 0
-188600 3
-188500 1
-188400 1
-188300 1
-188200 1
-188100 2
-188000 2
-187900 0
-187800 2
-187700 2
-187600 2
-187500 3
-187400 3
-187300 7
-187200 66
-187100 599
-187000 1555
-186900 1178
-186800 264
-186700 29
-186600 4
-186500 1
-186400 0
-186300 1
-186200 2
-186100 3
-186000 1
-185900 3
-185800 3
-185700 1
-185600 3
-185500 3
-185400 4
-185300 1
-185200 3
-185100 2
-185000 2
-184900 0
-184800 1
-184700 1
-184600 3
-184500 2
-184400 2
-184300 7
-184200 3
-184100 0
-184000 1
-183900 3
-183800 2
-183700 1
-183600 1
-183500 1
-183400 2
-183300 1
-183200 4
-183100 1
-183000 1
-182900 4
-182800 3
-182700 1
-182600 5
-182500 1
-182400 1
-182300 1
-182200 5
-182100 8
-182000 6
-181900 5
-181800 2
-181700 0
-181600 4
-181500 3
-181400 1
-181300 1
-181200 1
-181100 0
-181000 1
-180900 1
-180800 1
-180700 2
-180600 2
-180500 1
-180400 1
-180300 2
-180200 0
-180100 5
-180000 1
-179900 3
-179800 1
-179700 1
-179600 4
-179500 3
-179400 1
-179300 4
-179200 2
-179100 1
-179000 2
-178900 2
-178800 1
-178700 1
-178600 1
-178500 0
-178400 2
-178300 2
-178200 1
-178100 1
-178000 3
-177900 0
-177800 1
-177700 0
-177600 1
-177500 2
-177400 2
-177300 0
-177200 3
-177100 1
-177000 1
-176900 2
-176800 1
-176700 0
-176600 1
-176500 0
-176400 0
-176300 1
-176200 3
-176100 0
-176000 3
-175900 0
-175800 0
-175700 2
-175600 1
-175500 4
-175400 3
-175300 1
-175200 4
-175100 3
-175000 3
-174900 2
-174800 1
-174700 2
-174600 1
-174500 3
-174400 1
-174300 3
-174200 2
-174100 23
-174000 284
-173900 1152
-173800 1517
-173700 564
-173600 63
-173500 6
-173400 0
-173300 3
-173200 1
-173100 5
-173000 2
-172900 0
-172800 2
-172700 0
-172600 1
-172500 2
-172400 1
-172300 1
-172200 1
-172100 4
-172000 3
-171900 4
-171800 1
-171700 3
-171600 1
-171500 1
-171400 3
-171300 3
-171200 1
-171100 0
-171000 0
-170900 2
-170800 4
-170700 0
-170600 1
-170500 0
-170400 0
-170300 4
-170200 1
-170100 3
-170000 2
-169900 0
-169800 2
-169700 4
-169600 4
-169500 2
-169400 1
-169300 2
-169200 4
-169100 4
-169000 9
-168900 7
-168800 5
-168700 0
-168600 3
-168500 2
-168400 2
-168300 2
-168200 2
-168100 0
-168000 3
-167900 1
-167800 1
-167700 1
-167600 2
-167500 3
-167400 0
-167300 1
-167200 2
-167100 0
-167000 1
-166900 5
-166800 1
-166700 3
-166600 1
-166500 3
-166400 3
-166300 2
-166200 1
-166100 2
-166000 2
-165900 4
-165800 0
-165700 5
-165600 1
-165500 2
-165400 1
-165300 1
-165200 1
-165100 1
-165000 1
-164900 2
-164800 2
-164700 1
-164600 2
-164500 2
-164400 1
-164300 2
-164200 2
-164100 0
-164000 2
-163900 1
-163800 1
-163700 1
-163600 0
-163500 3
-163400 2
-163300 1
-163200 0
-163100 4
-163000 1
-162900 3
-162800 1
-162700 0
-162600 1
-162500 4
-162400 5
-162300 8
-162200 7
-162100 0
-162000 0
-161900 3
-161800 4
-161700 1
-161600 1
-161500 3
-161400 0
-161300 1
-161200 1
-161100 3
-161000 11
-160900 128
-160800 823
-160700 1653
-160600 897
-160500 162
-160400 11
-160300 4
-160200 4
-160100 2
-160000 3
-159900 1
-159800 1
-159700 3
-159600 2
-159500 1
-159400 2
-159300 3
-159200 1
-159100 0
-159000 2
-158900 1
-158800 2
-158700 1
-158600 3
-158500 1
-158400 0
-158300 0
-158200 3
-158100 2
-158000 0
-157900 0
-157800 2
-157700 1
-157600 1
-157500 1
-157400 1
-157300 1
-157200 2
-157100 3
-157000 0
-156900 2
-156800 1
-156700 3
-156600 1
-156500 0
-156400 5
-156300 1
-156200 3
-156100 1
-156000 2
-155900 8
-155800 9
-155700 5
-155600 2
-155500 0
-155400 2
-155300 2
-155200 1
-155100 2
-155000 1
-154900 1
-154800 3
-154700 1
-154600 2
-154500 1
-154400 1
-154300 2
-154200 2
-154100 1
-154000 1
-153900 1
-153800 3
-153700 0
-153600 3
-153500 2
-153400 1
-153300 0
-153200 4
-153100 2
-153000 3
-152900 1
-152800 2
-152700 1
-152600 2
-152500 2
-152400 4
-152300 1
-152200 3
-152100 0
-152000 2
-151900 0
-151800 2
-151700 4
-151600 2
-151500 1
-151400 1
-151300 3
-151200 2
-151100 1
-151000 0
-150900 0
-150800 0
-150700 3
-150600 1
-150500 1
-150400 0
-150300 3
-150200 1
-150100 1
-150000 2
-149900 1
-149800 1
-149700 3
-149600 2
-149500 1
-149400 0
-149300 1
-149200 1
-149100 2
-149000 1
-148900 2
-148800 1
-148700 3
-148600 1
-148500 0
-148400 1
-148300 1
-148200 2
-148100 2
-148000 4
-147900 5
-147800 57
-147700 525
-147600 1565
-147500 1252
-147400 331
-147300 20
-147200 4
-147100 2
-147000 4
-146900 3
-146800 3
-146700 2
-146600 3
-146500 1
-146400 0
-146300 1
-146200 0
-146100 4
-146000 3
-145900 3
-145800 0
-145700 2
-145600 1
-145500 2
-145400 1
-145300 0
-145200 2
-145100 0
-145000 4
-144900 1
-144800 1
-144700 2
-144600 1
-144500 1
-144400 3
-144300 2
-144200 3
-144100 2
-144000 1
-143900 1
-143800 2
-143700 1
-143600 1
-143500 2
-143400 3
-143300 2
-143200 1
-143100 2
-143000 3
-142900 3
-142800 3
-142700 7
-142600 2
-142500 2
-142400 1
-142300 2
-142200 0
-142100 3
-142000 1
-141900 0
-141800 0
-141700 0
-141600 0
-141500 2
-141400 1
-141300 1
-141200 2
-141100 1
-141000 3
-140900 2
-140800 1
-140700 1
-140600 2
-140500 3
-140400 1
-140300 0
-140200 1
-140100 0
-140000 0
-139900 1
-139800 0
-139700 2
-139600 0
-139500 2
-139400 2
-139300 1
-139200 0
-139100 0
-139000 0
-138900 2
-138800 3
-138700 1
-138600 1
-138500 2
-138400 2
-138300 1
-138200 1
-138100 3
-138000 1
-137900 2
-137800 4
-137700 1
-137600 4
-137500 0
-137400 1
-137300 0
-137200 1
-137100 0
-137000 1
-136900 1
-136800 3
-136700 2
-136600 1
-136500 1
-136400 2
-136300 2
-136200 3
-136100 1
-136000 4
-135900 3
-135800 8
-135700 1
-135600 1
-135500 1
-135400 4
-135300 1
-135200 1
-135100 1
-135000 0
-134900 3
-134800 0
-134700 20
-134600 238
-134500 1110
-134400 1623
-134300 660
-134200 67
-134100 5
-134000 1
-133900 1
-133800 2
-133700 3
-133600 0
-133500 1
-133400 3
-133300 1
-133200 2
-133100 1
-133000 2
-132900 4
-132800 2
-132700 3
-132600 2
-132500 2
-132400 2
-132300 0
-132200 4
-132100 0
-132000 1
-131900 1
-131800 1
-131700 3
-131600 0
-131500 2
-131400 1
-131300 2
-131200 1
-131100 0
-131000 0
-130900 0
-130800 2
-130700 1
-130600 1
-130500 3
-130400 0
-130300 1
-130200 1
-130100 2
-130000 1
-129900 2
-129800 1
-129700 3
-129600 7
-129500 4
-129400 2
-129300 1
-129200 3
-129100 1
-129000 1
-128900 1
-128800 2
-128700 2
-128600 0
-128500 2
-128400 0
-128300 2
-128200 2
-128100 4
-128000 2
-127900 1
-127800 1
-127700 5
-127600 3
-127500 3
-127400 1
-127300 2
-127200 1
-127100 2
-127000 3
-126900 1
-126800 0
-126700 5
-126600 1
-126500 2
-126400 0
-126300 0
-126200 2
-126100 2
-126000 2
-125900 1
-125800 1
-125700 4
-125600 2
-125500 1
-125400 3
-125300 1
-125200 1
-125100 1
-125000 1
-124900 1
-124800 2
-124700 1
-124600 3
-124500 1
-124400 3
-124300 2
-124200 1
-124100 0
-124000 3
-123900 1
-123800 1
-123700 2
-123600 2
-123500 1
-123400 2
-123300 2
-123200 0
-123100 0
-123000 1
-122900 3
-122800 1
-122700 3
-122600 1
-122500 2
-122400 1
-122300 1
-122200 2
-122100 1
-122000 1
-121900 2
-121800 2
-121700 4
-121600 7
-121500 102
-121400 810
-121300 1652
-121200 916
-121100 155
-121000 17
-120900 3
-120800 4
-120700 0
-120600 2
-120500 0
-120400 3
-120300 1
-120200 0
-120100 6
-120000 3
-119900 3
-119800 2
-119700 2
-119600 3
-119500 0
-119400 4
-119300 4
-119200 3
-119100 2
-119000 2
-118900 2
-118800 2
-118700 0
-118600 0
-118500 2
-118400 1
-118300 1
-118200 1
-118100 1
-118000 1
-117900 2
-117800 3
-117700 4
-117600 4
-117500 0
-117400 3
-117300 3
-117200 2
-117100 1
-117000 4
-116900 3
-116800 0
-116700 0
-116600 4
-116500 9
-116400 5
-116300 5
-116200 0
-116100 1
-116000 1
-115900 2
-115800 0
-115700 1
-115600 2
-115500 1
-115400 0
-115300 4
-115200 2
-115100 1
-115000 2
-114900 0
-114800 3
-114700 2
-114600 2
-114500 0
-114400 4
-114300 2
-114200 1
-114100 3
-114000 3
-113900 1
-113800 3
-113700 2
-113600 2
-113500 2
-113400 1
-113300 2
-113200 1
-113100 2
-113000 3
-112900 0
-112800 1
-112700 4
-112600 4
-112500 3
-112400 0
-112300 3
-112200 2
-112100 2
-112000 3
-111900 0
-111800 4
-111700 1
-111600 0
-111500 2
-111400 2
-111300 1
-111200 2
-111100 0
-111000 0
-110900 3
-110800 4
-110700 0
-110600 4
-110500 1
-110400 1
-110300 3
-110200 2
-110100 0
-110000 3
-109900 2
-109800 4
-109700 0
-109600 3
-109500 2
-109400 1
-109300 2
-109200 4
-109100 2
-109000 4
-108900 1
-108800 0
-108700 1
-108600 3
-108500 5
-108400 43
-108300 441
-108200 1533
-108100 1324
-108000 319
-107900 29
-107800 1
-107700 1
-107600 8
-107500 2
-107400 1
-107300 2
-107200 1
-107100 2
-107000 3
-106900 1
-106800 1
-106700 1
-106600 3
-106500 2
-106400 2
-106300 3
-106200 0
-106100 0
-106000 3
-105900 1
-105800 0
-105700 1
-105600 0
-105500 2
-105400 1
-105300 2
-105200 1
-105100 2
-105000 0
-104900 5
-104800 3
-104700 1
-104600 1
-104500 1
-104400 4
-104300 3
-104200 2
-104100 1
-104000 2
-103900 0
-103800 4
-103700 1
-103600 0
-103500 4
-103400 6
-103300 7
-103200 5
-103100 3
-103000 1
-102900 1
-102800 1
-102700 1
-102600 2
-102500 0
-102400 2
-102300 2
-102200 2
-102100 0
-102000 0
-101900 0
-101800 1
-101700 1
-101600 1
-101500 1
-101400 4
-101300 2
-101200 1
-101100 3
-101000 2
-100900 4
-100800 1
-100700 3
-100600 3
-100500 1
-100400 1
-100300 1
-100200 3
-100100 1
-100000 2
-99900 0
-99800 1
-99700 1
-99600 0
-99500 1
-99400 1
-99300 2
-99200 0
-99100 2
-99000 1
-98900 1
-98800 3
-98700 3
-98600 2
-98500 1
-98400 2
-98300 0
-98200 3
-98100 4
-98000 2
-97900 0
-97800 0
-97700 1
-97600 1
-97500 0
-97400 1
-97300 0
-97200 3
-97100 3
-97000 3
-96900 3
-96800 0
-96700 1
-96600 4
-96500 1
-96400 1
-96300 2
-96200 2
-96100 2
-96000 5
-95900 0
-95800 1
-95700 0
-95600 3
-95500 1
-95400 3
-95300 12
-95200 150
-95100 1000
-95000 1760
-94900 672
-94800 81
-94700 8
-94600 2
-94500 0
-94400 2
-94300 2
-94200 2
-94100 1
-94000 2
-93900 0
-93800 0
-93700 4
-93600 3
-93500 5
-93400 2
-93300 4
-93200 4
-93100 5
-93000 0
-92900 2
-92800 2
-92700 0
-92600 1
-92500 4
-92400 2
-92300 1
-92200 1
-92100 3
-92000 2
-91900 3
-91800 1
-91700 1
-91600 1
-91500 0
-91400 2
-91300 0
-91200 0
-91100 2
-91000 2
-90900 1
-90800 0
-90700 1
-90600 2
-90500 4
-90400 2
-90300 7
-90200 7
-90100 8
-90000 6
-89900 0
-89800 3
-89700 2
-89600 0
-89500 2
-89400 0
-89300 2
-89200 1
-89100 1
-89000 0
-88900 3
-88800 1
-88700 0
-88600 2
-88500 2
-88400 1
-88300 3
-88200 1
-88100 4
-88000 0
-87900 1
-87800 2
-87700 2
-87600 1
-87500 3
-87400 1
-87300 0
-87200 2
-87100 3
-87000 2
-86900 2
-86800 4
-86700 1
-86600 1
-86500 3
-86400 2
-86300 1
-86200 5
-86100 2
-86000 3
-85900 2
-85800 0
-85700 1
-85600 1
-85500 0
-85400 2
-85300 1
-85200 0
-85100 1
-85000 2
-84900 2
-84800 3
-84700 2
-84600 5
-84500 2
-84400 1
-84300 1
-84200 3
-84100 1
-84000 4
-83900 0
-83800 0
-83700 2
-83600 1
-83500 5
-83400 4
-83300 4
-83200 2
-83100 2
-83000 0
-82900 0
-82800 4
-82700 4
-82600 4
-82500 3
-82400 1
-82300 5
-82200 5
-82100 61
-82000 464
-81900 1503
-81800 1275
-81700 282
-81600 19
-81500 1
-81400 5
-81300 1
-81200 2
-81100 7
-81000 2
-80900 4
-80800 3
-80700 1
-80600 3
-80500 1
-80400 2
-80300 1
-80200 1
-80100 4
-80000 0
-79900 2
-79800 1
-79700 1
-79600 3
-79500 2
-79400 3
-79300 1
-79200 1
-79100 0
-79000 0
-78900 0
-78800 2
-78700 3
-78600 1
-78500 1
-78400 3
-78300 2
-78200 2
-78100 1
-78000 2
-77900 2
-77800 2
-77700 1
-77600 2
-77500 1
-77400 2
-77300 1
-77200 2
-77100 4
-77000 5
-76900 10
-76800 5
-76700 0
-76600 4
-76500 0
-76400 2
-76300 2
-76200 1
-76100 3
-76000 1
-75900 4
-75800 1
-75700 2
-75600 2
-75500 2
-75400 2
-75300 0
-75200 1
-75100 2
-75000 0
-74900 2
-74800 3
-74700 1
-74600 2
-74500 0
-74400 2
-74300 3
-74200 2
-74100 1
-74000 1
-73900 4
-73800 1
-73700 4
-73600 1
-73500 0
-73400 2
-73300 3
-73200 1
-73100 1
-73000 2
-72900 1
-72800 4
-72700 2
-72600 1
-72500 1
-72400 2
-72300 1
-72200 0
-72100 2
-72000 3
-71900 3
-71800 1
-71700 3
-71600 3
-71500 2
-71400 3
-71300 1
-71200 1
-71100 3
-71000 1
-70900 1
-70800 3
-70700 1
-70600 1
-70500 1
-70400 5
-70300 3
-70200 1
-70100 1
-70000 3
-69900 2
-69800 3
-69700 0
-69600 2
-69500 2
-69400 2
-69300 4
-69200 2
-69100 9
-69000 62
-68900 408
-68800 1497
-68700 1272
-68600 356
-68500 19
-68400 5
-68300 3
-68200 1
-68100 1
-68000 1
-67900 2
-67800 2
-67700 1
-67600 0
-67500 0
-67400 0
-67300 2
-67200 3
-67100 1
-67000 2
-66900 2
-66800 4
-66700 2
-66600 4
-66500 1
-66400 1
-66300 1
-66200 1
-66100 1
-66000 2
-65900 0
-65800 0
-65700 3
-65600 2
-65500 2
-65400 1
-65300 2
-65200 0
-65100 3
-65000 3
-64900 0
-64800 0
-64700 2
-64600 0
-64500 1
-64400 0
-64300 2
-64200 1
-64100 4
-64000 5
-63900 12
-63800 5
-63700 5
-63600 2
-63500 1
-63400 1
-63300 3
-63200 2
-63100 0
-63000 1
-62900 1
-62800 5
-62700 2
-62600 4
-62500 3
-62400 2
-62300 1
-62200 3
-62100 2
-62000 3
-61900 3
-61800 4
-61700 2
-61600 4
-61500 0
-61400 1
-61300 0
-61200 2
-61100 2
-61000 2
-60900 4
-60800 1
-60700 1
-60600 0
-60500 2
-60400 1
-60300 1
-60200 1
-60100 0
-60000 0
-59900 3
-59800 2
-59700 1
-59600 1
-59500 3
-59400 2
-59300 1
-59200 0
-59100 5
-59000 1
-58900 5
-58800 2
-58700 0
-58600 1
-58500 0
-58400 1
-58300 2
-58200 4
-58100 0
-58000 4
-57900 0
-57800 2
-57700 1
-57600 1
-57500 1
-57400 0
-57300 3
-57200 4
-57100 2
-57000 1
-56900 1
-56800 2
-56700 3
-56600 3
-56500 3
-56400 3
-56300 2
-56200 4
-56100 1
-56000 3
-55900 17
-55800 246
-55700 1189
-55600 1567
-55500 531
-55400 66
-55300 4
-55200 3
-55100 2
-55000 0
-54900 1
-54800 2
-54700 0
-54600 1
-54500 3
-54400 2
-54300 2
-54200 2
-54100 1
-54000 1
-53900 6
-53800 1
-53700 3
-53600 1
-53500 1
-53400 3
-53300 2
-53200 4
-53100 2
-53000 2
-52900 4
-52800 0
-52700 2
-52600 1
-52500 1
-52400 0
-52300 1
-52200 2
-52100 1
-52000 0
-51900 3
-51800 1
-51700 1
-51600 2
-51500 0
-51400 0
-51300 2
-51200 1
-51100 5
-51000 2
-50900 3
-50800 10
-50700 15
-50600 5
-50500 0
-50400 1
-50300 2
-50200 2
-50100 2
-50000 0
-49900 0
-49800 2
-49700 0
-49600 1
-49500 3
-49400 1
-49300 1
-49200 1
-49100 1
-49000 1
-48900 2
-48800 1
-48700 2
-48600 1
-48500 0
-48400 2
-48300 0
-48200 1
-48100 2
-48000 1
-47900 2
-47800 2
-47700 0
-47600 1
-47500 1
-47400 2
-47300 3
-47200 0
-47100 3
-47000 2
-46900 0
-46800 1
-46700 0
-46600 0
-46500 5
-46400 1
-46300 1
-46200 2
-46100 0
-46000 2
-45900 2
-45800 3
-45700 0
-45600 1
-45500 0
-45400 4
-45300 5
-45200 2
-45100 2
-45000 1
-44900 0
-44800 0
-44700 2
-44600 2
-44500 1
-44400 1
-44300 5
-44200 0
-44100 3
-44000 2
-43900 1
-43800 1
-43700 2
-43600 2
-43500 2
-43400 1
-43300 0
-43200 3
-43100 2
-43000 2
-42900 2
-42800 16
-42700 50
-42600 589
-42500 1614
-42400 1120
-42300 224
-42200 17
-42100 5
-42000 2
-41900 3
-41800 1
-41700 2
-41600 3
-41500 1
-41400 0
-41300 1
-41200 2
-41100 0
-41000 2
-40900 3
-40800 2
-40700 1
-40600 3
-40500 1
-40400 3
-40300 2
-40200 1
-40100 2
-40000 1
-39900 2
-39800 0
-39700 1
-39600 3
-39500 2
-39400 1
-39300 1
-39200 2
-39100 1
-39000 3
-38900 0
-38800 3
-38700 2
-38600 2
-38500 3
-38400 4
-38300 0
-38200 1
-38100 1
-38000 1
-37900 2
-37800 0
-37700 4
-37600 6
-37500 4
-37400 4
-37300 2
-37200 3
-37100 2
-37000 3
-36900 1
-36800 2
-36700 0
-36600 1
-36500 4
-36400 2
-36300 5
-36200 2
-36100 4
-36000 3
-35900 2
-35800 2
-35700 0
-35600 2
-35500 0
-35400 1
-35300 0
-35200 3
-35100 2
-35000 2
-34900 2
-34800 3
-34700 2
-34600 2
-34500 2
-34400 2
-34300 0
-34200 2
-34100 1
-34000 3
-33900 1
-33800 0
-33700 3
-33600 1
-33500 1
-33400 1
-33300 2
-33200 2
-33100 1
-33000 1
-32900 2
-32800 1
-32700 2
-32600 4
-32500 0
-32400 0
-32300 2
-32200 3
-32100 2
-32000 1
-31900 0
-31800 1
-31700 0
-31600 0
-31500 1
-31400 4
-31300 1
-31200 3
-31100 4
-31000 1
-30900 1
-30800 1
-30700 0
-30600 1
-30500 0
-30400 2
-30300 1
-30200 0
-30100 2
-30000 6
-29900 3
-29800 5
-29700 6
-29600 26
-29500 298
-29400 1264
-29300 1536
-29200 523
-29100 41
-29000 4
-28900 2
-28800 1
-28700 1
-28600 1
-28500 0
-28400 1
-28300 1
-28200 2
-28100 0
-28000 3
-27900 0
-27800 0
-27700 1
-27600 4
-27500 1
-27400 1
-27300 4
-27200 5
-27100 1
-27000 4
-26900 0
-26800 3
-26700 1
-26600 2
-26500 1
-26400 1
-26300 1
-26200 1
-26100 1
-26000 2
-25900 1
-25800 0
-25700 1
-25600 1
-25500 2
-25400 2
-25300 3
-25200 1
-25100 1
-25000 1
-24900 2
-24800 2
-24700 3
-24600 4
-24500 5
-24400 10
-24300 4
-24200 1
-24100 0
-24000 3
-23900 2
-23800 1
-23700 3
-23600 1
-23500 1
-23400 1
-23300 1
-23200 1
-23100 0
-23000 3
-22900 0
-22800 0
-22700 1
-22600 1
-22500 3
-22400 0
-22300 2
-22200 1
-22100 2
-22000 1
-21900 0
-21800 1
-21700 1
-21600 3
-21500 3
-21400 3
-21300 2
-21200 3
-21100 0
-21000 0
-20900 1
-20800 0
-20700 2
-20600 2
-20500 3
-20400 0
-20300 1
-20200 1
-20100 1
-20000 4
-19900 3
-19800 1
-19700 1
-19600 1
-19500 0
-19400 2
-19300 2
-19200 1
-19100 0
-19000 0
-18900 2
-18800 4
-18700 2
-18600 1
-18500 1
-18400 1
-18300 1
-18200 1
-18100 1
-18000 0
-17900 4
-17800 4
-17700 1
-17600 4
-17500 1
-17400 0
-17300 3
-17200 2
-17100 2
-17000 2
-16900 0
-16800 2
-16700 2
-16600 5
-16500 54
-16400 440
-16300 1473
-16200 1355
-16100 384
-16000 28
-15900 6
-15800 1
-15700 1
-15600 3
-15500 0
-15400 3
-15300 3
-15200 0
-15100 3
-15000 4
-14900 0
-14800 2
-14700 1
-14600 2
-14500 3
-14400 2
-14300 1
-14200 1
-14100 2
-14000 1
-13900 3
-13800 1
-13700 1
-13600 1
-13500 2
-13400 1
-13300 1
-13200 0
-13100 1
-13000 0
-12900 2
-12800 2
-12700 3
-12600 3
-12500 1
-12400 5
-12300 3
-12200 2
-12100 2
-12000 2
-11900 0
-11800 0
-11700 0
-11600 1
-11500 3
-11400 7
-11300 7
-11200 2
-11100 2
-11000 2
-10900 2
-10800 0
-10700 1
-10600 3
-10500 3
-10400 0
-10300 0
-10200 1
-10100 1
-10000 2
-9900 1
-9800 0
-9700 2
-9600 2
-9500 0
-9400 2
-9300 0
-9200 2
-9100 1
-9000 4
-8900 3
-8800 2
-8700 1
-8600 4
-8500 3
-8400 5
-8300 0
-8200 0
-8100 2
-8000 5
-7900 1
-7800 2
-7700 1
-7600 1
-7500 3
-7400 2
-7300 0
-7200 3
-7100 0
-7000 1
-6900 2
-6800 1
-6700 0
-6600 5
-6500 2
-6400 4
-6300 0
-6200 1
-6100 2
-6000 2
-5900 3
-5800 1
-5700 5
-5600 1
-5500 0
-5400 0
-5300 1
-5200 2
-5100 2
-5000 1
-4900 1
-4800 2
-4700 1
-4600 0
-4500 1
-4400 1
-4300 1
-4200 2
-4100 3
-4000 0
-3900 0
-3800 2
-3700 1
-3600 2
-3500 3
-3400 5
-3300 83
-3200 571
-3100 1593
-3000 1099
-2900 189
-2800 16
-2700 3
-2600 1
-2500 2
-2400 2
-2300 1
-2200 1
-2100 2
-2000 0
-1900 1
-1800 1
-1700 3
-1600 2
-1500 2
-1400 2
-1300 1
-1200 1
-1100 2
-1000 0
-900 1
-800 0
-700 0
-600 1
-500 0
-400 3
-300 1
-200 0
-100 2
0 0
100 2
200 1
300 0
400 1
500 0
600 4
700 4
800 2
900 1
1000 2
1100 1
1200 3
1300 3
1400 1
1500 0
1600 4
1700 3
1800 5
1900 7
2000 1
2100 0
2200 1
2300 2
2400 1
2500 0
2600 4
2700 1
2800 3
2900 0
3000 2
3100 2
3200 0
3300 0
3400 2
3500 1
3600 2
3700 1
3800 2
3900 3
4000 0
4100 2
4200 2
4300 1
4400 4
4500 1
4600 1
4700 1
4800 0
4900 1
5000 0
5100 0
5200 0
5300 3
5400 2
5500 4
5600 2
5700 0
5800 2
5900 3
6000 1
6100 0
6200 0
6300 3
6400 2
6500 0
6600 0
6700 0
6800 4
6900 2
7000 1
7100 1
7200 1
7300 2
7400 3
7500 3
7600 2
7700 1
7800 0
7900 2
8000 3
8100 4
8200 3
8300 4
8400 3
8500 3
8600 0
8700 1
8800 2
8900 0
9000 1
9100 1
9200 4
9300 3
9400 3
9500 4
9600 7
9700 11
9800 160
9900 2379
10000 14308
10100 24404
10200 11503
10300 1585
10400 89
10500 13
10600 10
10700 8
10800 1
10900 4
11000 2
11100 1
11200 2
11300 2
11400 0
11500 1
11600 2
11700 1
11800 2
11900 1
12000 0
12100 1
12200 2
12300 0
12400 1
12500 3
12600 1
12700 4
12800 1
12900 0
13000 2
13100 1
13200 1
13300 1
13400 1
13500 4
13600 5
13700 3
13800 3
13900 3
14000 2
14100 0
14200 2
14300 1
14400 1
14500 2
14600 1
14700 1
14800 2
14900 5
15000 4
15100 1
15200 2
15300 2
15400 1
15500 3
15600 1
15700 3
15800 1
15900 2
16000 2
16100 0
16200 0
16300 0
16400 1
16500 1
16600 0
16700 1
16800 4
16900 1
17000 1
17100 2
17200 2
17300 3
17400 2
17500 0
17600 1
17700 0
17800 1
17900 2
18000 0
18100 3
18200 4
18300 2
18400 1
18500 0
18600 1
18700 3
18800 0
18900 0
19000 2
19100 1
19200 2
19300 0
19400 2
19500 1
19600 0
19700 1
19800 4
19900 1
20000 4
20100 1
20200 3
20300 5
20400 2
20500 1
20600 2
20700 5
20800 0
20900 2
21000 2
21100 1
21200 1
21300 1
21400 1
21500 4
21600 1
21700 5
21800 3
21900 1
22000 0
22100 2
22200 2
22300 1
22400 2
22500 3
22600 0
22700 3
22800 2
22900 5
23000 73
23100 542
23200 1638
23300 1141
23400 236
23500 20
23600 4
23700 3
23800 4
23900 2
24000 0
24100 0
24200 2
24300 0
24400 1
24500 2
24600 5
24700 1
24800 1
24900 3
25000 1
25100 2
25200 1
25300 3
25400 0
25500 0
25600 0
25700 2
25800 2
25900 2
26000 0
26100 0
26200 1
26300 1
26400 2
26500 2
26600 0
26700 2
26800 0
26900 1
27000 3
27100 0
27200 2
27300 0
27400 3
27500 5
27600 0
27700 0
27800 1
27900 1
28000 5
28100 12
28200 5
28300 0
28400 1
28500 2
28600 2
28700 1
28800 2
28900 1
29000 1
29100 2
29200 0
29300 0
29400 2
29500 4
29600 0
29700 0
29800 1
29900 0
30000 0
30100 1
30200 1
30300 3
30400 0
30500 1
30600 0
30700 3
30800 3
30900 0
31000 0
31100 0
31200 0
31300 3
31400 0
31500 1
31600 2
31700 2
31800 2
31900 2
32000 1
32100 3
32200 1
32300 1
32400 1
32500 4
32600 0
32700 0
32800 1
32900 2
33000 3
33100 1
33200 1
33300 0
33400 1
33500 3
33600 3
33700 0
33800 3
33900 5
34000 0
34100 1
34200 2
34300 2
34400 0
34500 0
34600 1
34700 1
34800 1
34900 0
35000 0
35100 4
35200 2
35300 1
35400 3
35500 2
35600 3
35700 1
35800 2
35900 2
36000 10
36100 77
36200 691
36300 1647
36400 1043
36500 200
36600 9
36700 1
36800 0
36900 2
37000 8
37100 2
37200 2
37300 0
37400 3
37500 3
37600 2
37700 1
37800 2
37900 3
38000 2
38100 2
38200 1
38300 2
38400 3
38500 4
38600 4
38700 0
38800 3
38900 2
39000 3
39100 2
39200 1
39300 1
39400 2
39500 3
39600 0
39700 0
39800 1
39900 1
40000 0
40100 1
40200 0
40300 2
40400 3
40500 1
40600 0
40700 1
40800 2
40900 1
41000 3
41100 1
41200 9
41300 4
41400 0
41500 1
41600 1
41700 0
41800 0
41900 1
42000 5
42100 1
42200 2
42300 0
42400 3
42500 2
42600 2
42700 3
42800 2
42900 0
43000 0
43100 0
43200 3
43300 2
43400 1
43500 1
43600 1
43700 1
43800 2
43900 4
44000 0
44100 2
44200 1
44300 1
44400 2
44500 4
44600 2
44700 3
44800 5
44900 1
45000 1
45100 0
45200 2
45300 2
45400 2
45500 2
45600 2
45700 0
45800 3
45900 1
46000 0
46100 2
46200 3
46300 1
46400 2
46500 1
46600 0
46700 3
46800 2
46900 2
47000 1
47100 3
47200 1
47300 0
47400 3
47500 2
47600 0
47700 2
47800 4
47900 3
48000 1
48100 4
48200 2
48300 0
48400 2
48500 2
48600 5
48700 0
48800 2
48900 2
49000 2
49100 1
49200 21
49300 261
49400 1180
49500 1540
49600 500
49700 64
49800 7
49900 18
50000 9
50100 5
50200 2
50300 1
50400 0
50500 0
50600 2
50700 1
50800 2
50900 1
51000 1
51100 1
51200 0
51300 1
51400 4
51500 0
51600 0
51700 3
51800 0
51900 3
52000 1
52100 1
52200 3
52300 4
52400 1
52500 1
52600 1
52700 3
52800 2
52900 1
53000 1
53100 0
53200 5
53300 1
53400 3
53500 0
53600 2
53700 2
53800 0
53900 1
54000 2
54100 5
54200 20
54300 100
54400 108
54500 35
54600 5
54700 1
54800 2
54900 2
55000 0
55100 0
55200 1
55300 1
55400 2
55500 2
55600 1
55700 3
55800 1
55900 1
56000 1
56100 2
56200 4
56300 0
56400 2
56500 2
56600 1
56700 2
56800 1
56900 2
57000 0
57100 2
57200 1
57300 3
57400 1
57500 0
57600 1
57700 1
57800 1
57900 1
58000 2
58100 3
58200 2
58300 0
58400 4
58500 2
58600 0
58700 2
58800 2
58900 1
59000 2
59100 3
59200 0
59300 5
59400 1
59500 2
59600 1
59700 2
59800 0
59900 1
60000 1
60100 2
60200 1
60300 6
60400 3
60500 0
60600 1
60700 1
60800 2
60900 1
61000 4
61100 2
61200 1
61300 2
61400 1
61500 0
61600 4
61700 1
61800 2
61900 3
62000 0
62100 2
62200 4
62300 9
62400 75
62500 683
62600 1595
62700 1073
62800 234
62900 23
63000 7
63100 2
63200 0
63300 1
63400 4
63500 2
63600 2
63700 1
63800 4
63900 0
64000 3
64100 2
64200 1
64300 2
64400 3
64500 2
64600 0
64700 0
64800 1
64900 1
65000 4
65100 4
65200 1
65300 1
65400 4
65500 2
65600 1
65700 0
65800 1
65900 3
66000 1
66100 0
66200 2
66300 1
66400 0
66500 4
66600 2
66700 1
66800 2
66900 1
67000 1
67100 4
67200 0
67300 4
67400 8
67500 8
67600 7
67700 0
67800 3
67900 0
68000 2
68100 3
68200 1
68300 1
68400 3
68500 2
68600 1
68700 3
68800 1
68900 0
69000 3
69100 1
69200 1
69300 2
69400 5
69500 3
69600 2
69700 1
69800 2
69900 3
70000 0
70100 3
70200 2
70300 0
70400 1
70500 1
70600 2
70700 2
70800 1
70900 2
71000 1
71100 1
71200 2
71300 2
71400 3
71500 1
71600 2
71700 1
71800 0
71900 3
72000 1
72100 1
72200 0
72300 2
72400 2
72500 2
72600 1
72700 1
72800 0
72900 2
73000 2
73100 1
73200 2
73300 2
73400 1
73500 1
73600 1
73700 2
73800 3
73900 1
74000 2
74100 5
74200 2
74300 2
74400 1
74500 0
74600 0
74700 1
74800 5
74900 4
75000 2
75100 0
75200 1
75300 1
75400 4
75500 54
75600 517
75700 1524
75800 1217
75900 244
76000 22
76100 3
76200 1
76300 0
76400 1
76500 4
76600 4
76700 2
76800 2
76900 2
77000 1
77100 4
77200 4
77300 1
77400 2
77500 3
77600 0
77700 1
77800 1
77900 3
78000 2
78100 0
78200 0
78300 3
78400 3
78500 1
78600 2
78700 0
78800 1
78900 2
79000 1
79100 0
79200 1
79300 1
79400 0
79500 1
79600 2
79700 1
79800 5
79900 1
80000 1
80100 1
80200 3
80300 2
80400 2
80500 3
80600 14
80700 4
80800 3
80900 1
81000 0
81100 2
81200 1
81300 3
81400 1
81500 3
81600 0
81700 1
81800 3
81900 5
82000 5
82100 1
82200 4
82300 2
82400 3
82500 4
82600 2
82700 1
82800 2
82900 2
83000 2
83100 4
83200 1
83300 2
83400 3
83500 1
83600 5
83700 1
83800 2
83900 1
84000 3
84100 3
84200 2
84300 3
84400 1
84500 1
84600 4
84700 2
84800 1
84900 2
85000 2
85100 3
85200 2
85300 1
85400 0
85500 3
85600 1
85700 0
85800 0
85900 0
86000 0
86100 0
86200 2
86300 1
86400 3
86500 1
86600 3
86700 3
86800 2
86900 5
87000 1
87100 2
87200 0
87300 2
87400 1
87500 1
87600 2
87700 3
87800 1
87900 1
88000 0
88100 2
88200 1
88300 4
88400 3
88500 7
88600 33
88700 293
88800 1319
88900 1514
89000 477
89100 37
89200 4
89300 1
89400 5
89500 3
89600 4
89700 0
89800 0
89900 2
90000 4
90100 2
90200 1
90300 3
90400 4
90500 3
90600 0
90700 5
90800 3
90900 0
91000 1
91100 2
91200 3
91300 1
91400 1
91500 2
91600 1
91700 1
91800 1
91900 3
92000 5
92100 0
92200 1
92300 2
92400 0
92500 2
92600 0
92700 2
92800 3
92900 1
93000 0
93100 4
93200 0
93300 1
93400 1
93500 1
93600 1
93700 7
93800 6
93900 1
94000 3
94100 4
94200 1
94300 3
94400 1
94500 0
94600 5
94700 0
94800 4
94900 3
95000 2
95100 1
95200 0
95300 1
95400 1
95500 2
95600 2
95700 0
95800 3
95900 1
96000 0
96100 1
96200 1
96300 4
96400 4
96500 6
96600 2
96700 2
96800 2
96900 1
97000 4
97100 2
97200 0
97300 1
97400 2
97500 1
97600 0
97700 3
97800 2
97900 0
98000 0
98100 1
98200 3
98300 1
98400 1
98500 0
98600 4
98700 4
98800 1
98900 4
99000 3
99100 2
99200 0
99300 0
99400 0
99500 0
99600 2
99700 1
99800 1
99900 2
100000 4
100100 2
100200 2
100300 3
100400 3
100500 2
100600 1
100700 2
100800 0
100900 0
101000 0
101100 1
101200 2
101300 2
101400 1
101500 2
101600 2
101700 5
101800 102
101900 748
102000 1638
102100 994
102200 177
102300 14
102400 6
102500 2
102600 3
102700 3
102800 5
102900 2
103000 4
103100 1
103200 0
103300 4
103400 3
103500 4
103600 1
103700 5
103800 1
103900 2
104000 3
104100 2
104200 4
104300 4
104400 3
104500 1
104600 1
104700 2
104800 2
104900 0
105000 0
105100 1
105200 3
105300 2
105400 3
105500 0
105600 2
105700 1
105800 0
105900 2
106000 1
106100 0
106200 1
106300 2
106400 1
106500 5
106600 1
106700 3
106800 8
106900 10
107000 5
107100 2
107200 1
107300 4
107400 1
107500 2
107600 2
107700 0
107800 2
107900 3
108000 4
108100 3
108200 0
108300 1
108400 0
108500 2
108600 1
108700 6
108800 2
108900 0
109000 1
109100 1
109200 0
109300 3
109400 0
109500 2
109600 3
109700 0
109800 3
109900 3
110000 0
110100 1
110200 1
110300 1
110400 1
110500 1
110600 2
110700 1
110800 2
110900 0
111000 2
111100 1
111200 3
111300 1
111400 1
111500 2
111600 0
111700 1
111800 3
111900 0
112000 2
112100 0
112200 3
112300 1
112400 1
112500 2
112600 2
112700 2
112800 0
112900 0
113000 4
113100 3
113200 1
113300 2
113400 1
113500 2
113600 3
113700 2
113800 0
113900 3
114000 2
114100 4
114200 0
114300 1
114400 3
114500 2
114600 2
114700 3
114800 2
114900 41
115000 432
115100 1485
115200 1335
115300 346
115400 26
115500 3
115600 3
115700 2
115800 1
115900 1
116000 0
116100 3
116200 3
116300 1
116400 0
116500 1
116600 3
116700 1
116800 1
116900 1
117000 0
117100 1
117200 1
117300 0
117400 0
117500 4
117600 4
117700 3
117800 2
117900 1
118000 2
118100 4
118200 1
118300 3
118400 2
118500 1
118600 3
118700 1
118800 2
118900 1
119000 2
119100 1
119200 1
119300 4
119400 0
119500 1
119600 0
119700 3
119800 1
119900 5
120000 8
120100 4
120200 6
120300 3
120400 3
120500 0
120600 0
120700 2
120800 0
120900 4
121000 4
121100 0
121200 1
121300 0
121400 2
121500 0
121600 1
121700 1
121800 1
121900 1
122000 2
122100 1
122200 1
122300 2
122400 2
122500 1
122600 6
122700 0
122800 2
122900 0
123000 0
123100 2
123200 0
123300 0
123400 2
123500 0
123600 1
123700 2
123800 1
123900 3
124000 0
124100 0
124200 1
124300 3
124400 3
124500 3
124600 2
124700 2
124800 1
124900 2
125000 0
125100 2
125200 3
125300 1
125400 3
125500 1
125600 2
125700 0
125800 2
125900 1
126000 3
126100 2
126200 1
126300 1
126400 2
126500 1
126600 4
126700 1
126800 1
126900 3
127000 2
127100 1
127200 0
127300 2
127400 0
127500 1
127600 3
127700 4
127800 3
127900 5
128000 19
128100 219
128200 1161
128300 1609
128400 575
128500 59
128600 2
128700 1
128800 5
128900 1
129000 0
129100 0
129200 1
129300 3
129400 0
129500 1
129600 0
129700 2
129800 1
129900 1
130000 0
130100 1
130200 2
130300 2
130400 2
130500 0
130600 1
130700 2
130800 1
130900 1
131000 0
131100 2
131200 0
131300 0
131400 3
131500 3
131600 3
131700 1
131800 1
131900 2
132000 0
132100 2
132200 3
132300 7
132400 3
132500 0
132600 2
132700 2
132800 2
132900 2
133000 5
133100 11
133200 8
133300 7
133400 3
133500 0
133600 2
133700 2
133800 1
133900 1
134000 1
134100 1
134200 1
134300 1
134400 3
134500 1
134600 2
134700 1
134800 1
134900 2
135000 2
135100 3
135200 2
135300 1
135400 1
135500 1
135600 2
135700 0
135800 1
135900 0
136000 4
136100 0
136200 1
136300 1
136400 1
136500 0
136600 2
136700 0
136800 1
136900 0
137000 3
137100 2
137200 1
137300 1
137400 1
137500 1
137600 1
137700 2
137800 1
137900 4
138000 1
138100 1
138200 2
138300 0
138400 1
138500 0
138600 0
138700 1
138800 1
138900 0
139000 2
139100 4
139200 0
139300 1
139400 3
139500 2
139600 1
139700 1
139800 2
139900 3
140000 2
140100 1
140200 2
140300 3
140400 2
140500 1
140600 0
140700 1
140800 3
140900 0
141000 3
141100 9
141200 109
141300 709
141400 1611
141500 973
141600 169
141700 20
141800 6
141900 0
142000 0
142100 3
142200 3
142300 2
142400 2
142500 0
142600 1
142700 1
142800 3
142900 3
143000 1
143100 0
143200 2
143300 1
143400 0
143500 3
143600 3
143700 1
143800 1
143900 1
144000 1
144100 2
144200 1
144300 1
144400 0
144500 0
144600 1
144700 5
144800 0
144900 1
145000 1
145100 2
145200 1
145300 0
145400 4
145500 4
145600 1
145700 1
145800 1
145900 4
146000 1
146100 2
146200 5
146300 8
146400 7
146500 2
146600 2
146700 1
146800 2
146900 3
147000 1
147100 1
147200 0
147300 2
147400 1
147500 2
147600 1
147700 2
147800 2
147900 2
148000 2
148100 2
148200 1
148300 1
148400 1
148500 3
148600 0
148700 1
148800 3
148900 3
149000 5
149100 1
149200 1
149300 2
149400 1
149500 3
149600 2
149700 0
149800 4
149900 2
150000 1
150100 0
150200 1
150300 0
150400 1
150500 4
150600 0
150700 1
150800 4
150900 0
151000 5
151100 2
151200 3
151300 1
151400 3
151500 3
151600 3
151700 5
151800 1
151900 3
152000 2
152100 2
152200 3
152300 2
152400 4
152500 1
152600 1
152700 2
152800 3
152900 3
153000 1
153100 1
153200 2
153300 1
153400 5
153500 5
153600 3
153700 4
153800 1
153900 1
154000 0
154100 0
154200 8
154300 42
154400 350
154500 1416
154600 1356
154700 454
154800 46
154900 5
155000 1
155100 0
155200 3
155300 3
155400 2
155500 3
155600 0
155700 3
155800 3
155900 0
156000 2
156100 3
156200 4
156300 3
156400 0
156500 1
156600 3
156700 0
156800 0
156900 1
157000 1
157100 0
157200 1
157300 2
157400 0
157500 3
157600 1
157700 4
157800 2
157900 1
158000 1
158100 0
158200 3
158300 0
158400 4
158500 3
158600 4
158700 0
158800 1
158900 3
159000 0
159100 1
159200 2
159300 5
159400 10
159500 9
159600 5
159700 3
159800 2
159900 3
160000 0
160100 0
160200 4
160300 2
160400 0
160500 0
160600 2
160700 1
160800 1
160900 0
161000 1
161100 4
161200 2
161300 0
161400 2
161500 2
161600 3
161700 0
161800 0
161900 1
162000 4
162100 2
162200 1
162300 2
162400 2
162500 1
162600 3
162700 6
162800 1
162900 0
163000 1
163100 1
163200 2
163300 0
163400 3
163500 2
163600 4
163700 1
163800 2
163900 1
164000 2
164100 2
164200 1
164300 0
164400 0
164500 3
164600 1
164700 1
164800 3
164900 2
165000 2
165100 4
165200 4
165300 1
165400 0
165500 1
165600 1
165700 1
165800 3
165900 0
166000 2
166100 5
166200 3
166300 2
166400 2
166500 2
166600 2
166700 1
166800 1
166900 0
167000 2
167100 2
167200 1
167300 3
167400 18
167500 176
167600 1018
167700 1614
167800 736
167900 95
168000 5
168100 3
168200 5
168300 3
168400 0
168500 1
168600 0
168700 2
168800 1
168900 2
169000 3
169100 0
169200 0
169300 1
169400 1
169500 2
169600 1
169700 5
169800 0
169900 3
170000 2
170100 4
170200 3
170300 1
170400 2
170500 4
170600 1
170700 3
170800 2
170900 4
171000 1
171100 4
171200 0
171300 4
171400 0
171500 2
171600 1
171700 2
171800 0
171900 2
172000 0
172100 4
172200 4
172300 1
172400 2
172500 6
172600 6
172700 4
172800 1
172900 2
173000 1
173100 1
173200 1
173300 6
173400 1
173500 1
173600 0
173700 1
173800 0
173900 1
174000 2
174100 1
174200 2
174300 5
174400 0
174500 4
174600 0
174700 2
174800 1
174900 3
175000 2
175100 1
175200 2
175300 0
175400 1
175500 2
175600 4
175700 1
175800 1
175900 0
176000 3
176100 3
176200 0
176300 1
176400 1
176500 0
176600 3
176700 1
176800 2
176900 2
177000 2
177100 0
177200 2
177300 1
177400 2
177500 0
177600 1
177700 2
177800 1
177900 1
178000 1
178100 4
178200 0
178300 0
178400 2
178500 4
178600 2
178700 2
178800 2
178900 3
179000 0
179100 1
179200 1
179300 1
179400 2
179500 3
179600 3
179700 1
179800 4
179900 1
180000 1
180100 1
180200 4
180300 2
180400 3
180500 4
180600 61
180700 657
180800 1648
180900 1153
181000 224
181100 14
181200 1
181300 3
181400 0
181500 2
181600 3
181700 2
181800 1
181900 0
182000 1
182100 0
182200 0
182300 8
182400 9
182500 9
182600 0
182700 0
182800 2
182900 4
183000 0
183100 3
183200 1
183300 1
183400 2
183500 0
183600 0
183700 1
183800 1
183900 4
184000 0
184100 0
184200 2
184300 4
184400 3
184500 0
184600 3
184700 3
184800 1
184900 2
185000 4
185100 3
185200 4
185300 1
185400 1
185500 1
185600 6
185700 8
185800 0
185900 5
186000 3
186100 2
186200 1
186300 0
186400 0
186500 0
186600 2
186700 3
186800 1
186900 1
187000 2
187100 4
187200 2
187300 1
187400 2
187500 3
187600 1
187700 0
187800 2
187900 5
188000 1
188100 1
188200 4
188300 3
188400 0
188500 1
188600 0
188700 0
188800 1
188900 1
189000 4
189100 1
189200 4
189300 0
189400 2
189500 2
189600 0
189700 1
189800 2
189900 1
190000 3
190100 2
190200 1
190300 1
190400 2
190500 2
190600 2
190700 3
190800 0
190900 0
191000 2
191100 1
191200 1
191300 5
191400 0
191500 1
191600 1
191700 3
191800 2
191900 1
192000 5
192100 3
192200 2
192300 4
192400 2
192500 2
192600 1
192700 3
192800 0
192900 2
193000 2
193100 0
193200 2
193300 0
193400 2
193500 4
193600 6
193700 35
193800 300
193900 1257
194000 1533
194100 490
194200 57
194300 6
194400 2
194500 2
194600 2
194700 3
194800 0
194900 2
195000 3
195100 2
195200 1
195300 0
195400 2
195500 3
195600 3
195700 3
195800 2
195900 0
196000 0
196100 4
196200 2
196300 1
196400 1
196500 0
196600 2
196700 1
196800 1
196900 0
197000 3
197100 1
197200 3
197300 3
197400 0
197500 2
197600 1
197700 0
197800 1
197900 1
198000 1
198100 2
198200 1
198300 1
198400 1
198500 0
198600 5
198700 4
198800 6
198900 4
199000 5
199100 2
199200 1
199300 2
199400 0
199500 4
199600 3
199700 0
199800 1
199900 0
200000 2
200100 1
200200 1
200300 5
200400 3
200500 1
200600 1
200700 2
200800 3
200900 5
201000 0
201100 3
201200 1
201300 1
201400 3
201500 0
201600 0
201700 2
201800 1
201900 0
202000 0
202100 2
202200 2
202300 3
202400 2
202500 0
202600 2
202700 1
202800 2
202900 1
203000 2
203100 0
203200 0
203300 3
203400 0
203500 1
203600 0
203700 3
203800 2
203900 1
204000 1
204100 2
204200 2
204300 1
204400 3
204500 3
204600 0
204700 4
204800 1
204900 0
205000 1
205100 2
205200 1
205300 2
205400 0
205500 2
205600 1
205700 1
205800 0
205900 2
206000 2
206100 2
206200 1
206300 1
206400 0
206500 3
206600 2
206700 3
206800 13
206900 168
207000 1004
207100 1547
207200 750
207300 127
207400 18
207500 1
207600 3
207700 1
207800 2
207900 2
208000 2
208100 2
208200 0
208300 1
208400 2
208500 5
208600 1
208700 4
208800 2
208900 2
209000 1
209100 0
209200 0
209300 1
209400 1
209500 0
209600 1
209700 3
209800 1
209900 0
210000 4
210100 2
210200 0
210300 0
210400 0
210500 2
210600 1
210700 2
210800 3
210900 2
211000 1
211100 4
211200 3
211300 2
211400 1
211500 1
211600 6
211700 0
211800 1
211900 5
212000 9
212100 7
212200 3
212300 4
212400 3
212500 2
212600 2
212700 3
212800 0
212900 0
213000 1
213100 2
213200 2
213300 5
213400 2
213500 0
213600 2
213700 3
213800 0
213900 1
214000 0
214100 1
214200 1
214300 0
214400 1
214500 0
214600 2
214700 5
214800 1
214900 1
215000 1
215100 0
215200 3
215300 1
215400 2
215500 2
215600 1
215700 1
215800 3
215900 2
216000 0
216100 0
216200 5
216300 1
216400 3
216500 4
216600 5
216700 3
216800 5
216900 2
217000 1
217100 0
217200 0
217300 3
217400 2
217500 0
217600 1
217700 1
217800 3
217900 2
218000 4
218100 1
218200 2
218300 1
218400 1
218500 1
218600 5
218700 1
218800 1
218900 0
219000 2
219100 3
219200 1
219300 4
219400 1
219500 4
219600 5
219700 3
219800 1
219900 5
220000 73
220100 643
220200 1531
220300 1198
220400 248
220500 23
220600 5
220700 4
220800 5
220900 1
221000 2
221100 1
221200 2
221300 1
221400 4
221500 2
221600 0
221700 2
221800 2
221900 0
222000 2
222100 0
222200 2
222300 2
222400 0
222500 1
222600 0
222700 1
222800 0
222900 0
223000 1
223100 0
223200 3
223300 1
223400 1
223500 0
223600 0
223700 1
223800 3
223900 2
224000 1
224100 2
224200 2
224300 1
224400 1
224500 2
224600 1
224700 3
224800 0
224900 2
225000 9
225100 6
225200 6
225300 4
225400 3
225500 0
225600 1
225700 3
225800 0
225900 1
226000 1
226100 4
226200 1
226300 2
226400 1
226500 1
226600 0
226700 3
226800 3
226900 0
227000 2
227100 1
227200 1
227300 0
227400 1
227500 1
227600 3
227700 1
227800 1
227900 1
228000 3
228100 1
228200 1
228300 3
228400 4
228500 2
228600 2
228700 1
228800 0
228900 3
229000 1
229100 2
229200 1
229300 1
229400 4
229500 1
229600 1
229700 1
229800 5
229900 2
230000 3
230100 1
230200 1
230300 2
230400 2
230500 1
230600 2
230700 3
230800 1
230900 5
231000 1
231100 0
231200 7
231300 1
231400 2
231500 1
231600 0
231700 1
231800 1
231900 5
232000 3
232100 4
232200 2
232300 4
232400 1
232500 1
232600 1
232700 2
232800 1
232900 2
233000 5
233100 32
233200 408
233300 1399
233400 1418
233500 403
233600 37
233700 7
233800 3
233900 1
234000 1
234100 4
234200 3
234300 2
234400 1
234500 3
234600 2
234700 2
234800 0
234900 3
235000 2
235100 2
235200 1
235300 1
235400 2
235500 2
235600 1
235700 0
235800 2
235900 0
236000 6
236100 3
236200 1
236300 1
236400 1
236500 2
236600 3
236700 2
236800 2
236900 3
237000 1
237100 3
237200 2
237300 1
237400 0
237500 0
237600 0
237700 1
237800 0
237900 1
238000 1
238100 4
238200 8
238300 11
238400 6
238500 3
238600 0
238700 0
238800 1
238900 1
239000 1
239100 1
239200 0
239300 4
239400 1
239500 2
239600 3
239700 3
239800 2
239900 1
240000 0
240100 2
240200 2
240300 2
240400 0
240500 1
240600 1
240700 3
240800 2
240900 0
241000 2
241100 1
241200 1
241300 2
241400 1
241500 1
241600 4
241700 0
241800 4
241900 1
242000 0
242100 1
242200 4
242300 2
242400 1
242500 0
242600 1
242700 2
242800 4
242900 0
243000 1
243100 6
243200 5
243300 1
243400 4
243500 3
243600 0
243700 2
243800 2
243900 1
244000 0
244100 1
244200 2
244300 0
244400 2
244500 1
244600 3
244700 2
244800 2
244900 0
245000 1
245100 1
245200 7
245300 0
245400 1
245500 3
245600 1
245700 3
245800 1
245900 3
246000 4
246100 1
246200 22
246300 191
246400 940
246500 1502
246600 833
246700 128
246800 9
246900 3
247000 3
247100 0
247200 3
247300 2
247400 1
247500 3
247600 2
247700 0
247800 1
247900 1
248000 2
248100 1
248200 4
248300 2
248400 2
248500 1
248600 5
248700 1
248800 2
248900 2
249000 1
249100 4
249200 4
249300 0
249400 3
249500 2
249600 1
249700 2
249800 0
249900 3
250000 1
250100 1
250200 1
250300 0
250400 0
250500 1
250600 2
250700 2
250800 1
250900 3
251000 2
251100 1
251200 3
251300 5
251400 11
251500 5
251600 1
251700 2
251800 2
251900 3
252000 2
252100 0
252200 1
252300 2
252400 1
252500 1
252600 2
252700 2
252800 1
252900 2
253000 1
253100 3
253200 0
253300 4
253400 0
253500 1
253600 1
253700 2
253800 3
253900 1
254000 2
254100 1
254200 2
254300 3
254400 1
254500 0
254600 2
254700 4
254800 0
254900 1
255000 6
255100 7
255200 1
255300 0
255400 1
255500 0
255600 1
255700 0
255800 1
255900 1
256000 2
256100 2
256200 1
256300 3
256400 1
256500 0
256600 2
256700 2
256800 0
256900 2
257000 1
257100 0
257200 1
257300 1
257400 2
257500 1
257600 1
257700 0
257800 1
257900 2
258000 1
258100 4
258200 3
258300 2
258400 1
258500 0
258600 3
258700 3
258800 0
258900 4
259000 3
259100 5
259200 3
259300 8
259400 87
259500 579
259600 1470
259700 1203
259800 262
259900 22
260000 2
260100 2
260200 3
260300 1
260400 1
260500 2
260600 1
260700 1
260800 1
260900 3
261000 0
261100 1
261200 1
261300 5
261400 1
261500 0
261600 0
261700 1
261800 1
261900 2
262000 1
262100 3
262200 1
262300 2
262400 2
262500 0
262600 2
262700 1
262800 3
262900 0
263000 2
263100 4
263200 1
263300 2
263400 3
263500 2
263600 4
263700 1
263800 0
263900 0
264000 1
264100 2
264200 3
264300 1
264400 4
264500 10
264600 9
264700 3
264800 2
264900 2
265000 1
265100 3
265200 2
265300 2
265400 2
265500 0
265600 0
265700 2
265800 1
265900 3
266000 2
266100 2
266200 3
266300 2
266400 1
266500 3
266600 3
266700 1
266800 1
266900 3
267000 1
267100 2
267200 0
267300 1
267400 1
267500 2
267600 0
267700 1
267800 2
267900 3
268000 1
268100 2
268200 2
268300 0
268400 4
268500 2
268600 1
268700 5
268800 2
268900 2
269000 0
269100 1
269200 2
269300 1
269400 4
269500 1
269600 4
269700 0
269800 4
269900 1
270000 1
270100 0
270200 3
270300 0
270400 3
270500 2
270600 2
270700 1
270800 2
270900 2
271000 5
271100 2
271200 3
271300 5
271400 1
271500 0
271600 1
271700 1
271800 3
271900 2
272000 3
272100 3
272200 4
272300 1
272400 2
272500 40
272600 365
272700 1287
272800 1379
272900 451
273000 52
273100 6
273200 4
273300 0
273400 2
273500 2
273600 2
273700 2
273800 3
273900 1
274000 1
274100 2
274200 1
274300 2
274400 3
274500 0
274600 3
274700 0
274800 2
274900 0
275000 2
275100 0
275200 1
275300 0
275400 0
275500 1
275600 1
275700 2
275800 1
275900 1
276000 0
276100 1
276200 0
276300 3
276400 2
276500 2
276600 1
276700 2
276800 0
276900 3
277000 1
277100 2
277200 2
277300 0
277400 2
277500 3
277600 8
277700 7
277800 4
277900 1
278000 4
278100 3
278200 1
278300 4
278400 2
278500 0
278600 2
278700 3
278800 0
278900 1
279000 1
279100 2
279200 1
279300 2
279400 3
279500 2
279600 1
279700 2
279800 3
279900 1
280000 2
280100 1
280200 2
280300 2
280400 4
280500 2
280600 2
280700 2
280800 2
280900 2
281000 0
281100 3
281200 3
281300 2
281400 2
281500 0
281600 0
281700 1
281800 0
281900 2
282000 3
282100 3
282200 0
282300 2
282400 0
282500 0
282600 1
282700 0
282800 3
282900 2
283000 0
283100 1
283200 5
283300 1
283400 1
283500 0
283600 2
283700 1
283800 0
283900 2
284000 3
284100 1
284200 2
284300 2
284400 3
284500 0
284600 2
284700 0
284800 3
284900 0
285000 1
285100 0
285200 1
285300 2
285400 1
285500 5
285600 14
285700 188
285800 915
285900 1553
286000 796
286100 137
286200 11
286300 1
286400 1
286500 0
286600 2
286700 0
286800 2
286900 1
287000 3
287100 0
287200 4
287300 1
287400 0
287500 2
287600 2
287700 2
287800 3
287900 4
288000 0
288100 0
288200 3
288300 0
288400 3
288500 1
288600 1
288700 0
288800 4
288900 4
289000 3
289100 2
289200 1
289300 2
289400 1
289500 4
289600 1
289700 4
289800 2
289900 2
290000 1
290100 1
290200 0
290300 1
290400 1
290500 2
290600 1
290700 3
290800 8
290900 7
291000 1
291100 2
291200 3
291300 5
291400 0
291500 3
291600 1
291700 0
291800 2
291900 1
292000 0
292100 4
292200 1
292300 2
292400 0
292500 1
292600 3
292700 1
292800 0
292900 5
293000 2
293100 1
293200 2
293300 1
293400 3
293500 2
293600 3
293700 0
293800 2
293900 4
294000 0
294100 1
294200 1
294300 2
294400 1
294500 4
294600 2
294700 3
294800 0
294900 1
295000 3
295100 1
295200 1
295300 1
295400 2
295500 0
295600 2
295700 0
295800 2
295900 1
296000 1
296100 3
296200 2
296300 1
296400 1
296500 0
296600 0
296700 1
296800 0
296900 4
297000 2
297100 1
297200 1
297300 0
297400 1
297500 5
297600 1
297700 2
297800 5
297900 0
298000 2
298100 2
298200 0
298300 2
298400 2
298500 0
298600 3
298700 11
298800 70
298900 601
299000 1482
299100 1257
299200 300
299300 18
299400 4
299500 3
299600 0
299700 4
299800 2
299900 1
300000 3
300100 1
300200 1
300300 0
300400 0
300500 2
300600 1
300700 1
300800 3
300900 2
301000 1
301100 1
301200 1
301300 4
301400 1
301500 1
301600 0
301700 2
301800 1
301900 0
302000 1
302100 1
302200 1
302300 3
302400 2
302500 0
302600 2
302700 3
302800 1
302900 1
303000 2
303100 5
303200 0
303300 0
303400 0
303500 2
303600 1
303700 2
303800 9
303900 11
304000 8
304100 3
304200 3
304300 1
304400 0
304500 2
304600 1
304700 2
304800 3
304900 0
305000 2
305100 0
305200 1
305300 1
305400 2
305500 1
305600 0
305700 1
305800 0
305900 0
306000 1
306100 1
306200 1
306300 0
306400 2
306500 1
306600 0
306700 3
306800 4
306900 2
307000 0
307100 3
307200 2
307300 0
307400 3
307500 1
307600 1
307700 2
307800 0
307900 0
308000 3
308100 4
308200 3
308300 2
308400 0
308500 2
308600 1
308700 2
308800 1
308900 1
309000 1
309100 0
309200 1
309300 3
309400 1
309500 1
309600 1
309700 2
309800 0
309900 1
