-290000 7
-289900 2
-289800 5
-289700 6
-289600 3
-289500 2
-289400 8
-289300 5
-289200 6
-289100 9
-289000 3
-288900 8
-288800 6
-288700 4
-288600 5
-288500 6
-288400 4
-288300 4
-288200 6
-288100 2
-288000 6
-287900 4
-287800 6
-287700 2
-287600 6
-287500 8
-287400 12
-287300 21
-287200 70
-287100 73
-287000 15
-286900 10
-286800 4
-286700 8
-286600 2
-286500 3
-286400 3
-286300 3
-286200 4
-286100 3
-286000 6
-285900 4
-285800 6
-285700 5
-285600 6
-285500 6
-285400 8
-285300 4
-285200 7
-285100 7
-285000 7
-284900 4
-284800 6
-284700 11
-284600 5
-284500 5
-284400 4
-284300 2
-284200 5
-284100 8
-284000 4
-283900 1
-283800 7
-283700 1
-283600 7
-283500 9
-283400 2
-283300 3
-283200 7
-283100 12
-283000 4
-282900 8
-282800 1
-282700 7
-282600 1
-282500 6
-282400 9
-282300 11
-282200 3
-282100 4
-282000 7
-281900 5
-281800 10
-281700 3
-281600 4
-281500 4
-281400 7
-281300 3
-281200 8
-281100 5
-281000 7
-280900 7
-280800 4
-280700 3
-280600 5
-280500 5
-280400 7
-280300 8
-280200 5
-280100 10
-280000 1
-279900 5
-279800 10
-279700 4
-279600 9
-279500 9
-279400 18
-279300 26
-279200 156
-279100 1637
-279000 8579
-278900 14966
-278800 7771
-278700 1392
-278600 124
-278500 28
-278400 22
-278300 20
-278200 9
-278100 4
-278000 9
-277900 5
-277800 10
-277700 3
-277600 4
-277500 3
-277400 5
-277300 7
-277200 4
-277100 4
-277000 5
-276900 8
-276800 3
-276700 3
-276600 9
-276500 8
-276400 5
-276300 5
-276200 7
-276100 8
-276000 1
-275900 5
-275800 8
-275700 9
-275600 8
-275500 5
-275400 3
-275300 6
-275200 8
-275100 3
-275000 6
-274900 6
-274800 3
-274700 5
-274600 4
-274500 5
-274400 5
-274300 7
-274200 15
-274100 50
-274000 54
-273900 30
-273800 9
-273700 3
-273600 3
-273500 7
-273400 3
-273300 6
-273200 3
-273100 4
-273000 5
-272900 9
-272800 7
-272700 6
-272600 5
-272500 4
-272400 3
-272300 6
-272200 8
-272100 3
-272000 6
-271900 8
-271800 7
-271700 4
-271600 4
-271500 4
-271400 5
-271300 5
-271200 4
-271100 8
-271000 3
-270900 7
-270800 8
-270700 10
-270600 4
-270500 8
-270400 3
-270300 10
-270200 6
-270100 6
-270000 6
-269900 9
-269800 9
-269700 8
-269600 5
-269500 5
-269400 1
-269300 9
-269200 3
-269100 9
-269000 5
-268900 6
-268800 4
-268700 5
-268600 7
-268500 1
-268400 2
-268300 4
-268200 1
-268100 6
-268000 1
-267900 6
-267800 8
-267700 6
-267600 6
-267500 5
-267400 14
-267300 9
-267200 8
-267100 7
-267000 3
-266900 5
-266800 5
-266700 13
-266600 5
-266500 7
-266400 13
-266300 12
-266200 20
-266100 91
-266000 715
-265900 5647
-265800 14458
-265700 10970
-265600 2605
-265500 273
-265400 41
-265300 24
-265200 14
-265100 14
-265000 5
-264900 8
-264800 3
-264700 5
-264600 6
-264500 3
-264400 7
-264300 5
-264200 12
-264100 6
-264000 5
-263900 5
-263800 5
-263700 4
-263600 2
-263500 8
-263400 9
-263300 4
-263200 0
-263100 5
-263000 4
-262900 5
-262800 6
-262700 4
-262600 2
-262500 9
-262400 7
-262300 8
-262200 6
-262100 1
-262000 4
-261900 2
-261800 4
-261700 5
-261600 6
-261500 6
-261400 7
-261300 5
-261200 4
-261100 9
-261000 28
-260900 55
-260800 51
-260700 15
-260600 7
-260500 5
-260400 6
-260300 2
-260200 4
-260100 9
-260000 7
-259900 5
-259800 1
-259700 7
-259600 4
-259500 2
-259400 7
-259300 9
-259200 8
-259100 9
-259000 8
-258900 9
-258800 6
-258700 5
-258600 7
-258500 3
-258400 3
-258300 8
-258200 6
-258100 3
-258000 5
-257900 3
-257800 7
-257700 5
-257600 5
-257500 2
-257400 6
-257300 5
-257200 4
-257100 9
-257000 5
-256900 5
-256800 3
-256700 5
-256600 2
-256500 4
-256400 3
-256300 4
-256200 6
-256100 5
-256000 4
-255900 4
-255800 10
-255700 4
-255600 5
-255500 8
-255400 4
-255300 2
-255200 2
-255100 3
-255000 6
-254900 5
-254800 1
-254700 5
-254600 2
-254500 5
-254400 3
-254300 7
-254200 11
-254100 9
-254000 9
-253900 7
-253800 6
-253700 6
-253600 10
-253500 5
-253400 6
-253300 9
-253200 17
-253100 25
-253000 47
-252900 309
-252800 3095
-252700 12108
-252600 13830
-252500 4781
-252400 514
-252300 35
-252200 24
-252100 23
-252000 7
-251900 12
-251800 2
-251700 8
-251600 2
-251500 5
-251400 6
-251300 2
-251200 3
-251100 5
-251000 9
-250900 5
-250800 4
-250700 6
-250600 6
-250500 8
-250400 7
-250300 7
-250200 1
-250100 4
-250000 3
-249900 10
-249800 14
-249700 6
-249600 7
-249500 5
-249400 4
-249300 4
-249200 6
-249100 5
-249000 5
-248900 9
-248800 4
-248700 7
-248600 3
-248500 1
-248400 8
-248300 0
-248200 2
-248100 4
-248000 4
-247900 32
-247800 58
-247700 69
-247600 22
-247500 9
-247400 7
-247300 3
-247200 9
-247100 8
-247000 0
-246900 2
-246800 6
-246700 6
-246600 5
-246500 6
-246400 3
-246300 5
-246200 4
-246100 4
-246000 3
-245900 3
-245800 8
-245700 2
-245600 5
-245500 3
-245400 1
-245300 3
-245200 7
-245100 6
-245000 4
-244900 5
-244800 5
-244700 10
-244600 4
-244500 3
-244400 4
-244300 10
-244200 3
-244100 4
-244000 8
-243900 2
-243800 9
-243700 7
-243600 4
-243500 8
-243400 4
-243300 6
-243200 8
-243100 7
-243000 1
-242900 5
-242800 4
-242700 11
-242600 2
-242500 6
-242400 3
-242300 4
-242200 6
-242100 5
-242000 3
-241900 7
-241800 12
-241700 1
-241600 7
-241500 3
-241400 5
-241300 8
-241200 6
-241100 7
-241000 9
-240900 2
-240800 7
-240700 7
-240600 6
-240500 8
-240400 3
-240300 6
-240200 7
-240100 20
-240000 26
-239900 27
-239800 106
-239700 1332
-239600 7926
-239500 15352
-239400 8531
-239300 1448
-239200 125
-239100 21
-239000 16
-238900 20
-238800 7
-238700 2
-238600 5
-238500 5
-238400 6
-238300 5
-238200 7
-238100 9
-238000 11
-237900 3
-237800 7
-237700 2
-237600 5
-237500 9
-237400 3
-237300 6
-237200 5
-237100 6
-237000 5
-236900 8
-236800 4
-236700 5
-236600 4
-236500 5
-236400 10
-236300 7
-236200 5
-236100 2
-236000 4
-235900 2
-235800 3
-235700 9
-235600 7
-235500 4
-235400 5
-235300 3
-235200 4
-235100 4
-235000 8
-234900 7
-234800 16
-234700 44
-234600 90
-234500 35
-234400 8
-234300 5
-234200 9
-234100 5
-234000 1
-233900 5
-233800 3
-233700 5
-233600 3
-233500 6
-233400 1
-233300 4
-233200 6
-233100 4
-233000 9
-232900 3
-232800 3
-232700 7
-232600 4
-232500 9
-232400 4
-232300 7
-232200 5
-232100 8
-232000 7
-231900 5
-231800 5
-231700 3
-231600 10
-231500 3
-231400 4
-231300 3
-231200 5
-231100 8
-231000 2
-230900 7
-230800 2
-230700 5
-230600 4
-230500 1
-230400 3
-230300 10
-230200 2
-230100 9
-230000 4
-229900 5
-229800 5
-229700 4
-229600 2
-229500 5
-229400 5
-229300 6
-229200 2
-229100 4
-229000 7
-228900 3
-228800 6
-228700 4
-228600 3
-228500 7
-228400 7
-228300 2
-228200 3
-228100 3
-228000 7
-227900 10
-227800 5
-227700 5
-227600 5
-227500 6
-227400 3
-227300 9
-227200 7
-227100 7
-227000 9
-226900 18
-226800 22
-226700 53
-226600 543
-226500 4658
-226400 14079
-226300 12134
-226200 3126
-226100 299
-226000 44
-225900 31
-225800 9
-225700 8
-225600 5
-225500 7
-225400 8
-225300 6
-225200 7
-225100 2
-225000 4
-224900 6
-224800 9
-224700 5
-224600 6
-224500 6
-224400 6
-224300 3
-224200 7
-224100 3
-224000 4
-223900 2
-223800 6
-223700 3
-223600 2
-223500 4
-223400 4
-223300 8
-223200 4
-223100 4
-223000 4
-222900 6
-222800 6
-222700 4
-222600 6
-222500 5
-222400 6
-222300 2
-222200 2
-222100 4
-222000 5
-221900 2
-221800 3
-221700 4
-221600 37
-221500 65
-221400 51
-221300 19
-221200 7
-221100 9
-221000 6
-220900 2
-220800 3
-220700 8
-220600 5
-220500 8
-220400 8
-220300 3
-220200 4
-220100 3
-220000 5
-219900 4
-219800 7
-219700 5
-219600 6
-219500 2
-219400 5
-219300 4
-219200 4
-219100 3
-219000 4
-218900 4
-218800 9
-218700 3
-218600 7
-218500 7
-218400 5
-218300 3
-218200 1
-218100 5
-218000 2
-217900 2
-217800 7
-217700 4
-217600 7
-217500 10
-217400 7
-217300 4
-217200 6
-217100 7
-217000 4
-216900 7
-216800 4
-216700 4
-216600 5
-216500 5
-216400 5
-216300 6
-216200 9
-216100 2
-216000 2
-215900 5
-215800 6
-215700 4
-215600 6
-215500 8
-215400 5
-215300 6
-215200 5
-215100 7
-215000 3
-214900 5
-214800 8
-214700 4
-214600 7
-214500 3
-214400 7
-214300 1
-214200 6
-214100 5
-214000 2
-213900 9
-213800 17
-213700 19
-213600 32
-213500 311
-213400 3156
-213300 12148
-213200 14146
-213100 4759
-213000 528
-212900 54
-212800 21
-212700 21
-212600 12
-212500 7
-212400 6
-212300 7
-212200 6
-212100 4
-212000 8
-211900 4
-211800 7
-211700 8
-211600 7
-211500 2
-211400 6
-211300 2
-211200 8
-211100 5
-211000 5
-210900 3
-210800 4
-210700 5
-210600 9
-210500 10
-210400 3
-210300 5
-210200 6
-210100 5
-210000 8
-209900 10
-209800 3
-209700 6
-209600 5
-209500 9
-209400 7
-209300 6
-209200 7
-209100 7
-209000 11
-208900 7
-208800 6
-208700 5
-208600 8
-208500 30
-208400 67
-208300 64
-208200 11
-208100 8
-208000 5
-207900 6
-207800 7
-207700 5
-207600 7
-207500 6
-207400 3
-207300 6
-207200 2
-207100 9
-207000 7
-206900 7
-206800 4
-206700 4
-206600 5
-206500 3
-206400 5
-206300 8
-206200 3
-206100 11
-206000 4
-205900 7
-205800 9
-205700 7
-205600 6
-205500 4
-205400 13
-205300 3
-205200 12
-205100 4
-205000 8
-204900 3
-204800 6
-204700 5
-204600 2
-204500 6
-204400 7
-204300 3
-204200 6
-204100 5
-204000 4
-203900 7
-203800 8
-203700 4
-203600 4
-203500 5
-203400 9
-203300 4
-203200 4
-203100 6
-203000 7
-202900 2
-202800 4
-202700 0
-202600 4
-202500 5
-202400 4
-202300 3
-202200 7
-202100 6
-202000 2
-201900 5
-201800 7
-201700 7
-201600 5
-201500 6
-201400 8
-201300 10
-201200 6
-201100 3
-201000 2
-200900 6
-200800 7
-200700 10
-200600 13
-200500 35
-200400 180
-200300 1743
-200200 9427
-200100 15289
-200000 7054
-199900 1067
-199800 89
-199700 18
-199600 19
-199500 11
-199400 4
-199300 8
-199200 2
-199100 7
-199000 6
-198900 8
-198800 5
-198700 6
-198600 7
-198500 9
-198400 14
-198300 11
-198200 11
-198100 6
-198000 3
-197900 3
-197800 9
-197700 6
-197600 5
-197500 7
-197400 1
-197300 5
-197200 8
-197100 5
-197000 4
-196900 5
-196800 4
-196700 7
-196600 2
-196500 5
-196400 1
-196300 3
-196200 5
-196100 6
-196000 5
-195900 3
-195800 6
-195700 10
-195600 5
-195500 5
-195400 24
-195300 42
-195200 67
-195100 30
-195000 12
-194900 5
-194800 5
-194700 7
-194600 0
-194500 3
-194400 5
-194300 5
-194200 2
-194100 9
-194000 6
-193900 11
-193800 4
-193700 9
-193600 4
-193500 5
-193400 5
-193300 2
-193200 0
-193100 4
-193000 10
-192900 9
-192800 5
-192700 8
-192600 4
-192500 5
-192400 5
-192300 6
-192200 6
-192100 4
-192000 3
-191900 2
-191800 1
-191700 4
-191600 5
-191500 3
-191400 5
-191300 1
-191200 5
-191100 6
-191000 6
-190900 6
-190800 4
-190700 8
-190600 7
-190500 2
-190400 5
-190300 2
-190200 6
-190100 6
-190000 2
-189900 7
-189800 8
-189700 4
-189600 9
-189500 6
-189400 8
-189300 3
-189200 5
-189100 7
-189000 5
-188900 5
-188800 7
-188700 5
-188600 7
-188500 13
-188400 5
-188300 6
-188200 8
-188100 3
-188000 4
-187900 8
-187800 6
-187700 8
-187600 13
-187500 20
-187400 31
-187300 66
-187200 677
-187100 5334
-187000 14453
-186900 11148
-186800 2604
-186700 235
-186600 30
-186500 33
-186400 17
-186300 6
-186200 8
-186100 7
-186000 8
-185900 9
-185800 7
-185700 8
-185600 5
-185500 6
-185400 4
-185300 5
-185200 7
-185100 5
-185000 8
-184900 3
-184800 4
-184700 6
-184600 6
-184500 1
-184400 6
-184300 7
-184200 9
-184100 8
-184000 5
-183900 5
-183800 8
-183700 6
-183600 8
-183500 3
-183400 8
-183300 2
-183200 4
-183100 10
-183000 9
-182900 9
-182800 6
-182700 5
-182600 5
-182500 3
-182400 6
-182300 12
-182200 32
-182100 78
-182000 48
-181900 15
-181800 2
-181700 5
-181600 5
-181500 3
-181400 3
-181300 5
-181200 4
-181100 3
-181000 4
-180900 3
-180800 6
-180700 7
-180600 6
-180500 7
-180400 8
-180300 5
-180200 6
-180100 1
-180000 1
-179900 3
-179800 12
-179700 3
-179600 4
-179500 3
-179400 2
-179300 6
-179200 2
-179100 2
-179000 9
-178900 6
-178800 7
-178700 7
-178600 4
-178500 6
-178400 2
-178300 7
-178200 3
-178100 3
-178000 6
-177900 3
-177800 9
-177700 3
-177600 2
-177500 5
-177400 10
-177300 8
-177200 3
-177100 6
-177000 7
-176900 10
-176800 3
-176700 5
-176600 6
-176500 5
-176400 6
-176300 13
-176200 4
-176100 12
-176000 4
-175900 3
-175800 10
-175700 3
-175600 5
-175500 7
-175400 9
-175300 5
-175200 2
-175100 2
-175000 0
-174900 3
-174800 4
-174700 3
-174600 11
-174500 8
-174400 21
-174300 29
-174200 36
-174100 240
-174000 2503
-173900 11172
-173800 14709
-173700 5459
-173600 607
-173500 49
-173400 31
-173300 19
-173200 14
-173100 4
-173000 4
-172900 8
-172800 7
-172700 11
-172600 7
-172500 8
-172400 6
-172300 7
-172200 12
-172100 11
-172000 5
-171900 6
-171800 3
-171700 12
-171600 7
-171500 12
-171400 8
-171300 7
-171200 4
-171100 8
-171000 4
-170900 6
-170800 11
-170700 7
-170600 2
-170500 0
-170400 3
-170300 8
-170200 4
-170100 3
-170000 7
-169900 1
-169800 6
-169700 6
-169600 2
-169500 5
-169400 6
-169300 6
-169200 6
-169100 29
-169000 46
-168900 60
-168800 27
-168700 9
-168600 6
-168500 7
-168400 7
-168300 4
-168200 5
-168100 7
-168000 6
-167900 8
-167800 3
-167700 4
-167600 5
-167500 2
-167400 5
-167300 3
-167200 9
-167100 5
-167000 4
-166900 3
-166800 7
-166700 5
-166600 6
-166500 5
-166400 7
-166300 3
-166200 1
-166100 7
-166000 8
-165900 7
-165800 3
-165700 4
-165600 4
-165500 4
-165400 7
-165300 7
-165200 9
-165100 5
-165000 8
-164900 4
-164800 4
-164700 6
-164600 4
-164500 4
-164400 5
-164300 7
-164200 7
-164100 4
-164000 4
-163900 6
-163800 5
-163700 3
-163600 6
-163500 7
-163400 7
-163300 3
-163200 7
-163100 4
-163000 5
-162900 5
-162800 3
-162700 5
-162600 6
-162500 11
-162400 18
-162300 27
-162200 10
-162100 8
-162000 3
-161900 2
-161800 3
-161700 7
-161600 8
-161500 4
-161400 9
-161300 12
-161200 16
-161100 24
-161000 99
-160900 1244
-160800 7784
-160700 15511
-160600 8656
-160500 1472
-160400 115
-160300 24
-160200 30
-160100 13
-160000 9
-159900 2
-159800 3
-159700 7
-159600 5
-159500 4
-159400 5
-159300 9
-159200 12
-159100 11
-159000 6
-158900 7
-158800 8
-158700 7
-158600 5
-158500 4
-158400 2
-158300 3
-158200 10
-158100 3
-158000 5
-157900 5
-157800 8
-157700 7
-157600 6
-157500 6
-157400 3
-157300 7
-157200 3
-157100 2
-157000 3
-156900 5
-156800 9
-156700 6
-156600 1
-156500 5
-156400 6
-156300 1
-156200 5
-156100 5
-156000 16
-155900 31
-155800 76
-155700 20
-155600 12
-155500 5
-155400 9
-155300 8
-155200 3
-155100 11
-155000 3
-154900 7
-154800 2
-154700 3
-154600 4
-154500 0
-154400 4
-154300 8
-154200 4
-154100 9
-154000 5
-153900 6
-153800 5
-153700 5
-153600 7
-153500 5
-153400 8
-153300 5
-153200 4
-153100 5
-153000 6
-152900 3
-152800 5
-152700 5
-152600 3
-152500 6
-152400 5
-152300 5
-152200 3
-152100 5
-152000 6
-151900 6
-151800 5
-151700 7
-151600 7
-151500 6
-151400 4
-151300 5
-151200 7
-151100 6
-151000 6
-150900 5
-150800 5
-150700 5
-150600 6
-150500 3
-150400 4
-150300 7
-150200 6
-150100 3
-150000 7
-149900 6
-149800 4
-149700 4
-149600 4
-149500 5
-149400 3
-149300 4
-149200 10
-149100 13
-149000 6
-148900 3
-148800 7
-148700 4
-148600 9
-148500 7
-148400 5
-148300 6
-148200 14
-148100 20
-148000 15
-147900 61
-147800 545
-147700 4672
-147600 14062
-147500 12222
-147400 3018
-147300 257
-147200 35
-147100 18
-147000 16
-146900 9
-146800 1
-146700 6
-146600 5
-146500 7
-146400 6
-146300 3
-146200 4
-146100 2
-146000 9
-145900 11
-145800 4
-145700 8
-145600 4
-145500 4
-145400 6
-145300 5
-145200 10
-145100 6
-145000 2
-144900 5
-144800 3
-144700 4
-144600 4
-144500 6
-144400 2
-144300 4
-144200 1
-144100 6
-144000 4
-143900 8
-143800 5
-143700 6
-143600 6
-143500 4
-143400 5
-143300 4
-143200 3
-143100 3
-143000 3
-142900 9
-142800 36
-142700 82
-142600 65
-142500 12
-142400 7
-142300 6
-142200 3
-142100 2
-142000 8
-141900 7
-141800 5
-141700 6
-141600 3
-141500 11
-141400 6
-141300 2
-141200 5
-141100 8
-141000 6
-140900 8
-140800 4
-140700 5
-140600 5
-140500 6
-140400 6
-140300 3
-140200 3
-140100 4
-140000 6
-139900 5
-139800 5
-139700 5
-139600 2
-139500 6
-139400 7
-139300 5
-139200 4
-139100 10
-139000 3
-138900 4
-138800 8
-138700 6
-138600 8
-138500 4
-138400 8
-138300 2
-138200 4
-138100 1
-138000 2
-137900 7
-137800 2
-137700 4
-137600 4
-137500 3
-137400 2
-137300 3
-137200 8
-137100 6
-137000 2
-136900 9
-136800 8
-136700 7
-136600 6
-136500 2
-136400 1
-136300 5
-136200 5
-136100 12
-136000 7
-135900 4
-135800 4
-135700 9
-135600 6
-135500 5
-135400 7
-135300 1
-135200 5
-135100 8
-135000 15
-134900 25
-134800 42
-134700 173
-134600 2220
-134500 10824
-134400 14989
-134300 5914
-134200 759
-134100 59
-134000 22
-133900 15
-133800 13
-133700 12
-133600 6
-133500 3
-133400 4
-133300 6
-133200 4
-133100 5
-133000 4
-132900 9
-132800 4
-132700 7
-132600 2
-132500 3
-132400 2
-132300 3
-132200 6
-132100 8
-132000 8
-131900 5
-131800 7
-131700 10
-131600 7
-131500 4
-131400 12
-131300 9
-131200 8
-131100 1
-131000 3
-130900 8
-130800 3
-130700 5
-130600 5
-130500 4
-130400 7
-130300 3
-130200 5
-130100 5
-130000 8
-129900 5
-129800 6
-129700 8
-129600 47
-129500 77
-129400 29
-129300 9
-129200 4
-129100 6
-129000 5
-128900 9
-128800 2
-128700 8
-128600 8
-128500 5
-128400 4
-128300 9
-128200 4
-128100 1
-128000 3
-127900 6
-127800 5
-127700 3
-127600 4
-127500 2
-127400 6
-127300 4
-127200 3
-127100 5
-127000 9
-126900 4
-126800 5
-126700 3
-126600 2
-126500 4
-126400 5
-126300 5
-126200 8
-126100 6
-126000 4
-125900 2
-125800 3
-125700 11
-125600 3
-125500 6
-125400 6
-125300 10
-125200 3
-125100 4
-125000 9
-124900 5
-124800 4
-124700 5
-124600 8
-124500 2
-124400 7
-124300 5
-124200 7
-124100 4
-124000 6
-123900 7
-123800 5
-123700 2
-123600 8
-123500 4
-123400 6
-123300 2
-123200 8
-123100 2
-123000 4
-122900 7
-122800 12
-122700 7
-122600 6
-122500 5
-122400 6
-122300 7
-122200 7
-122100 5
-122000 7
-121900 7
-121800 20
-121700 28
-121600 99
-121500 969
-121400 6979
-121300 15499
-121200 9337
-121100 1673
-121000 129
-120900 29
-120800 24
-120700 18
-120600 10
-120500 8
-120400 3
-120300 4
-120200 5
-120100 4
-120000 3
-119900 6
-119800 6
-119700 7
-119600 7
-119500 7
-119400 7
-119300 7
-119200 5
-119100 7
-119000 3
-118900 7
-118800 6
-118700 2
-118600 3
-118500 4
-118400 4
-118300 4
-118200 3
-118100 3
-118000 10
-117900 5
-117800 3
-117700 7
-117600 6
-117500 3
-117400 9
-117300 8
-117200 5
-117100 9
-117000 7
-116900 6
-116800 2
-116700 6
-116600 10
-116500 40
-116400 70
-116300 46
-116200 12
-116100 2
-116000 6
-115900 7
-115800 6
-115700 5
-115600 2
-115500 10
-115400 4
-115300 2
-115200 3
-115100 8
-115000 5
-114900 4
-114800 1
-114700 4
-114600 4
-114500 5
-114400 8
-114300 4
-114200 6
-114100 4
-114000 4
-113900 2
-113800 2
-113700 6
-113600 5
-113500 2
-113400 7
-113300 5
-113200 3
-113100 5
-113000 4
-112900 7
-112800 5
-112700 4
-112600 6
-112500 3
-112400 7
-112300 2
-112200 7
-112100 8
-112000 5
-111900 3
-111800 5
-111700 5
-111600 2
-111500 7
-111400 4
-111300 7
-111200 2
-111100 12
-111000 8
-110900 4
-110800 5
-110700 4
-110600 1
-110500 8
-110400 5
-110300 5
-110200 5
-110100 2
-110000 3
-109900 3
-109800 3
-109700 7
-109600 6
-109500 5
-109400 6
-109300 4
-109200 4
-109100 2
-109000 10
-108900 5
-108800 12
-108700 20
-108600 19
-108500 49
-108400 461
-108300 4201
-108200 14005
-108100 12479
-108000 3061
-107900 258
-107800 47
-107700 31
-107600 26
-107500 8
-107400 5
-107300 4
-107200 4
-107100 5
-107000 3
-106900 3
-106800 5
-106700 9
-106600 6
-106500 6
-106400 1
-106300 8
-106200 4
-106100 8
-106000 3
-105900 8
-105800 6
-105700 4
-105600 8
-105500 5
-105400 8
-105300 8
-105200 5
-105100 4
-105000 4
-104900 8
-104800 5
-104700 2
-104600 5
-104500 10
-104400 4
-104300 5
-104200 8
-104100 1
-104000 8
-103900 5
-103800 6
-103700 6
-103600 4
-103500 5
-103400 32
-103300 61
-103200 72
-103100 12
-103000 3
-102900 5
-102800 5
-102700 10
-102600 4
-102500 4
-102400 4
-102300 4
-102200 5
-102100 9
-102000 3
-101900 3
-101800 5
-101700 5
-101600 10
-101500 4
-101400 6
-101300 5
-101200 4
-101100 8
-101000 7
-100900 6
-100800 6
-100700 2
-100600 8
-100500 3
-100400 3
-100300 3
-100200 3
-100100 4
-100000 7
-99900 3
-99800 6
-99700 9
-99600 6
-99500 3
-99400 4
-99300 11
-99200 9
-99100 5
-99000 3
-98900 5
-98800 5
-98700 6
-98600 4
-98500 6
-98400 13
-98300 6
-98200 6
-98100 6
-98000 3
-97900 8
-97800 6
-97700 2
-97600 7
-97500 4
-97400 7
-97300 3
-97200 6
-97100 7
-97000 4
-96900 3
-96800 8
-96700 2
-96600 8
-96500 7
-96400 4
-96300 6
-96200 2
-96100 7
-96000 3
-95900 4
-95800 6
-95700 9
-95600 13
-95500 18
-95400 28
-95300 139
-95200 1624
-95100 9440
-95000 15574
-94900 7192
-94800 916
-94700 76
-94600 29
-94500 33
-94400 9
-94300 5
-94200 9
-94100 6
-94000 4
-93900 3
-93800 7
-93700 3
-93600 5
-93500 5
-93400 11
-93300 6
-93200 5
-93100 11
-93000 6
-92900 10
-92800 8
-92700 2
-92600 4
-92500 10
-92400 6
-92300 7
-92200 3
-92100 4
-92000 6
-91900 1
-91800 4
-91700 4
-91600 4
-91500 7
-91400 2
-91300 7
-91200 5
-91100 3
-91000 2
-90900 6
-90800 4
-90700 7
-90600 6
-90500 7
-90400 3
-90300 19
-90200 48
-90100 62
-90000 31
-89900 7
-89800 6
-89700 4
-89600 9
-89500 10
-89400 8
-89300 5
-89200 7
-89100 9
-89000 5
-88900 3
-88800 7
-88700 3
-88600 7
-88500 5
-88400 7
-88300 4
-88200 3
-88100 5
-88000 0
-87900 5
-87800 2
-87700 6
-87600 13
-87500 7
-87400 2
-87300 8
-87200 3
-87100 5
-87000 4
-86900 6
-86800 6
-86700 6
-86600 5
-86500 4
-86400 5
-86300 4
-86200 5
-86100 10
-86000 5
-85900 9
-85800 2
-85700 5
-85600 5
-85500 5
-85400 4
-85300 4
-85200 7
-85100 2
-85000 6
-84900 7
-84800 6
-84700 5
-84600 4
-84500 6
-84400 4
-84300 2
-84200 2
-84100 3
-84000 4
-83900 5
-83800 8
-83700 2
-83600 12
-83500 11
-83400 10
-83300 4
-83200 8
-83100 7
-83000 4
-82900 10
-82800 2
-82700 2
-82600 6
-82500 7
-82400 15
-82300 27
-82200 57
-82100 504
-82000 4672
-81900 14036
-81800 12379
-81700 2683
-81600 199
-81500 41
-81400 29
-81300 16
-81200 16
-81100 4
-81000 5
-80900 5
-80800 8
-80700 7
-80600 6
-80500 8
-80400 9
-80300 6
-80200 6
-80100 8
-80000 11
-79900 6
-79800 0
-79700 9
-79600 7
-79500 6
-79400 1
-79300 4
-79200 3
-79100 8
-79000 3
-78900 6
-78800 8
-78700 6
-78600 5
-78500 5
-78400 3
-78300 7
-78200 5
-78100 4
-78000 2
-77900 4
-77800 5
-77700 5
-77600 6
-77500 7
-77400 3
-77300 8
-77200 12
-77100 29
-77000 76
-76900 41
-76800 21
-76700 3
-76600 6
-76500 5
-76400 3
-76300 5
-76200 4
-76100 6
-76000 4
-75900 5
-75800 7
-75700 6
-75600 5
-75500 5
-75400 5
-75300 6
-75200 6
-75100 6
-75000 4
-74900 3
-74800 3
-74700 4
-74600 4
-74500 7
-74400 4
-74300 4
-74200 5
-74100 7
-74000 2
-73900 1
-73800 6
-73700 4
-73600 8
-73500 5
-73400 3
-73300 2
-73200 5
-73100 4
-73000 6
-72900 4
-72800 1
-72700 3
-72600 5
-72500 8
-72400 5
-72300 2
-72200 3
-72100 8
-72000 8
-71900 6
-71800 8
-71700 4
-71600 4
-71500 8
-71400 4
-71300 5
-71200 1
-71100 10
-71000 7
-70900 6
-70800 3
-70700 5
-70600 10
-70500 11
-70400 9
-70300 4
-70200 4
-70100 6
-70000 3
-69900 3
-69800 6
-69700 7
-69600 10
-69500 1
-69400 10
-69300 11
-69200 28
-69100 51
-69000 454
-68900 4145
-68800 13898
-68700 12701
-68600 3106
-68500 262
-68400 36
-68300 24
-68200 18
-68100 7
-68000 5
-67900 5
-67800 5
-67700 6
-67600 2
-67500 1
-67400 5
-67300 11
-67200 6
-67100 12
-67000 4
-66900 4
-66800 6
-66700 5
-66600 6
-66500 4
-66400 1
-66300 7
-66200 4
-66100 2
-66000 4
-65900 6
-65800 5
-65700 2
-65600 6
-65500 4
-65400 10
-65300 2
-65200 9
-65100 5
-65000 3
-64900 3
-64800 5
-64700 5
-64600 5
-64500 6
-64400 5
-64300 5
-64200 1
-64100 4
-64000 34
-63900 71
-63800 61
-63700 13
-63600 12
-63500 3
-63400 3
-63300 3
-63200 7
-63100 10
-63000 6
-62900 4
-62800 4
-62700 8
-62600 2
-62500 7
-62400 9
-62300 6
-62200 7
-62100 7
-62000 5
-61900 2
-61800 4
-61700 9
-61600 4
-61500 7
-61400 2
-61300 5
-61200 8
-61100 8
-61000 2
-60900 5
-60800 4
-60700 4
-60600 8
-60500 6
-60400 6
-60300 5
-60200 5
-60100 4
-60000 7
-59900 7
-59800 6
-59700 6
-59600 2
-59500 7
-59400 6
-59300 7
-59200 3
-59100 5
-59000 5
-58900 8
-58800 3
-58700 9
-58600 2
-58500 7
-58400 4
-58300 4
-58200 5
-58100 7
-58000 3
-57900 6
-57800 3
-57700 11
-57600 4
-57500 2
-57400 4
-57300 7
-57200 10
-57100 5
-57000 2
-56900 5
-56800 3
-56700 5
-56600 5
-56500 3
-56400 10
-56300 8
-56200 16
-56100 22
-56000 56
-55900 248
-55800 2497
-55700 11515
-55600 14970
-55500 5180
-55400 547
-55300 42
-55200 20
-55100 38
-55000 7
-54900 5
-54800 3
-54700 5
-54600 6
-54500 4
-54400 0
-54300 7
-54200 6
-54100 9
-54000 6
-53900 9
-53800 7
-53700 3
-53600 3
-53500 3
-53400 4
-53300 0
-53200 4
-53100 2
-53000 6
-52900 7
-52800 5
-52700 3
-52600 7
-52500 2
-52400 5
-52300 6
-52200 6
-52100 7
-52000 2
-51900 4
-51800 3
-51700 7
-51600 7
-51500 4
-51400 4
-51300 7
-51200 4
-51100 8
-51000 9
-50900 11
-50800 52
-50700 61
-50600 17
-50500 7
-50400 8
-50300 5
-50200 3
-50100 5
-50000 8
-49900 6
-49800 4
-49700 9
-49600 2
-49500 5
-49400 8
-49300 7
-49200 7
-49100 10
-49000 1
-48900 6
-48800 1
-48700 4
-48600 9
-48500 1
-48400 5
-48300 8
-48200 5
-48100 2
-48000 4
-47900 4
-47800 4
-47700 4
-47600 2
-47500 4
-47400 4
-47300 3
-47200 5
-47100 4
-47000 6
-46900 5
-46800 3
-46700 8
-46600 7
-46500 8
-46400 9
-46300 3
-46200 5
-46100 6
-46000 4
-45900 4
-45800 2
-45700 6
-45600 1
-45500 4
-45400 13
-45300 5
-45200 7
-45100 1
-45000 4
-44900 1
-44800 3
-44700 2
-44600 3
-44500 7
-44400 5
-44300 5
-44200 7
-44100 7
-44000 11
-43900 7
-43800 5
-43700 6
-43600 3
-43500 8
-43400 10
-43300 4
-43200 5
-43100 10
-43000 19
-42900 31
-42800 105
-42700 649
-42600 5399
-42500 15280
-42400 11170
-42300 2204
-42200 162
-42100 28
-42000 21
-41900 15
-41800 8
-41700 8
-41600 5
-41500 10
-41400 6
-41300 7
-41200 6
-41100 3
-41000 10
-40900 11
-40800 14
-40700 3
-40600 6
-40500 8
-40400 4
-40300 5
-40200 6
-40100 3
-40000 4
-39900 4
-39800 4
-39700 6
-39600 6
-39500 4
-39400 6
-39300 6
-39200 5
-39100 6
-39000 5
-38900 4
-38800 7
-38700 11
-38600 9
-38500 1
-38400 7
-38300 3
-38200 4
-38100 3
-38000 2
-37900 6
-37800 12
-37700 28
-37600 63
-37500 43
-37400 11
-37300 7
-37200 5
-37100 3
-37000 6
-36900 5
-36800 7
-36700 6
-36600 4
-36500 5
-36400 5
-36300 10
-36200 6
-36100 5
-36000 8
-35900 8
-35800 4
-35700 5
-35600 8
-35500 5
-35400 7
-35300 7
-35200 5
-35100 7
-35000 5
-34900 4
-34800 5
-34700 5
-34600 2
-34500 3
-34400 15
-34300 6
-34200 6
-34100 7
-34000 5
-33900 3
-33800 7
-33700 2
-33600 7
-33500 5
-33400 14
-33300 5
-33200 4
-33100 7
-33000 8
-32900 7
-32800 8
-32700 14
-32600 5
-32500 4
-32400 3
-32300 3
-32200 5
-32100 2
-32000 6
-31900 5
-31800 3
-31700 3
-31600 5
-31500 5
-31400 5
-31300 4
-31200 8
-31100 8
-31000 10
-30900 7
-30800 6
-30700 7
-30600 3
-30500 2
-30400 1
-30300 3
-30200 3
-30100 4
-30000 20
-29900 32
-29800 65
-29700 88
-29600 282
-29500 2756
-29400 12152
-29300 14530
-29200 4515
-29100 436
-29000 43
-28900 21
-28800 15
-28700 10
-28600 7
-28500 4
-28400 4
-28300 9
-28200 9
-28100 7
-28000 7
-27900 4
-27800 9
-27700 3
-27600 6
-27500 8
-27400 3
-27300 3
-27200 2
-27100 8
-27000 5
-26900 3
-26800 7
-26700 2
-26600 3
-26500 5
-26400 1
-26300 7
-26200 2
-26100 2
-26000 5
-25900 5
-25800 5
-25700 3
-25600 6
-25500 4
-25400 4
-25300 6
-25200 7
-25100 3
-25000 4
-24900 4
-24800 5
-24700 2
-24600 29
-24500 91
-24400 54
-24300 16
-24200 4
-24100 3
-24000 6
-23900 4
-23800 4
-23700 6
-23600 4
-23500 4
-23400 7
-23300 5
-23200 6
-23100 3
-23000 6
-22900 7
-22800 5
-22700 6
-22600 6
-22500 1
-22400 12
-22300 3
-22200 6
-22100 7
-22000 3
-21900 3
-21800 5
-21700 3
-21600 5
-21500 5
-21400 4
-21300 6
-21200 7
-21100 2
-21000 10
-20900 3
-20800 6
-20700 8
-20600 2
-20500 4
-20400 6
-20300 7
-20200 4
-20100 5
-20000 2
-19900 5
-19800 5
-19700 10
-19600 5
-19500 4
-19400 4
-19300 11
-19200 5
-19100 10
-19000 5
-18900 6
-18800 2
-18700 9
-18600 4
-18500 5
-18400 4
-18300 3
-18200 8
-18100 8
-18000 10
-17900 7
-17800 8
-17700 9
-17600 6
-17500 3
-17400 4
-17300 8
-17200 10
-17100 3
-17000 3
-16900 9
-16800 17
-16700 21
-16600 56
-16500 501
-16400 4464
-16300 13599
-16200 12503
-16100 3444
-16000 325
-15900 35
-15800 22
-15700 16
-15600 8
-15500 10
-15400 3
-15300 3
-15200 5
-15100 3
-15000 7
-14900 4
-14800 4
-14700 8
-14600 11
-14500 9
-14400 3
-14300 5
-14200 6
-14100 8
-14000 5
-13900 3
-13800 4
-13700 4
-13600 7
-13500 8
-13400 3
-13300 4
-13200 5
-13100 8
-13000 5
-12900 4
-12800 10
-12700 1
-12600 5
-12500 5
-12400 7
-12300 2
-12200 9
-12100 6
-12000 0
-11900 4
-11800 5
-11700 5
-11600 12
-11500 35
-11400 54
-11300 59
-11200 20
-11100 7
-11000 3
-10900 1
-10800 5
-10700 4
-10600 3
-10500 10
-10400 2
-10300 6
-10200 3
-10100 5
-10000 1
-9900 3
-9800 1
-9700 5
-9600 5
-9500 3
-9400 6
-9300 4
-9200 1
-9100 4
-9000 4
-8900 8
-8800 4
-8700 7
-8600 7
-8500 6
-8400 1
-8300 4
-8200 5
-8100 8
-8000 2
-7900 6
-7800 5
-7700 2
-7600 6
-7500 4
-7400 4
-7300 4
-7200 4
-7100 9
-7000 2
-6900 6
-6800 4
-6700 3
-6600 5
-6500 2
-6400 7
-6300 6
-6200 4
-6100 2
-6000 5
-5900 7
-5800 2
-5700 4
-5600 7
-5500 6
-5400 6
-5300 4
-5200 2
-5100 11
-5000 7
-4900 3
-4800 8
-4700 8
-4600 6
-4500 4
-4400 5
-4300 5
-4200 5
-4100 8
-4000 3
-3900 1
-3800 7
-3700 14
-3600 21
-3500 23
-3400 69
-3300 744
-3200 5857
-3100 15410
-3000 10405
-2900 1964
-2800 131
-2700 27
-2600 22
-2500 24
-2400 12
-2300 5
-2200 4
-2100 6
-2000 6
-1900 6
-1800 9
-1700 1
-1600 3
-1500 8
-1400 12
-1300 3
-1200 6
-1100 4
-1000 4
-900 4
-800 1
-700 5
-600 8
-500 4
-400 3
-300 6
-200 6
-100 2
0 5
100 5
200 7
300 4
400 5
500 3
600 2
700 11
800 5
900 6
1000 8
1100 2
1200 2
1300 7
1400 6
1500 8
1600 8
1700 34
1800 68
1900 48
2000 3
2100 8
2200 3
2300 2
2400 1
2500 7
2600 8
2700 1
2800 5
2900 3
3000 4
3100 6
3200 7
3300 1
3400 6
3500 7
3600 4
3700 6
3800 2
3900 4
4000 11
4100 11
4200 3
4300 5
4400 5
4500 3
4600 3
4700 7
4800 3
4900 10
5000 7
5100 7
5200 9
5300 1
5400 9
5500 3
5600 13
5700 6
5800 7
5900 5
6000 4
6100 3
6200 9
6300 5
6400 4
6500 7
6600 3
6700 2
6800 4
6900 4
7000 10
7100 9
7200 6
7300 10
7400 4
7500 7
7600 7
7700 4
7800 4
7900 5
8000 5
8100 4
8200 4
8300 9
8400 10
8500 8
8600 3
8700 10
8800 2
8900 7
9000 6
9100 5
9200 5
9300 6
9400 29
9500 57
9600 80
9700 155
9800 759
9900 9677
10000 56111
10100 95036
10200 45089
10300 6475
10400 450
10500 143
10600 131
10700 74
10800 23
10900 7
11000 4
11100 2
11200 1
11300 7
11400 4
11500 8
11600 11
11700 12
11800 8
11900 4
12000 6
12100 6
12200 3
12300 3
12400 5
12500 6
12600 6
12700 6
12800 4
12900 3
13000 5
13100 4
13200 8
13300 6
13400 10
13500 6
13600 5
13700 5
13800 5
13900 5
14000 2
14100 6
14200 7
14300 3
14400 7
14500 6
14600 4
14700 9
14800 9
14900 34
15000 68
15100 36
15200 8
15300 8
15400 7
15500 6
15600 7
15700 6
15800 3
15900 3
16000 2
16100 5
16200 4
16300 8
16400 6
16500 7
16600 8
16700 5
16800 8
16900 6
17000 2
17100 3
17200 4
17300 2
17400 6
17500 4
17600 5
17700 6
17800 6
17900 7
18000 5
18100 3
18200 6
18300 1
18400 6
18500 6
18600 8
18700 5
18800 6
18900 3
19000 5
19100 10
19200 5
19300 5
19400 4
19500 1
19600 8
19700 4
19800 7
19900 6
20000 6
20100 11
20200 5
20300 3
20400 3
20500 7
20600 8
20700 4
20800 9
20900 5
21000 4
21100 3
21200 5
21300 3
21400 6
21500 10
21600 6
21700 4
21800 5
21900 3
22000 5
22100 5
22200 5
22300 3
22400 3
22500 6
22600 7
22700 18
22800 36
22900 85
23000 703
23100 5800
23200 15073
23300 10557
23400 2176
23500 195
23600 37
23700 24
23800 8
23900 5
24000 6
24100 2
24200 4
24300 5
24400 8
24500 3
24600 6
24700 4
24800 3
24900 6
25000 1
25100 6
25200 5
25300 3
25400 4
25500 7
25600 7
25700 3
25800 3
25900 5
26000 6
26100 7
26200 4
26300 3
26400 6
26500 6
26600 8
26700 5
26800 3
26900 8
27000 5
27100 4
27200 8
27300 5
27400 6
27500 2
27600 5
27700 5
27800 7
27900 18
28000 56
28100 65
28200 26
28300 11
28400 7
28500 1
28600 3
28700 8
28800 5
28900 3
29000 3
29100 3
29200 3
29300 3
29400 5
29500 5
29600 4
29700 3
29800 7
29900 4
30000 2
30100 9
30200 7
30300 4
30400 0
30500 3
30600 2
30700 4
30800 9
30900 8
31000 7
31100 3
31200 5
31300 5
31400 4
31500 6
31600 8
31700 6
31800 7
31900 3
32000 2
32100 5
32200 7
32300 6
32400 6
32500 5
32600 7
32700 5
32800 5
32900 4
33000 4
33100 4
33200 5
33300 3
33400 4
33500 7
33600 4
33700 6
33800 5
33900 8
34000 3
34100 7
34200 10
34300 2
34400 6
34500 9
34600 6
34700 11
34800 14
34900 10
35000 8
35100 4
35200 8
35300 7
35400 4
35500 4
35600 8
35700 7
35800 20
35900 26
36000 83
36100 863
36200 6568
36300 15206
36400 9810
36500 1718
36600 135
36700 18
36800 15
36900 11
37000 6
37100 5
37200 6
37300 5
37400 6
37500 5
37600 4
37700 4
37800 7
37900 7
38000 4
38100 6
38200 5
38300 1
38400 7
38500 5
38600 7
38700 5
38800 3
38900 3
39000 4
39100 7
39200 0
39300 5
39400 6
39500 2
39600 8
39700 4
39800 6
39900 6
40000 3
40100 2
40200 6
40300 5
40400 6
40500 1
40600 3
40700 2
40800 4
40900 5
41000 14
41100 33
41200 68
41300 45
41400 5
41500 8
41600 12
41700 3
41800 9
41900 8
42000 0
42100 4
42200 1
42300 7
42400 6
42500 7
42600 3
42700 7
42800 1
42900 6
43000 9
43100 5
43200 9
43300 1
43400 1
43500 3
43600 6
43700 5
43800 8
43900 8
44000 5
44100 2
44200 8
44300 10
44400 1
44500 6
44600 7
44700 9
44800 1
44900 4
45000 7
45100 4
45200 5
45300 7
45400 4
45500 4
45600 4
45700 6
45800 2
45900 3
46000 5
46100 4
46200 5
46300 5
46400 1
46500 8
46600 5
46700 5
46800 4
46900 4
47000 7
47100 2
47200 3
47300 9
47400 6
47500 5
47600 4
47700 9
47800 3
47900 8
48000 6
48100 3
48200 7
48300 7
48400 8
48500 5
48600 8
48700 5
48800 7
48900 15
49000 24
49100 30
49200 202
49300 2493
49400 11286
49500 14790
49600 5138
49700 536
49800 78
49900 119
50000 113
50100 48
50200 12
50300 8
50400 9
50500 12
50600 7
50700 7
50800 8
50900 6
51000 8
51100 9
51200 9
51300 6
51400 6
51500 2
51600 7
51700 3
51800 8
51900 10
52000 5
52100 12
52200 3
52300 9
52400 8
52500 4
52600 2
52700 5
52800 5
52900 9
53000 8
53100 7
53200 3
53300 2
53400 5
53500 2
53600 7
53700 8
53800 6
53900 3
54000 7
54100 10
54200 76
54300 313
54400 379
54500 127
54600 13
54700 11
54800 8
54900 1
55000 4
55100 8
55200 3
55300 7
55400 2
55500 2
55600 5
55700 2
55800 6
55900 4
56000 3
56100 4
56200 8
56300 4
56400 1
56500 7
56600 6
56700 3
56800 5
56900 5
57000 9
57100 5
57200 3
57300 9
57400 2
57500 4
57600 9
57700 2
57800 5
57900 4
58000 3
58100 4
58200 3
58300 8
58400 9
58500 3
58600 4
58700 1
58800 9
58900 5
59000 6
59100 1
59200 3
59300 7
59400 9
59500 7
59600 5
59700 3
59800 2
59900 5
60000 7
60100 2
60200 7
60300 10
60400 2
60500 3
60600 8
60700 6
60800 11
60900 5
61000 9
61100 10
61200 4
61300 6
61400 9
61500 5
61600 7
61700 2
61800 4
61900 6
62000 10
62100 22
62200 28
62300 70
62400 859
62500 6313
62600 15011
62700 10013
62800 1953
62900 266
63000 60
63100 27
63200 10
63300 9
63400 2
63500 5
63600 5
63700 5
63800 4
63900 7
64000 12
64100 5
64200 10
64300 16
64400 2
64500 6
64600 5
64700 3
64800 4
64900 2
65000 6
65100 2
65200 5
65300 2
65400 6
65500 5
65600 4
65700 4
65800 2
65900 3
66000 3
66100 5
66200 5
66300 3
66400 5
66500 7
66600 5
66700 8
66800 6
66900 4
67000 3
67100 4
67200 4
67300 7
67400 39
67500 63
67600 51
67700 7
67800 4
67900 3
68000 4
68100 5
68200 9
68300 5
68400 4
68500 8
68600 6
68700 5
68800 7
68900 4
69000 6
69100 5
69200 1
69300 9
69400 7
69500 2
69600 4
69700 4
69800 8
69900 6
70000 3
70100 1
70200 14
70300 3
70400 4
70500 11
70600 6
70700 3
70800 6
70900 4
71000 3
71100 2
71200 5
71300 4
71400 6
71500 7
71600 5
71700 6
71800 3
71900 3
72000 6
72100 9
72200 3
72300 8
72400 7
72500 3
72600 3
72700 8
72800 5
72900 3
73000 6
73100 4
73200 5
73300 9
73400 9
73500 4
73600 7
73700 4
73800 10
73900 6
74000 5
74100 13
74200 11
74300 2
74400 6
74500 2
74600 4
74700 7
74800 4
74900 1
75000 8
75100 9
75200 14
75300 32
75400 57
75500 594
75600 5154
75700 14631
75800 11323
75900 2529
76000 247
76100 33
76200 21
76300 16
76400 6
76500 3
76600 5
76700 7
76800 7
76900 8
77000 4
77100 5
77200 9
77300 10
77400 8
77500 5
77600 3
77700 4
77800 4
77900 8
78000 3
78100 7
78200 1
78300 8
78400 8
78500 3
78600 3
78700 6
78800 1
78900 5
79000 3
79100 3
79200 5
79300 3
79400 5
79500 5
79600 8
79700 4
79800 3
79900 5
80000 4
80100 3
80200 3
80300 8
80400 9
80500 40
80600 67
80700 48
80800 8
80900 2
81000 9
81100 6
81200 3
81300 4
81400 7
81500 6
81600 5
81700 2
81800 4
81900 7
82000 2
82100 7
82200 4
82300 6
82400 4
82500 10
82600 6
82700 8
82800 10
82900 2
83000 4
83100 7
83200 4
83300 8
83400 5
83500 3
83600 1
83700 4
83800 7
83900 6
84000 4
84100 5
84200 6
84300 4
84400 5
84500 10
84600 4
84700 3
84800 4
84900 3
85000 3
85100 9
85200 2
85300 4
85400 6
85500 6
85600 5
85700 5
85800 4
85900 3
86000 5
86100 7
86200 6
86300 3
86400 5
86500 5
86600 5
86700 5
86800 7
86900 7
87000 5
87100 6
87200 14
87300 3
87400 8
87500 8
87600 8
87700 3
87800 5
87900 5
88000 7
88100 7
88200 10
88300 17
88400 29
88500 36
88600 312
88700 3082
88800 12506
88900 14063
89000 4328
89100 425
89200 39
89300 31
89400 20
89500 17
89600 4
89700 3
89800 8
89900 10
90000 5
90100 4
90200 0
90300 9
90400 13
90500 12
90600 7
90700 3
90800 5
90900 6
91000 4
91100 7
91200 8
91300 7
91400 2
91500 4
91600 3
91700 3
91800 5
91900 2
92000 5
92100 3
92200 5
92300 2
92400 6
92500 6
92600 2
92700 5
92800 5
92900 2
93000 4
93100 7
93200 5
93300 8
93400 3
93500 7
93600 17
93700 66
93800 72
93900 16
94000 7
94100 5
94200 2
94300 7
94400 8
94500 2
94600 9
94700 5
94800 7
94900 3
95000 6
95100 2
95200 8
95300 3
95400 6
95500 11
95600 1
95700 7
95800 8
95900 5
96000 4
96100 4
96200 3
96300 3
96400 3
96500 7
96600 5
96700 3
96800 2
96900 4
97000 4
97100 3
97200 15
97300 6
97400 9
97500 2
97600 2
97700 4
97800 3
97900 4
98000 6
98100 10
98200 1
98300 2
98400 4
98500 4
98600 12
98700 13
98800 8
98900 6
99000 6
99100 7
99200 7
99300 0
99400 7
99500 6
99600 3
99700 5
99800 5
99900 4
100000 8
100100 5
100200 4
100300 11
100400 11
100500 6
100600 4
100700 8
100800 3
100900 5
101000 5
101100 5
101200 4
101300 7
101400 14
101500 19
101600 15
101700 91
101800 1029
101900 7249
102000 15681
102100 9106
102200 1571
102300 129
102400 29
102500 28
102600 16
102700 8
102800 6
102900 7
103000 9
103100 10
103200 2
103300 1
103400 4
103500 9
103600 10
103700 7
103800 10
103900 6
104000 5
104100 4
104200 2
104300 4
104400 4
104500 7
104600 4
104700 9
104800 8
104900 2
105000 6
105100 9
105200 10
105300 5
105400 3
105500 4
105600 4
105700 7
105800 7
105900 2
106000 6
106100 3
106200 7
106300 3
106400 8
106500 5
106600 6
106700 18
106800 33
106900 65
107000 42
107100 9
107200 3
107300 9
107400 4
107500 6
107600 6
107700 6
107800 7
107900 7
108000 4
108100 3
108200 7
108300 7
108400 5
108500 2
108600 6
108700 0
108800 3
108900 5
109000 6
109100 5
109200 3
109300 6
109400 1
109500 8
109600 7
109700 3
109800 13
109900 7
110000 3
110100 2
110200 5
110300 3
110400 5
110500 5
110600 7
110700 1
110800 5
110900 6
111000 2
111100 5
111200 7
111300 2
111400 4
111500 7
111600 3
111700 5
111800 4
111900 9
112000 6
112100 6
112200 7
112300 4
112400 7
112500 4
112600 3
112700 6
112800 8
112900 4
113000 3
113100 4
113200 6
113300 4
113400 2
113500 7
113600 11
113700 7
113800 8
113900 5
114000 7
114100 5
114200 3
114300 10
114400 0
114500 8
114600 16
114700 23
114800 38
114900 405
115000 4175
115100 13718
115200 12742
115300 3073
115400 251
115500 32
115600 28
115700 21
115800 9
115900 6
116000 5
116100 4
116200 6
116300 2
116400 3
116500 1
116600 4
116700 8
116800 11
116900 4
117000 8
117100 5
117200 3
117300 7
117400 4
117500 8
117600 3
117700 6
117800 6
117900 3
118000 9
118100 6
118200 4
118300 4
118400 2
118500 11
118600 4
118700 5
118800 10
118900 5
119000 4
119100 3
119200 2
119300 5
119400 3
119500 4
119600 4
119700 6
119800 6
119900 15
120000 71
120100 55
120200 14
120300 5
120400 3
120500 4
120600 8
120700 3
120800 3
120900 9
121000 4
121100 3
121200 7
121300 7
121400 3
121500 5
121600 5
121700 7
121800 2
121900 8
122000 11
122100 1
122200 5
122300 4
122400 3
122500 4
122600 3
122700 3
122800 5
122900 5
123000 5
123100 6
123200 2
123300 10
123400 1
123500 7
123600 6
123700 1
123800 9
123900 6
124000 2
124100 5
124200 6
124300 4
124400 10
124500 8
124600 0
124700 3
124800 6
124900 3
125000 6
125100 7
125200 2
125300 3
125400 3
125500 2
125600 5
125700 4
125800 5
125900 3
126000 6
126100 4
126200 5
126300 7
126400 8
126500 7
126600 9
126700 7
126800 9
126900 6
127000 3
127100 5
127200 6
127300 7
127400 4
127500 6
127600 5
127700 10
127800 22
127900 28
128000 208
128100 2284
128200 11053
128300 15140
128400 5566
128500 600
128600 57
128700 19
128800 17
128900 12
129000 11
129100 5
129200 6
129300 0
129400 3
129500 3
129600 0
129700 1
129800 10
129900 7
130000 4
130100 5
130200 5
130300 8
130400 7
130500 6
130600 6
130700 7
130800 4
130900 1
131000 5
131100 5
131200 6
131300 5
131400 9
131500 4
131600 7
131700 3
131800 3
131900 6
132000 7
132100 4
132200 8
132300 5
132400 2
132500 8
132600 10
132700 2
132800 4
132900 4
133000 24
133100 57
133200 68
133300 22
133400 7
133500 5
133600 8
133700 7
133800 3
133900 4
134000 5
134100 5
134200 0
134300 6
134400 9
134500 9
134600 5
134700 7
134800 5
134900 7
135000 2
135100 8
135200 8
135300 7
135400 5
135500 3
135600 6
135700 4
135800 5
135900 7
136000 4
136100 7
136200 4
136300 3
136400 7
136500 3
136600 3
136700 7
136800 6
136900 5
137000 6
137100 6
137200 4
137300 2
137400 6
137500 8
137600 3
137700 9
137800 8
137900 2
138000 10
138100 2
138200 7
138300 3
138400 2
138500 7
138600 5
138700 5
138800 5
138900 5
139000 7
139100 3
139200 2
139300 4
139400 3
139500 5
139600 6
139700 2
139800 12
139900 8
140000 5
140100 5
140200 5
140300 4
140400 4
140500 7
140600 5
140700 8
140800 10
140900 10
141000 26
141100 85
141200 997
141300 7054
141400 15492
141500 9295
141600 1632
141700 119
141800 34
141900 27
142000 17
142100 9
142200 2
142300 6
142400 7
142500 4
142600 2
142700 5
142800 7
142900 9
143000 11
143100 10
143200 5
143300 6
143400 4
143500 4
143600 6
143700 6
143800 8
143900 2
144000 2
144100 7
144200 3
144300 3
144400 3
144500 6
144600 5
144700 3
144800 0
144900 6
145000 4
145100 10
145200 6
145300 5
145400 5
145500 4
145600 4
145700 7
145800 3
145900 5
146000 4
146100 15
146200 44
146300 78
146400 42
146500 8
146600 6
146700 8
146800 7
146900 7
147000 6
147100 4
147200 6
147300 6
147400 4
147500 7
147600 5
147700 10
147800 4
147900 4
148000 6
148100 8
148200 5
148300 8
148400 5
148500 3
148600 1
148700 2
148800 3
148900 1
149000 9
149100 5
149200 6
149300 8
149400 5
149500 6
149600 7
149700 3
149800 11
149900 7
150000 4
150100 3
150200 7
150300 5
150400 8
150500 4
150600 2
150700 4
150800 3
150900 4
151000 2
151100 5
151200 9
151300 6
151400 8
151500 8
151600 3
151700 6
151800 5
151900 2
152000 5
152100 7
152200 6
152300 2
152400 6
152500 7
152600 3
152700 6
152800 4
152900 6
153000 8
153100 6
153200 3
153300 4
153400 6
153500 9
153600 9
153700 7
153800 1
153900 8
154000 12
154100 28
154200 46
154300 366
154400 3627
154500 13354
154600 13611
154700 3666
154800 362
154900 48
155000 23
155100 17
155200 11
155300 9
155400 3
155500 5
155600 8
155700 9
155800 4
155900 1
156000 3
156100 15
156200 6
156300 6
156400 6
156500 5
156600 2
156700 6
156800 9
156900 7
157000 10
157100 6
157200 6
157300 7
157400 8
157500 4
157600 6
157700 3
157800 3
157900 7
158000 5
158100 3
158200 4
158300 5
158400 2
158500 7
158600 1
158700 2
158800 4
158900 1
159000 9
159100 6
159200 5
159300 25
159400 64
159500 64
159600 18
159700 10
159800 5
159900 8
160000 3
160100 5
160200 4
160300 8
160400 5
160500 6
160600 5
160700 7
160800 8
160900 11
161000 4
161100 6
161200 5
161300 12
161400 9
161500 2
161600 4
161700 8
161800 6
161900 3
162000 6
162100 3
162200 2
162300 4
162400 2
162500 4
162600 3
162700 4
162800 3
162900 4
163000 7
163100 6
163200 5
163300 7
163400 6
163500 4
163600 8
163700 5
163800 4
163900 6
164000 6
164100 5
164200 7
164300 11
164400 9
164500 8
164600 5
164700 4
164800 7
164900 5
165000 6
165100 4
165200 6
165300 6
165400 8
165500 5
165600 9
165700 4
165800 6
165900 5
166000 7
166100 11
166200 6
166300 8
166400 2
166500 3
166600 9
166700 4
166800 16
166900 4
167000 5
167100 15
167200 24
167300 36
167400 163
167500 1788
167600 9796
167700 15482
167800 6539
167900 938
168000 77
168100 33
168200 21
168300 13
168400 8
168500 3
168600 0
168700 5
168800 2
168900 6
169000 4
169100 3
169200 7
169300 8
169400 11
169500 14
169600 5
169700 6
169800 5
169900 5
170000 5
170100 4
170200 6
170300 5
170400 6
170500 4
170600 1
170700 8
170800 6
170900 7
171000 4
171100 5
171200 7
171300 6
171400 9
171500 6
171600 2
171700 11
171800 3
171900 4
172000 5
172100 2
172200 4
172300 1
172400 17
172500 62
172600 74
172700 24
172800 10
172900 4
173000 3
173100 2
173200 1
173300 6
173400 6
173500 7
173600 3
173700 5
173800 7
173900 5
174000 5
174100 3
174200 4
174300 5
174400 9
174500 4
174600 6
174700 10
174800 3
174900 7
175000 4
175100 5
175200 7
175300 2
175400 6
175500 7
175600 1
175700 5
175800 7
175900 2
176000 5
176100 6
176200 7
176300 6
176400 4
176500 7
176600 2
176700 8
176800 2
176900 7
177000 9
177100 5
177200 6
177300 8
177400 9
177500 8
177600 3
177700 3
177800 8
177900 4
178000 6
178100 5
178200 3
178300 6
178400 5
178500 2
178600 4
178700 2
178800 6
178900 6
179000 7
179100 4
179200 7
179300 7
179400 3
179500 4
179600 5
179700 7
179800 5
179900 8
180000 2
180100 4
180200 8
180300 22
180400 37
180500 89
180600 821
180700 6390
180800 15059
180900 10192
181000 2043
181100 189
181200 45
181300 20
181400 13
181500 12
181600 4
181700 7
181800 8
181900 5
182000 6
182100 5
182200 3
182300 14
182400 37
182500 16
182600 6
182700 3
182800 4
182900 3
183000 2
183100 4
183200 5
183300 6
183400 7
183500 6
183600 4
183700 4
183800 5
183900 6
184000 10
184100 7
184200 7
184300 7
184400 6
184500 6
184600 4
184700 4
184800 9
184900 3
185000 2
185100 2
185200 6
185300 3
185400 3
185500 12
185600 42
185700 72
185800 54
185900 10
186000 6
186100 5
186200 6
186300 9
186400 4
186500 5
186600 7
186700 5
186800 7
186900 6
187000 6
187100 5
187200 2
187300 3
187400 3
187500 5
187600 5
187700 7
187800 6
187900 4
188000 10
188100 3
188200 5
188300 6
188400 9
188500 1
188600 9
188700 5
188800 9
188900 9
189000 9
189100 5
189200 5
189300 5
189400 9
189500 3
189600 4
189700 4
189800 3
189900 7
190000 9
190100 5
190200 5
190300 4
190400 6
190500 4
190600 6
190700 7
190800 6
190900 7
191000 6
191100 3
191200 4
191300 5
191400 4
191500 12
191600 6
191700 2
191800 6
191900 6
192000 3
192100 9
192200 3
192300 11
192400 12
192500 8
192600 5
192700 3
192800 1
192900 6
193000 3
193100 3
193200 7
193300 9
193400 20
193500 20
193600 39
193700 298
193800 3231
193900 12040
194000 14160
194100 4779
194200 493
194300 52
194400 17
194500 22
194600 18
194700 5
194800 7
194900 5
195000 4
195100 8
195200 1
195300 1
195400 6
195500 11
195600 9
195700 3
195800 4
195900 4
196000 7
196100 9
196200 8
196300 3
196400 5
196500 6
196600 5
196700 5
196800 4
196900 4
197000 7
197100 7
197200 3
197300 2
197400 7
197500 6
197600 6
197700 7
197800 6
197900 2
198000 6
198100 7
198200 5
198300 4
198400 5
198500 7
198600 7
198700 24
198800 69
198900 74
199000 20
199100 7
199200 6
199300 8
199400 6
199500 3
199600 6
199700 6
199800 5
199900 9
200000 2
200100 7
200200 10
200300 5
200400 4
200500 7
200600 5
200700 7
200800 4
200900 5
201000 3
201100 5
201200 2
201300 3
201400 4
201500 6
201600 6
201700 2
201800 6
201900 6
202000 2
202100 4
202200 5
202300 4
202400 7
202500 6
202600 4
202700 5
202800 4
202900 5
203000 11
203100 9
203200 6
203300 8
203400 6
203500 6
203600 2
203700 7
203800 6
203900 10
204000 5
204100 15
204200 3
204300 7
204400 7
204500 9
204600 5
204700 7
204800 3
204900 5
205000 5
205100 3
205200 6
205300 3
205400 10
205500 8
205600 9
205700 8
205800 5
205900 4
206000 6
206100 6
206200 5
206300 5
206400 10
206500 12
206600 21
206700 39
206800 138
206900 1755
207000 9265
207100 15246
207200 7281
207300 1048
207400 98
207500 21
207600 25
207700 7
207800 5
207900 6
208000 10
208100 1
208200 9
208300 5
208400 4
208500 11
208600 10
208700 12
208800 7
208900 16
209000 4
209100 9
209200 4
209300 5
209400 2
209500 4
209600 12
209700 3
209800 3
209900 8
210000 2
210100 5
210200 11
210300 14
210400 2
210500 8
210600 6
210700 9
210800 4
210900 7
211000 5
211100 6
211200 11
211300 6
211400 0
211500 3
211600 4
211700 5
211800 15
211900 46
212000 68
212100 16
212200 5
212300 5
212400 6
212500 5
212600 6
212700 4
212800 4
212900 3
213000 6
213100 2
213200 6
213300 7
213400 4
213500 4
213600 5
213700 4
213800 4
213900 3
214000 5
214100 7
214200 2
214300 2
214400 5
214500 4
214600 3
214700 2
214800 4
214900 4
215000 5
215100 2
215200 5
215300 3
215400 5
215500 3
215600 2
215700 3
215800 3
215900 9
216000 6
216100 2
216200 8
216300 13
216400 7
216500 11
216600 4
216700 8
216800 8
216900 5
217000 3
217100 4
217200 1
217300 7
217400 5
217500 5
217600 5
217700 2
217800 2
217900 2
218000 10
218100 6
218200 9
218300 7
218400 6
218500 7
218600 10
218700 10
218800 7
218900 6
219000 7
219100 9
219200 5
219300 2
219400 4
219500 6
219600 7
219700 18
219800 23
219900 65
220000 792
220100 5716
220200 14837
220300 10950
220400 2436
220500 202
220600 29
220700 29
220800 18
220900 8
221000 8
221100 9
221200 11
221300 8
221400 5
221500 4
221600 5
221700 5
221800 12
221900 7
222000 7
222100 9
222200 8
222300 5
222400 5
222500 1
222600 5
222700 2
222800 6
222900 10
223000 6
223100 6
223200 6
223300 3
223400 8
223500 6
223600 5
223700 3
223800 4
223900 3
224000 8
224100 3
224200 7
224300 4
224400 8
224500 4
224600 8
224700 8
224800 6
224900 3
225000 37
225100 79
225200 58
225300 10
225400 4
225500 4
225600 4
225700 5
225800 9
225900 7
226000 2
226100 1
226200 5
226300 7
226400 5
226500 5
226600 6
226700 5
226800 2
226900 3
227000 12
227100 2
227200 8
227300 2
227400 6
227500 5
227600 5
227700 4
227800 4
227900 9
228000 6
228100 3
228200 7
228300 4
228400 5
228500 8
228600 5
228700 7
228800 5
228900 4
229000 4
229100 5
229200 6
229300 3
229400 1
229500 6
229600 4
229700 4
229800 6
229900 4
230000 7
230100 3
230200 5
230300 4
230400 4
230500 9
230600 3
230700 8
230800 4
230900 7
231000 5
231100 5
231200 7
231300 4
231400 5
231500 4
231600 9
231700 7
231800 10
231900 7
232000 8
232100 6
232200 4
232300 5
232400 8
232500 12
232600 3
232700 9
232800 9
232900 25
233000 60
233100 490
233200 4109
233300 13233
233400 12887
233500 3733
233600 367
233700 41
233800 29
233900 19
234000 11
234100 9
234200 3
234300 3
234400 4
234500 4
234600 6
234700 9
234800 6
234900 5
235000 5
235100 4
235200 4
235300 4
235400 0
235500 6
235600 4
235700 5
235800 4
235900 3
236000 0
236100 5
236200 9
236300 5
236400 4
236500 6
236600 5
236700 1
236800 3
236900 2
237000 6
237100 5
237200 5
237300 8
237400 5
237500 7
237600 3
237700 6
237800 7
237900 3
238000 5
238100 20
238200 51
238300 58
238400 18
238500 8
238600 3
238700 10
238800 5
238900 5
239000 7
239100 2
239200 8
239300 6
239400 4
239500 6
239600 4
239700 10
239800 4
239900 3
240000 3
240100 8
240200 3
240300 4
240400 7
240500 4
240600 6
240700 2
240800 0
240900 3
241000 6
241100 7
241200 4
241300 3
241400 7
241500 3
241600 7
241700 5
241800 5
241900 5
242000 9
242100 4
242200 6
242300 7
242400 9
242500 2
242600 4
242700 4
242800 4
242900 4
243000 7
243100 3
243200 7
243300 4
243400 7
243500 2
243600 1
243700 4
243800 3
243900 4
244000 8
244100 3
244200 9
244300 4
244400 3
244500 3
244600 5
244700 7
244800 8
244900 12
245000 4
245100 3
245200 3
245300 4
245400 4
245500 7
245600 5
245700 2
245800 16
245900 13
246000 17
246100 38
246200 174
246300 1807
246400 9358
246500 15241
246600 7421
246700 1145
246800 101
246900 25
247000 22
247100 16
247200 5
247300 8
247400 5
247500 4
247600 6
247700 7
247800 6
247900 9
248000 6
248100 10
248200 13
248300 8
248400 7
248500 3
248600 8
248700 2
248800 3
248900 7
249000 5
249100 4
249200 7
249300 6
249400 3
249500 5
249600 6
249700 5
249800 6
249900 8
250000 9
250100 5
250200 9
250300 4
250400 4
250500 9
250600 7
250700 3
250800 8
250900 4
251000 4
251100 6
251200 16
251300 45
251400 61
251500 29
251600 9
251700 4
251800 9
251900 2
252000 10
252100 6
252200 6
252300 4
252400 4
252500 6
252600 6
252700 2
252800 3
252900 4
253000 3
253100 5
253200 9
253300 4
253400 1
253500 4
253600 8
253700 10
253800 2
253900 3
254000 2
254100 8
254200 4
254300 6
254400 6
254500 1
254600 6
254700 2
254800 5
254900 4
255000 6
255100 4
255200 8
255300 6
255400 1
255500 5
255600 3
255700 3
255800 4
255900 2
256000 1
256100 5
256200 6
256300 8
256400 2
256500 8
256600 5
256700 4
256800 3
256900 7
257000 7
257100 8
257200 3
257300 1
257400 4
257500 6
257600 1
257700 8
257800 8
257900 8
258000 10
258100 6
258200 3
258300 5
258400 3
258500 7
258600 7
258700 6
258800 7
258900 6
259000 9
259100 17
259200 31
259300 69
259400 826
259500 6082
259600 14816
259700 10598
259800 2292
259900 214
260000 29
260100 18
260200 20
260300 6
260400 7
260500 7
260600 2
260700 7
260800 5
260900 5
261000 5
261100 6
261200 6
261300 13
261400 4
261500 4
261600 3
261700 2
261800 6
261900 3
262000 5
262100 7
262200 11
262300 3
262400 4
262500 6
262600 4
262700 4
262800 10
262900 4
263000 3
263100 6
263200 9
263300 5
263400 5
263500 3
263600 10
263700 7
263800 3
263900 6
264000 4
264100 6
264200 2
264300 11
264400 30
264500 79
264600 39
264700 13
264800 10
264900 4
265000 7
265100 4
265200 6
265300 8
265400 5
265500 4
265600 7
265700 2
265800 3
265900 4
266000 5
266100 3
266200 5
266300 13
266400 2
266500 7
266600 1
266700 3
266800 6
266900 8
267000 5
267100 6
267200 2
267300 6
267400 7
267500 8
267600 5
267700 9
267800 4
267900 4
268000 5
268100 11
268200 8
268300 4
268400 11
268500 6
268600 7
268700 6
268800 5
268900 4
269000 2
269100 7
269200 5
269300 4
269400 4
269500 7
269600 7
269700 7
269800 3
269900 3
270000 4
270100 3
270200 5
270300 2
270400 8
270500 7
270600 3
270700 6
270800 8
270900 5
271000 5
271100 11
271200 8
271300 4
271400 5
271500 4
271600 6
271700 7
271800 3
271900 8
272000 5
272100 8
272200 13
272300 15
272400 48
272500 420
272600 3696
272700 12613
272800 13591
272900 4353
273000 472
273100 41
273200 27
273300 15
273400 15
273500 6
273600 6
273700 2
273800 5
273900 9
274000 5
274100 4
274200 3
274300 6
274400 7
274500 7
274600 7
274700 2
274800 4
274900 3
275000 8
275100 6
275200 7
275300 3
275400 10
275500 4
275600 5
275700 8
275800 6
275900 1
276000 6
276100 5
276200 4
276300 7
276400 2
276500 9
276600 5
276700 4
276800 11
276900 4
277000 2
277100 8
277200 7
277300 5
277400 7
277500 19
277600 67
277700 47
277800 13
277900 7
278000 4
278100 4
278200 6
278300 4
278400 7
278500 3
278600 5
278700 1
278800 6
278900 5
279000 3
279100 7
279200 6
279300 6
279400 2
279500 7
279600 4
279700 4
279800 6
279900 6
280000 3
280100 7
280200 8
280300 6
280400 5
280500 4
280600 4
280700 8
280800 7
280900 8
281000 4
281100 5
281200 5
281300 3
281400 7
281500 6
281600 3
281700 11
281800 5
281900 6
282000 3
282100 4
282200 3
282300 5
282400 7
282500 7
282600 6
282700 4
282800 7
282900 2
283000 1
283100 6
283200 2
283300 6
283400 5
283500 4
283600 6
283700 6
283800 9
283900 5
284000 6
284100 8
284200 6
284300 7
284400 3
284500 6
284600 7
284700 4
284800 5
284900 3
285000 8
285100 6
285200 12
285300 15
285400 17
285500 32
285600 170
285700 1880
285800 9236
285900 15183
286000 7489
286100 1205
286200 107
286300 23
286400 34
286500 17
286600 3
286700 6
286800 7
286900 3
287000 6
287100 8
287200 7
287300 5
287400 10
287500 8
287600 5
287700 6
287800 4
287900 6
288000 5
288100 5
288200 7
288300 3
288400 1
288500 11
288600 5
288700 6
288800 7
288900 5
289000 5
289100 2
289200 5
289300 6
289400 4
289500 4
289600 6
289700 9
289800 4
289900 6
290000 6
290100 5
290200 2
290300 8
290400 7
290500 4
290600 16
290700 45
290800 63
290900 38
291000 12
291100 11
291200 6
291300 6
291400 5
291500 6
291600 4
291700 8
291800 4
291900 9
292000 5
292100 5
292200 7
292300 7
292400 7
292500 7
292600 5
292700 7
292800 9
292900 4
293000 5
293100 11
293200 3
293300 3
293400 6
293500 7
293600 1
293700 4
293800 7
293900 5
294000 7
294100 7
294200 2
294300 7
294400 5
294500 4
294600 5
294700 3
294800 6
294900 7
295000 4
295100 6
295200 3
295300 7
295400 4
295500 9
295600 4
295700 2
295800 3
295900 13
296000 6
296100 4
296200 7
296300 9
296400 8
296500 5
296600 9
296700 6
296800 6
296900 6
297000 4
297100 8
297200 4
297300 7
297400 13
297500 7
297600 9
297700 6
297800 8
297900 5
298000 1
298100 7
298200 3
298300 3
298400 6
298500 13
298600 23
298700 99
298800 757
298900 5560
299000 14242
299100 11162
299200 2731
299300 278
299400 39
299500 28
299600 18
299700 6
299800 9
299900 5
300000 5
300100 0
300200 3
300300 1
300400 9
300500 3
300600 2
300700 7
300800 3
300900 5
301000 6
301100 6
301200 6
301300 5
301400 5
301500 6
301600 6
301700 3
301800 2
301900 4
302000 1
302100 4
302200 5
302300 4
302400 4
302500 10
302600 3
302700 7
302800 7
302900 4
303000 3
303100 5
303200 7
303300 9
303400 4
303500 5
303600 6
303700 8
303800 33
303900 51
304000 47
304100 21
304200 6
304300 5
304400 2
304500 3
304600 2
304700 6
304800 4
304900 4
305000 3
305100 2
305200 5
305300 7
305400 6
305500 1
305600 2
305700 6
305800 6
305900 9
306000 5
306100 8
306200 8
306300 5
306400 5
306500 10
306600 3
306700 10
306800 3
306900 11
307000 6
307100 4
307200 9
307300 2
307400 5
307500 6
307600 5
307700 9
307800 4
307900 4
308000 4
308100 3
308200 7
308300 9
308400 4
308500 5
308600 13
308700 8
308800 9
308900 5
309000 2
309100 5
309200 6
309300 7
309400 5
309500 5
309600 3
309700 4
309800 7
309900 1
