-290000 2
-289900 2
-289800 1
-289700 2
-289600 3
-289500 2
-289400 1
-289300 6
-289200 1
-289100 3
-289000 4
-288900 4
-288800 6
-288700 2
-288600 4
-288500 5
-288400 1
-288300 0
-288200 0
-288100 3
-288000 4
-287900 3
-287800 1
-287700 3
-287600 1
-287500 4
-287400 3
-287300 4
-287200 18
-287100 21
-287000 10
-286900 2
-286800 2
-286700 1
-286600 4
-286500 4
-286400 1
-286300 1
-286200 1
-286100 4
-286000 3
-285900 4
-285800 1
-285700 1
-285600 3
-285500 1
-285400 1
-285300 2
-285200 2
-285100 4
-285000 4
-284900 4
-284800 4
-284700 5
-284600 4
-284500 1
-284400 5
-284300 3
-284200 0
-284100 2
-284000 1
-283900 5
-283800 3
-283700 1
-283600 3
-283500 2
-283400 1
-283300 3
-283200 1
-283100 3
-283000 1
-282900 0
-282800 2
-282700 1
-282600 3
-282500 1
-282400 4
-282300 2
-282200 0
-282100 2
-282000 2
-281900 1
-281800 2
-281700 4
-281600 1
-281500 0
-281400 4
-281300 2
-281200 3
-281100 4
-281000 2
-280900 0
-280800 2
-280700 3
-280600 5
-280500 2
-280400 1
-280300 2
-280200 4
-280100 5
-280000 1
-279900 1
-279800 2
-279700 4
-279600 2
-279500 5
-279400 6
-279300 4
-279200 35
-279100 388
-279000 2167
-278900 3814
-278800 1998
-278700 343
-278600 23
-278500 5
-278400 7
-278300 2
-278200 6
-278100 3
-278000 1
-277900 4
-277800 3
-277700 1
-277600 4
-277500 1
-277400 2
-277300 4
-277200 2
-277100 1
-277000 1
-276900 2
-276800 3
-276700 3
-276600 2
-276500 2
-276400 0
-276300 2
-276200 6
-276100 2
-276000 2
-275900 2
-275800 5
-275700 3
-275600 4
-275500 3
-275400 3
-275300 3
-275200 3
-275100 1
-275000 1
-274900 5
-274800 4
-274700 2
-274600 3
-274500 2
-274400 5
-274300 5
-274200 4
-274100 10
-274000 20
-273900 14
-273800 4
-273700 3
-273600 2
-273500 4
-273400 1
-273300 2
-273200 1
-273100 2
-273000 1
-272900 1
-272800 6
-272700 2
-272600 3
-272500 4
-272400 4
-272300 3
-272200 4
-272100 3
-272000 3
-271900 2
-271800 2
-271700 2
-271600 0
-271500 2
-271400 3
-271300 1
-271200 2
-271100 4
-271000 2
-270900 2
-270800 2
-270700 3
-270600 3
-270500 1
-270400 3
-270300 3
-270200 3
-270100 1
-270000 6
-269900 5
-269800 3
-269700 2
-269600 2
-269500 2
-269400 2
-269300 1
-269200 3
-269100 3
-269000 1
-268900 4
-268800 5
-268700 0
-268600 5
-268500 4
-268400 5
-268300 1
-268200 3
-268100 2
-268000 3
-267900 3
-267800 2
-267700 2
-267600 3
-267500 3
-267400 4
-267300 3
-267200 2
-267100 3
-267000 0
-266900 3
-266800 3
-266700 2
-266600 3
-266500 1
-266400 5
-266300 3
-266200 3
-266100 14
-266000 190
-265900 1440
-265800 3626
-265700 2844
-265600 683
-265500 64
-265400 8
-265300 7
-265200 2
-265100 4
-265000 3
-264900 4
-264800 4
-264700 2
-264600 1
-264500 1
-264400 4
-264300 3
-264200 4
-264100 5
-264000 0
-263900 0
-263800 2
-263700 1
-263600 0
-263500 3
-263400 4
-263300 3
-263200 5
-263100 2
-263000 3
-262900 3
-262800 2
-262700 3
-262600 2
-262500 2
-262400 3
-262300 0
-262200 0
-262100 2
-262000 3
-261900 2
-261800 1
-261700 2
-261600 3
-261500 3
-261400 4
-261300 2
-261200 1
-261100 3
-261000 2
-260900 23
-260800 11
-260700 2
-260600 9
-260500 3
-260400 5
-260300 3
-260200 3
-260100 2
-260000 4
-259900 1
-259800 1
-259700 4
-259600 5
-259500 3
-259400 3
-259300 3
-259200 5
-259100 4
-259000 1
-258900 4
-258800 2
-258700 3
-258600 2
-258500 2
-258400 3
-258300 0
-258200 0
-258100 1
-258000 1
-257900 2
-257800 3
-257700 2
-257600 3
-257500 3
-257400 4
-257300 0
-257200 4
-257100 2
-257000 2
-256900 3
-256800 3
-256700 3
-256600 2
-256500 5
-256400 4
-256300 4
-256200 3
-256100 2
-256000 2
-255900 2
-255800 0
-255700 3
-255600 4
-255500 5
-255400 3
-255300 2
-255200 3
-255100 1
-255000 1
-254900 3
-254800 4
-254700 1
-254600 3
-254500 1
-254400 4
-254300 5
-254200 6
-254100 2
-254000 3
-253900 4
-253800 2
-253700 2
-253600 3
-253500 2
-253400 0
-253300 2
-253200 0
-253100 4
-253000 9
-252900 74
-252800 785
-252700 3087
-252600 3554
-252500 1234
-252400 138
-252300 12
-252200 3
-252100 2
-252000 1
-251900 5
-251800 1
-251700 3
-251600 3
-251500 2
-251400 5
-251300 4
-251200 3
-251100 1
-251000 2
-250900 2
-250800 1
-250700 1
-250600 2
-250500 3
-250400 0
-250300 2
-250200 3
-250100 4
-250000 3
-249900 2
-249800 3
-249700 1
-249600 6
-249500 3
-249400 2
-249300 4
-249200 3
-249100 2
-249000 2
-248900 5
-248800 2
-248700 6
-248600 1
-248500 2
-248400 4
-248300 4
-248200 0
-248100 2
-248000 0
-247900 8
-247800 16
-247700 20
-247600 5
-247500 3
-247400 1
-247300 3
-247200 5
-247100 2
-247000 3
-246900 3
-246800 2
-246700 2
-246600 4
-246500 3
-246400 2
-246300 1
-246200 3
-246100 3
-246000 2
-245900 2
-245800 0
-245700 1
-245600 2
-245500 2
-245400 4
-245300 2
-245200 2
-245100 4
-245000 0
-244900 3
-244800 5
-244700 6
-244600 1
-244500 2
-244400 2
-244300 3
-244200 4
-244100 3
-244000 3
-243900 5
-243800 1
-243700 1
-243600 2
-243500 1
-243400 3
-243300 1
-243200 4
-243100 4
-243000 5
-242900 2
-242800 1
-242700 2
-242600 2
-242500 1
-242400 2
-242300 5
-242200 2
-242100 0
-242000 4
-241900 0
-241800 1
-241700 4
-241600 1
-241500 0
-241400 3
-241300 5
-241200 3
-241100 4
-241000 3
-240900 5
-240800 2
-240700 4
-240600 2
-240500 4
-240400 3
-240300 2
-240200 5
-240100 2
-240000 5
-239900 9
-239800 26
-239700 325
-239600 1972
-239500 3829
-239400 2133
-239300 350
-239200 36
-239100 4
-239000 5
-238900 4
-238800 4
-238700 3
-238600 3
-238500 1
-238400 4
-238300 1
-238200 3
-238100 1
-238000 4
-237900 2
-237800 3
-237700 1
-237600 3
-237500 3
-237400 0
-237300 1
-237200 5
-237100 8
-237000 2
-236900 8
-236800 5
-236700 1
-236600 4
-236500 6
-236400 3
-236300 1
-236200 4
-236100 8
-236000 1
-235900 2
-235800 3
-235700 3
-235600 2
-235500 4
-235400 1
-235300 3
-235200 3
-235100 2
-235000 3
-234900 2
-234800 1
-234700 10
-234600 19
-234500 8
-234400 5
-234300 4
-234200 3
-234100 3
-234000 2
-233900 1
-233800 1
-233700 3
-233600 1
-233500 1
-233400 2
-233300 2
-233200 1
-233100 0
-233000 1
-232900 2
-232800 1
-232700 5
-232600 4
-232500 1
-232400 3
-232300 1
-232200 2
-232100 2
-232000 4
-231900 4
-231800 3
-231700 2
-231600 3
-231500 7
-231400 0
-231300 2
-231200 2
-231100 1
-231000 2
-230900 6
-230800 7
-230700 6
-230600 1
-230500 6
-230400 1
-230300 5
-230200 1
-230100 3
-230000 3
-229900 3
-229800 3
-229700 4
-229600 5
-229500 2
-229400 4
-229300 5
-229200 2
-229100 2
-229000 1
-228900 1
-228800 3
-228700 0
-228600 0
-228500 4
-228400 4
-228300 0
-228200 0
-228100 2
-228000 3
-227900 3
-227800 5
-227700 2
-227600 2
-227500 3
-227400 3
-227300 1
-227200 3
-227100 1
-227000 3
-226900 2
-226800 6
-226700 9
-226600 115
-226500 1178
-226400 3698
-226300 3020
-226200 771
-226100 71
-226000 10
-225900 8
-225800 2
-225700 1
-225600 2
-225500 5
-225400 2
-225300 3
-225200 3
-225100 4
-225000 2
-224900 1
-224800 4
-224700 2
-224600 1
-224500 1
-224400 1
-224300 1
-224200 1
-224100 1
-224000 2
-223900 0
-223800 3
-223700 1
-223600 2
-223500 2
-223400 1
-223300 1
-223200 1
-223100 3
-223000 3
-222900 5
-222800 8
-222700 3
-222600 0
-222500 2
-222400 4
-222300 3
-222200 3
-222100 5
-222000 4
-221900 4
-221800 3
-221700 4
-221600 19
-221500 15
-221400 10
-221300 6
-221200 3
-221100 2
-221000 3
-220900 1
-220800 4
-220700 4
-220600 5
-220500 1
-220400 4
-220300 4
-220200 1
-220100 0
-220000 1
-219900 0
-219800 4
-219700 1
-219600 6
-219500 3
-219400 3
-219300 3
-219200 2
-219100 1
-219000 4
-218900 1
-218800 3
-218700 4
-218600 4
-218500 0
-218400 2
-218300 5
-218200 3
-218100 3
-218000 3
-217900 2
-217800 2
-217700 5
-217600 3
-217500 2
-217400 4
-217300 2
-217200 4
-217100 1
-217000 1
-216900 2
-216800 4
-216700 2
-216600 0
-216500 4
-216400 5
-216300 2
-216200 2
-216100 4
-216000 2
-215900 0
-215800 1
-215700 2
-215600 1
-215500 1
-215400 2
-215300 2
-215200 2
-215100 3
-215000 1
-214900 6
-214800 0
-214700 2
-214600 3
-214500 4
-214400 2
-214300 1
-214200 2
-214100 1
-214000 2
-213900 4
-213800 2
-213700 6
-213600 7
-213500 69
-213400 806
-213300 3035
-213200 3505
-213100 1252
-213000 143
-212900 9
-212800 1
-212700 4
-212600 4
-212500 0
-212400 3
-212300 6
-212200 7
-212100 3
-212000 4
-211900 1
-211800 4
-211700 8
-211600 2
-211500 2
-211400 2
-211300 2
-211200 4
-211100 3
-211000 2
-210900 3
-210800 0
-210700 2
-210600 3
-210500 1
-210400 5
-210300 4
-210200 3
-210100 1
-210000 4
-209900 5
-209800 2
-209700 3
-209600 0
-209500 4
-209400 3
-209300 5
-209200 2
-209100 6
-209000 3
-208900 0
-208800 1
-208700 1
-208600 1
-208500 8
-208400 15
-208300 17
-208200 8
-208100 2
-208000 1
-207900 0
-207800 3
-207700 2
-207600 2
-207500 1
-207400 1
-207300 2
-207200 3
-207100 2
-207000 3
-206900 5
-206800 1
-206700 1
-206600 3
-206500 1
-206400 2
-206300 6
-206200 1
-206100 2
-206000 1
-205900 2
-205800 1
-205700 1
-205600 4
-205500 0
-205400 3
-205300 2
-205200 3
-205100 4
-205000 2
-204900 2
-204800 2
-204700 6
-204600 1
-204500 1
-204400 3
-204300 3
-204200 2
-204100 2
-204000 4
-203900 1
-203800 3
-203700 4
-203600 3
-203500 4
-203400 2
-203300 1
-203200 1
-203100 1
-203000 3
-202900 3
-202800 2
-202700 1
-202600 0
-202500 3
-202400 3
-202300 2
-202200 2
-202100 4
-202000 4
-201900 6
-201800 6
-201700 2
-201600 6
-201500 2
-201400 4
-201300 1
-201200 6
-201100 1
-201000 2
-200900 1
-200800 3
-200700 8
-200600 3
-200500 6
-200400 32
-200300 439
-200200 2446
-200100 3953
-200000 1762
-199900 298
-199800 14
-199700 5
-199600 6
-199500 1
-199400 6
-199300 0
-199200 3
-199100 2
-199000 2
-198900 2
-198800 5
-198700 3
-198600 1
-198500 3
-198400 2
-198300 3
-198200 3
-198100 2
-198000 2
-197900 9
-197800 3
-197700 5
-197600 2
-197500 0
-197400 8
-197300 2
-197200 4
-197100 1
-197000 3
-196900 2
-196800 3
-196700 8
-196600 4
-196500 1
-196400 5
-196300 1
-196200 4
-196100 0
-196000 1
-195900 3
-195800 3
-195700 1
-195600 4
-195500 3
-195400 3
-195300 11
-195200 15
-195100 4
-195000 3
-194900 2
-194800 5
-194700 4
-194600 3
-194500 2
-194400 3
-194300 2
-194200 3
-194100 2
-194000 1
-193900 2
-193800 4
-193700 1
-193600 0
-193500 1
-193400 1
-193300 1
-193200 2
-193100 1
-193000 1
-192900 4
-192800 2
-192700 1
-192600 2
-192500 1
-192400 2
-192300 3
-192200 2
-192100 2
-192000 1
-191900 1
-191800 1
-191700 3
-191600 3
-191500 3
-191400 3
-191300 1
-191200 1
-191100 3
-191000 0
-190900 3
-190800 2
-190700 0
-190600 2
-190500 4
-190400 2
-190300 4
-190200 4
-190100 1
-190000 1
-189900 3
-189800 5
-189700 2
-189600 2
-189500 5
-189400 3
-189300 4
-189200 3
-189100 2
-189000 1
-188900 0
-188800 1
-188700 3
-188600 4
-188500 1
-188400 2
-188300 5
-188200 4
-188100 1
-188000 1
-187900 3
-187800 0
-187700 1
-187600 4
-187500 2
-187400 4
-187300 14
-187200 156
-187100 1363
-187000 3782
-186900 2908
-186800 645
-186700 55
-186600 5
-186500 3
-186400 11
-186300 2
-186200 4
-186100 3
-186000 5
-185900 4
-185800 2
-185700 2
-185600 1
-185500 1
-185400 5
-185300 6
-185200 6
-185100 2
-185000 5
-184900 1
-184800 3
-184700 4
-184600 4
-184500 0
-184400 2
-184300 3
-184200 5
-184100 2
-184000 1
-183900 5
-183800 2
-183700 5
-183600 1
-183500 0
-183400 2
-183300 4
-183200 2
-183100 2
-183000 3
-182900 4
-182800 2
-182700 4
-182600 1
-182500 2
-182400 3
-182300 3
-182200 8
-182100 16
-182000 17
-181900 8
-181800 2
-181700 0
-181600 2
-181500 1
-181400 0
-181300 3
-181200 3
-181100 4
-181000 1
-180900 1
-180800 1
-180700 3
-180600 4
-180500 3
-180400 1
-180300 3
-180200 2
-180100 4
-180000 0
-179900 5
-179800 1
-179700 4
-179600 4
-179500 2
-179400 2
-179300 5
-179200 4
-179100 4
-179000 3
-178900 0
-178800 5
-178700 0
-178600 5
-178500 5
-178400 5
-178300 3
-178200 4
-178100 6
-178000 1
-177900 2
-177800 2
-177700 4
-177600 2
-177500 1
-177400 2
-177300 1
-177200 2
-177100 5
-177000 3
-176900 3
-176800 5
-176700 4
-176600 3
-176500 1
-176400 5
-176300 3
-176200 0
-176100 3
-176000 2
-175900 2
-175800 3
-175700 2
-175600 3
-175500 5
-175400 5
-175300 4
-175200 1
-175100 1
-175000 5
-174900 2
-174800 2
-174700 6
-174600 4
-174500 7
-174400 6
-174300 4
-174200 2
-174100 59
-174000 633
-173900 2860
-173800 3766
-173700 1369
-173600 185
-173500 12
-173400 4
-173300 7
-173200 4
-173100 6
-173000 3
-172900 2
-172800 3
-172700 4
-172600 5
-172500 2
-172400 2
-172300 4
-172200 2
-172100 3
-172000 4
-171900 4
-171800 0
-171700 2
-171600 0
-171500 1
-171400 2
-171300 0
-171200 5
-171100 1
-171000 2
-170900 6
-170800 4
-170700 3
-170600 4
-170500 3
-170400 6
-170300 3
-170200 2
-170100 1
-170000 2
-169900 2
-169800 3
-169700 2
-169600 2
-169500 1
-169400 4
-169300 2
-169200 3
-169100 8
-169000 19
-168900 10
-168800 9
-168700 4
-168600 3
-168500 1
-168400 0
-168300 0
-168200 6
-168100 4
-168000 0
-167900 3
-167800 2
-167700 1
-167600 5
-167500 0
-167400 1
-167300 2
-167200 5
-167100 6
-167000 2
-166900 2
-166800 2
-166700 2
-166600 4
-166500 0
-166400 2
-166300 4
-166200 3
-166100 2
-166000 4
-165900 5
-165800 0
-165700 2
-165600 5
-165500 4
-165400 0
-165300 7
-165200 4
-165100 2
-165000 2
-164900 5
-164800 2
-164700 4
-164600 2
-164500 2
-164400 1
-164300 5
-164200 1
-164100 3
-164000 2
-163900 3
-163800 3
-163700 1
-163600 4
-163500 1
-163400 4
-163300 4
-163200 2
-163100 2
-163000 3
-162900 7
-162800 2
-162700 2
-162600 1
-162500 4
-162400 8
-162300 17
-162200 10
-162100 2
-162000 2
-161900 0
-161800 7
-161700 7
-161600 3
-161500 4
-161400 8
-161300 3
-161200 5
-161100 10
-161000 19
-160900 290
-160800 1822
-160700 3828
-160600 2121
-160500 352
-160400 23
-160300 8
-160200 3
-160100 11
-160000 5
-159900 2
-159800 4
-159700 3
-159600 2
-159500 0
-159400 2
-159300 0
-159200 4
-159100 4
-159000 4
-158900 3
-158800 3
-158700 5
-158600 1
-158500 1
-158400 0
-158300 2
-158200 2
-158100 1
-158000 1
-157900 3
-157800 3
-157700 2
-157600 1
-157500 1
-157400 4
-157300 1
-157200 3
-157100 4
-157000 1
-156900 4
-156800 1
-156700 2
-156600 3
-156500 3
-156400 1
-156300 4
-156200 7
-156100 3
-156000 3
-155900 14
-155800 19
-155700 17
-155600 2
-155500 3
-155400 5
-155300 2
-155200 3
-155100 4
-155000 2
-154900 1
-154800 5
-154700 3
-154600 1
-154500 3
-154400 1
-154300 4
-154200 3
-154100 6
-154000 2
-153900 0
-153800 5
-153700 2
-153600 0
-153500 1
-153400 4
-153300 2
-153200 2
-153100 4
-153000 3
-152900 4
-152800 2
-152700 2
-152600 2
-152500 1
-152400 4
-152300 2
-152200 5
-152100 3
-152000 4
-151900 5
-151800 3
-151700 2
-151600 4
-151500 3
-151400 1
-151300 2
-151200 3
-151100 3
-151000 1
-150900 2
-150800 0
-150700 2
-150600 5
-150500 2
-150400 2
-150300 6
-150200 1
-150100 4
-150000 3
-149900 3
-149800 6
-149700 6
-149600 2
-149500 3
-149400 3
-149300 4
-149200 3
-149100 3
-149000 1
-148900 2
-148800 2
-148700 1
-148600 1
-148500 1
-148400 0
-148300 0
-148200 2
-148100 3
-148000 5
-147900 18
-147800 108
-147700 1161
-147600 3527
-147500 3024
-147400 798
-147300 70
-147200 15
-147100 5
-147000 4
-146900 4
-146800 1
-146700 2
-146600 5
-146500 5
-146400 5
-146300 1
-146200 3
-146100 3
-146000 1
-145900 2
-145800 4
-145700 4
-145600 1
-145500 4
-145400 3
-145300 2
-145200 0
-145100 2
-145000 0
-144900 1
-144800 1
-144700 3
-144600 2
-144500 4
-144400 2
-144300 2
-144200 1
-144100 3
-144000 4
-143900 3
-143800 1
-143700 2
-143600 3
-143500 2
-143400 2
-143300 2
-143200 1
-143100 0
-143000 3
-142900 4
-142800 12
-142700 21
-142600 10
-142500 7
-142400 2
-142300 4
-142200 4
-142100 2
-142000 3
-141900 2
-141800 1
-141700 4
-141600 4
-141500 4
-141400 5
-141300 3
-141200 6
-141100 1
-141000 2
-140900 4
-140800 3
-140700 0
-140600 2
-140500 1
-140400 4
-140300 4
-140200 2
-140100 1
-140000 1
-139900 1
-139800 3
-139700 2
-139600 1
-139500 3
-139400 1
-139300 2
-139200 3
-139100 1
-139000 2
-138900 3
-138800 4
-138700 1
-138600 4
-138500 1
-138400 1
-138300 2
-138200 4
-138100 3
-138000 2
-137900 0
-137800 1
-137700 3
-137600 1
-137500 4
-137400 1
-137300 2
-137200 4
-137100 1
-137000 2
-136900 2
-136800 3
-136700 0
-136600 3
-136500 1
-136400 3
-136300 4
-136200 2
-136100 3
-136000 0
-135900 6
-135800 3
-135700 5
-135600 4
-135500 8
-135400 4
-135300 3
-135200 1
-135100 2
-135000 3
-134900 3
-134800 9
-134700 52
-134600 590
-134500 2724
-134400 3892
-134300 1509
-134200 191
-134100 17
-134000 8
-133900 4
-133800 2
-133700 2
-133600 6
-133500 4
-133400 4
-133300 5
-133200 3
-133100 3
-133000 3
-132900 3
-132800 3
-132700 1
-132600 5
-132500 5
-132400 2
-132300 4
-132200 2
-132100 2
-132000 2
-131900 3
-131800 2
-131700 4
-131600 0
-131500 1
-131400 4
-131300 4
-131200 5
-131100 3
-131000 2
-130900 3
-130800 0
-130700 2
-130600 4
-130500 4
-130400 3
-130300 1
-130200 1
-130100 4
-130000 1
-129900 5
-129800 4
-129700 2
-129600 17
-129500 20
-129400 5
-129300 4
-129200 1
-129100 2
-129000 1
-128900 2
-128800 2
-128700 2
-128600 2
-128500 1
-128400 1
-128300 1
-128200 2
-128100 5
-128000 2
-127900 2
-127800 4
-127700 4
-127600 2
-127500 3
-127400 1
-127300 4
-127200 4
-127100 2
-127000 1
-126900 1
-126800 2
-126700 2
-126600 6
-126500 1
-126400 4
-126300 3
-126200 4
-126100 3
-126000 2
-125900 2
-125800 1
-125700 3
-125600 0
-125500 2
-125400 7
-125300 3
-125200 2
-125100 4
-125000 0
-124900 5
-124800 3
-124700 1
-124600 2
-124500 2
-124400 2
-124300 1
-124200 0
-124100 3
-124000 4
-123900 4
-123800 1
-123700 5
-123600 2
-123500 3
-123400 3
-123300 1
-123200 0
-123100 4
-123000 6
-122900 1
-122800 5
-122700 6
-122600 1
-122500 3
-122400 1
-122300 3
-122200 3
-122100 4
-122000 3
-121900 3
-121800 3
-121700 7
-121600 17
-121500 229
-121400 1834
-121300 4040
-121200 2361
-121100 404
-121000 39
-120900 7
-120800 5
-120700 2
-120600 4
-120500 1
-120400 2
-120300 3
-120200 2
-120100 4
-120000 0
-119900 5
-119800 6
-119700 1
-119600 4
-119500 3
-119400 0
-119300 2
-119200 3
-119100 3
-119000 7
-118900 1
-118800 7
-118700 3
-118600 2
-118500 2
-118400 3
-118300 1
-118200 0
-118100 2
-118000 2
-117900 3
-117800 1
-117700 4
-117600 2
-117500 0
-117400 2
-117300 3
-117200 0
-117100 4
-117000 2
-116900 6
-116800 1
-116700 2
-116600 3
-116500 14
-116400 22
-116300 8
-116200 4
-116100 4
-116000 6
-115900 2
-115800 1
-115700 2
-115600 2
-115500 3
-115400 4
-115300 2
-115200 3
-115100 1
-115000 2
-114900 4
-114800 2
-114700 3
-114600 3
-114500 2
-114400 1
-114300 1
-114200 2
-114100 4
-114000 3
-113900 2
-113800 4
-113700 2
-113600 3
-113500 2
-113400 2
-113300 2
-113200 3
-113100 3
-113000 4
-112900 3
-112800 6
-112700 2
-112600 5
-112500 3
-112400 2
-112300 3
-112200 2
-112100 4
-112000 2
-111900 5
-111800 2
-111700 3
-111600 5
-111500 3
-111400 0
-111300 1
-111200 2
-111100 1
-111000 2
-110900 3
-110800 3
-110700 2
-110600 1
-110500 3
-110400 1
-110300 1
-110200 2
-110100 1
-110000 4
-109900 1
-109800 5
-109700 4
-109600 3
-109500 3
-109400 1
-109300 1
-109200 4
-109100 3
-109000 3
-108900 1
-108800 2
-108700 4
-108600 6
-108500 15
-108400 111
-108300 1126
-108200 3582
-108100 3193
-108000 844
-107900 74
-107800 9
-107700 7
-107600 4
-107500 3
-107400 8
-107300 3
-107200 5
-107100 1
-107000 3
-106900 1
-106800 1
-106700 2
-106600 3
-106500 4
-106400 2
-106300 0
-106200 3
-106100 2
-106000 1
-105900 1
-105800 5
-105700 1
-105600 1
-105500 0
-105400 3
-105300 2
-105200 7
-105100 3
-105000 1
-104900 1
-104800 0
-104700 0
-104600 5
-104500 2
-104400 2
-104300 3
-104200 1
-104100 3
-104000 4
-103900 3
-103800 2
-103700 1
-103600 3
-103500 3
-103400 9
-103300 17
-103200 15
-103100 4
-103000 2
-102900 3
-102800 0
-102700 3
-102600 3
-102500 2
-102400 2
-102300 2
-102200 2
-102100 3
-102000 2
-101900 2
-101800 6
-101700 0
-101600 1
-101500 3
-101400 2
-101300 2
-101200 0
-101100 3
-101000 3
-100900 0
-100800 1
-100700 0
-100600 4
-100500 5
-100400 0
-100300 4
-100200 2
-100100 2
-100000 3
-99900 5
-99800 3
-99700 3
-99600 1
-99500 2
-99400 1
-99300 3
-99200 3
-99100 4
-99000 4
-98900 3
-98800 3
-98700 3
-98600 2
-98500 0
-98400 4
-98300 1
-98200 0
-98100 3
-98000 1
-97900 3
-97800 3
-97700 2
-97600 3
-97500 0
-97400 1
-97300 2
-97200 2
-97100 0
-97000 1
-96900 1
-96800 4
-96700 3
-96600 5
-96500 2
-96400 2
-96300 2
-96200 3
-96100 1
-96000 3
-95900 1
-95800 7
-95700 6
-95600 7
-95500 5
-95400 8
-95300 22
-95200 450
-95100 2433
-95000 3968
-94900 1783
-94800 237
-94700 10
-94600 8
-94500 6
-94400 3
-94300 4
-94200 3
-94100 3
-94000 3
-93900 2
-93800 0
-93700 3
-93600 4
-93500 2
-93400 1
-93300 5
-93200 4
-93100 1
-93000 4
-92900 2
-92800 2
-92700 3
-92600 4
-92500 2
-92400 4
-92300 3
-92200 3
-92100 3
-92000 3
-91900 3
-91800 1
-91700 1
-91600 2
-91500 2
-91400 5
-91300 2
-91200 0
-91100 1
-91000 4
-90900 6
-90800 1
-90700 3
-90600 2
-90500 2
-90400 3
-90300 3
-90200 19
-90100 24
-90000 8
-89900 5
-89800 4
-89700 1
-89600 5
-89500 1
-89400 1
-89300 1
-89200 4
-89100 2
-89000 1
-88900 3
-88800 2
-88700 4
-88600 2
-88500 7
-88400 1
-88300 3
-88200 2
-88100 2
-88000 4
-87900 3
-87800 1
-87700 3
-87600 4
-87500 2
-87400 1
-87300 5
-87200 1
-87100 2
-87000 2
-86900 1
-86800 1
-86700 0
-86600 0
-86500 4
-86400 2
-86300 3
-86200 0
-86100 2
-86000 4
-85900 5
-85800 3
-85700 1
-85600 3
-85500 3
-85400 2
-85300 3
-85200 7
-85100 3
-85000 2
-84900 1
-84800 2
-84700 4
-84600 1
-84500 3
-84400 1
-84300 1
-84200 3
-84100 0
-84000 1
-83900 4
-83800 1
-83700 4
-83600 4
-83500 5
-83400 2
-83300 3
-83200 3
-83100 2
-83000 3
-82900 6
-82800 1
-82700 1
-82600 2
-82500 2
-82400 3
-82300 5
-82200 17
-82100 117
-82000 1182
-81900 3643
-81800 3112
-81700 680
-81600 53
-81500 8
-81400 5
-81300 12
-81200 0
-81100 1
-81000 2
-80900 3
-80800 5
-80700 3
-80600 3
-80500 3
-80400 3
-80300 6
-80200 4
-80100 1
-80000 3
-79900 1
-79800 2
-79700 5
-79600 4
-79500 2
-79400 3
-79300 3
-79200 3
-79100 3
-79000 1
-78900 2
-78800 1
-78700 4
-78600 0
-78500 5
-78400 2
-78300 2
-78200 1
-78100 3
-78000 1
-77900 2
-77800 2
-77700 5
-77600 1
-77500 3
-77400 4
-77300 2
-77200 5
-77100 7
-77000 22
-76900 13
-76800 4
-76700 3
-76600 3
-76500 4
-76400 3
-76300 1
-76200 3
-76100 7
-76000 2
-75900 0
-75800 2
-75700 4
-75600 3
-75500 0
-75400 3
-75300 2
-75200 1
-75100 1
-75000 2
-74900 1
-74800 5
-74700 1
-74600 0
-74500 1
-74400 2
-74300 2
-74200 5
-74100 4
-74000 3
-73900 2
-73800 3
-73700 5
-73600 0
-73500 3
-73400 3
-73300 2
-73200 2
-73100 2
-73000 1
-72900 3
-72800 3
-72700 2
-72600 3
-72500 4
-72400 3
-72300 1
-72200 3
-72100 2
-72000 2
-71900 2
-71800 2
-71700 1
-71600 2
-71500 0
-71400 3
-71300 4
-71200 2
-71100 1
-71000 5
-70900 0
-70800 4
-70700 2
-70600 2
-70500 2
-70400 3
-70300 3
-70200 2
-70100 3
-70000 0
-69900 5
-69800 1
-69700 4
-69600 1
-69500 2
-69400 2
-69300 4
-69200 5
-69100 7
-69000 98
-68900 1096
-68800 3590
-68700 3150
-68600 813
-68500 55
-68400 7
-68300 4
-68200 2
-68100 2
-68000 6
-67900 1
-67800 2
-67700 4
-67600 1
-67500 3
-67400 7
-67300 3
-67200 4
-67100 2
-67000 3
-66900 0
-66800 4
-66700 5
-66600 4
-66500 2
-66400 1
-66300 4
-66200 3
-66100 0
-66000 1
-65900 2
-65800 3
-65700 1
-65600 2
-65500 2
-65400 4
-65300 4
-65200 3
-65100 2
-65000 3
-64900 2
-64800 3
-64700 1
-64600 1
-64500 2
-64400 0
-64300 2
-64200 1
-64100 4
-64000 4
-63900 20
-63800 15
-63700 4
-63600 5
-63500 2
-63400 3
-63300 1
-63200 1
-63100 2
-63000 5
-62900 4
-62800 5
-62700 1
-62600 2
-62500 4
-62400 5
-62300 1
-62200 4
-62100 4
-62000 3
-61900 0
-61800 4
-61700 2
-61600 3
-61500 1
-61400 4
-61300 4
-61200 3
-61100 1
-61000 3
-60900 3
-60800 4
-60700 2
-60600 1
-60500 2
-60400 4
-60300 2
-60200 3
-60100 3
-60000 2
-59900 3
-59800 2
-59700 1
-59600 8
-59500 1
-59400 1
-59300 3
-59200 3
-59100 5
-59000 7
-58900 1
-58800 2
-58700 3
-58600 6
-58500 3
-58400 0
-58300 3
-58200 4
-58100 2
-58000 0
-57900 2
-57800 3
-57700 6
-57600 2
-57500 2
-57400 3
-57300 3
-57200 3
-57100 4
-57000 2
-56900 1
-56800 2
-56700 4
-56600 5
-56500 2
-56400 3
-56300 2
-56200 8
-56100 6
-56000 8
-55900 68
-55800 621
-55700 2828
-55600 3809
-55500 1329
-55400 148
-55300 13
-55200 5
-55100 3
-55000 5
-54900 1
-54800 1
-54700 1
-54600 3
-54500 3
-54400 3
-54300 0
-54200 1
-54100 3
-54000 4
-53900 1
-53800 5
-53700 1
-53600 0
-53500 4
-53400 1
-53300 3
-53200 1
-53100 4
-53000 1
-52900 4
-52800 5
-52700 2
-52600 9
-52500 2
-52400 2
-52300 0
-52200 2
-52100 6
-52000 3
-51900 2
-51800 4
-51700 4
-51600 2
-51500 4
-51400 5
-51300 2
-51200 0
-51100 2
-51000 1
-50900 4
-50800 16
-50700 11
-50600 8
-50500 5
-50400 2
-50300 1
-50200 4
-50100 4
-50000 5
-49900 2
-49800 4
-49700 3
-49600 4
-49500 2
-49400 3
-49300 1
-49200 2
-49100 2
-49000 0
-48900 8
-48800 2
-48700 4
-48600 3
-48500 2
-48400 2
-48300 3
-48200 1
-48100 4
-48000 3
-47900 3
-47800 3
-47700 2
-47600 3
-47500 3
-47400 1
-47300 5
-47200 2
-47100 2
-47000 5
-46900 2
-46800 0
-46700 2
-46600 0
-46500 3
-46400 3
-46300 2
-46200 2
-46100 3
-46000 5
-45900 1
-45800 3
-45700 2
-45600 1
-45500 3
-45400 1
-45300 3
-45200 7
-45100 1
-45000 3
-44900 1
-44800 2
-44700 4
-44600 0
-44500 1
-44400 3
-44300 1
-44200 1
-44100 2
-44000 0
-43900 3
-43800 1
-43700 4
-43600 1
-43500 2
-43400 1
-43300 3
-43200 1
-43100 1
-43000 7
-42900 13
-42800 29
-42700 180
-42600 1350
-42500 3789
-42400 2816
-42300 554
-42200 41
-42100 4
-42000 1
-41900 2
-41800 1
-41700 6
-41600 2
-41500 0
-41400 5
-41300 5
-41200 6
-41100 2
-41000 2
-40900 3
-40800 4
-40700 1
-40600 3
-40500 3
-40400 1
-40300 1
-40200 2
-40100 3
-40000 2
-39900 5
-39800 0
-39700 1
-39600 1
-39500 2
-39400 2
-39300 0
-39200 4
-39100 4
-39000 3
-38900 1
-38800 4
-38700 2
-38600 1
-38500 0
-38400 3
-38300 4
-38200 3
-38100 1
-38000 0
-37900 4
-37800 5
-37700 8
-37600 24
-37500 19
-37400 5
-37300 1
-37200 7
-37100 2
-37000 4
-36900 2
-36800 1
-36700 2
-36600 1
-36500 0
-36400 7
-36300 4
-36200 0
-36100 1
-36000 1
-35900 1
-35800 2
-35700 3
-35600 1
-35500 5
-35400 4
-35300 3
-35200 4
-35100 3
-35000 2
-34900 4
-34800 1
-34700 1
-34600 1
-34500 2
-34400 5
-34300 1
-34200 1
-34100 4
-34000 2
-33900 2
-33800 4
-33700 2
-33600 1
-33500 3
-33400 2
-33300 1
-33200 2
-33100 5
-33000 2
-32900 6
-32800 4
-32700 4
-32600 2
-32500 1
-32400 2
-32300 2
-32200 2
-32100 2
-32000 2
-31900 4
-31800 6
-31700 2
-31600 3
-31500 2
-31400 1
-31300 3
-31200 1
-31100 0
-31000 4
-30900 6
-30800 5
-30700 1
-30600 2
-30500 2
-30400 2
-30300 2
-30200 5
-30100 0
-30000 5
-29900 9
-29800 31
-29700 21
-29600 58
-29500 711
-29400 3018
-29300 3712
-29200 1122
-29100 92
-29000 9
-28900 10
-28800 9
-28700 7
-28600 2
-28500 1
-28400 0
-28300 4
-28200 3
-28100 4
-28000 1
-27900 2
-27800 3
-27700 4
-27600 4
-27500 4
-27400 2
-27300 4
-27200 2
-27100 3
-27000 5
-26900 5
-26800 1
-26700 5
-26600 1
-26500 1
-26400 2
-26300 2
-26200 4
-26100 3
-26000 2
-25900 1
-25800 2
-25700 2
-25600 3
-25500 2
-25400 2
-25300 7
-25200 2
-25100 3
-25000 3
-24900 1
-24800 7
-24700 5
-24600 12
-24500 26
-24400 13
-24300 3
-24200 1
-24100 2
-24000 0
-23900 4
-23800 1
-23700 2
-23600 1
-23500 1
-23400 1
-23300 2
-23200 6
-23100 1
-23000 2
-22900 1
-22800 0
-22700 3
-22600 7
-22500 5
-22400 2
-22300 4
-22200 1
-22100 5
-22000 5
-21900 2
-21800 2
-21700 2
-21600 0
-21500 2
-21400 4
-21300 2
-21200 3
-21100 4
-21000 6
-20900 5
-20800 1
-20700 3
-20600 3
-20500 3
-20400 1
-20300 3
-20200 2
-20100 2
-20000 4
-19900 2
-19800 2
-19700 4
-19600 3
-19500 2
-19400 2
-19300 0
-19200 2
-19100 4
-19000 2
-18900 4
-18800 4
-18700 2
-18600 0
-18500 1
-18400 3
-18300 2
-18200 4
-18100 3
-18000 4
-17900 5
-17800 2
-17700 3
-17600 4
-17500 1
-17400 1
-17300 2
-17200 3
-17100 4
-17000 4
-16900 1
-16800 2
-16700 7
-16600 4
-16500 107
-16400 1102
-16300 3473
-16200 3165
-16100 800
-16000 66
-15900 10
-15800 3
-15700 3
-15600 4
-15500 5
-15400 1
-15300 5
-15200 3
-15100 3
-15000 4
-14900 2
-14800 1
-14700 1
-14600 1
-14500 2
-14400 4
-14300 3
-14200 4
-14100 3
-14000 4
-13900 4
-13800 4
-13700 3
-13600 1
-13500 2
-13400 3
-13300 1
-13200 2
-13100 2
-13000 2
-12900 3
-12800 2
-12700 4
-12600 4
-12500 1
-12400 4
-12300 0
-12200 1
-12100 0
-12000 1
-11900 5
-11800 1
-11700 4
-11600 2
-11500 10
-11400 22
-11300 16
-11200 3
-11100 3
-11000 6
-10900 3
-10800 1
-10700 3
-10600 2
-10500 4
-10400 1
-10300 4
-10200 5
-10100 3
-10000 2
-9900 1
-9800 3
-9700 3
-9600 2
-9500 1
-9400 0
-9300 1
-9200 2
-9100 2
-9000 1
-8900 3
-8800 3
-8700 1
-8600 1
-8500 2
-8400 4
-8300 2
-8200 3
-8100 0
-8000 4
-7900 2
-7800 2
-7700 1
-7600 3
-7500 2
-7400 1
-7300 1
-7200 3
-7100 2
-7000 2
-6900 2
-6800 2
-6700 5
-6600 1
-6500 0
-6400 2
-6300 1
-6200 6
-6100 6
-6000 1
-5900 2
-5800 2
-5700 2
-5600 1
-5500 2
-5400 1
-5300 0
-5200 1
-5100 2
-5000 1
-4900 3
-4800 4
-4700 1
-4600 5
-4500 1
-4400 0
-4300 4
-4200 3
-4100 4
-4000 1
-3900 2
-3800 6
-3700 4
-3600 6
-3500 4
-3400 17
-3300 199
-3200 1535
-3100 3934
-3000 2711
-2900 448
-2800 32
-2700 8
-2600 6
-2500 3
-2400 0
-2300 4
-2200 4
-2100 5
-2000 3
-1900 3
-1800 4
-1700 2
-1600 5
-1500 3
-1400 5
-1300 5
-1200 2
-1100 2
-1000 1
-900 0
-800 4
-700 0
-600 3
-500 3
-400 1
-300 1
-200 1
-100 0
0 2
100 4
200 1
300 1
400 2
500 2
600 2
700 1
800 4
900 2
1000 2
1100 2
1200 4
1300 3
1400 0
1500 1
1600 4
1700 13
1800 18
1900 13
2000 7
2100 2
2200 0
2300 0
2400 3
2500 6
2600 3
2700 3
2800 5
2900 6
3000 2
3100 3
3200 4
3300 2
3400 2
3500 2
3600 2
3700 3
3800 1
3900 5
4000 5
4100 3
4200 0
4300 4
4400 1
4500 3
4600 3
4700 2
4800 1
4900 3
5000 2
5100 5
5200 2
5300 2
5400 0
5500 7
5600 4
5700 2
5800 3
5900 4
6000 2
6100 1
6200 5
6300 7
6400 2
6500 2
6600 3
6700 5
6800 5
6900 5
7000 3
7100 4
7200 1
7300 5
7400 4
7500 5
7600 1
7700 0
7800 2
7900 4
8000 1
8100 1
8200 3
8300 2
8400 4
8500 6
8600 2
8700 7
8800 3
8900 1
9000 1
9100 2
9200 2
9300 5
9400 4
9500 15
9600 15
9700 39
9800 267
9900 4113
10000 24913
10100 42770
10200 20010
10300 2822
10400 164
10500 27
10600 25
10700 24
10800 6
10900 3
11000 5
11100 4
11200 5
11300 3
11400 4
11500 5
11600 2
11700 4
11800 4
11900 4
12000 2
12100 2
12200 6
12300 5
12400 2
12500 2
12600 4
12700 4
12800 5
12900 0
13000 3
13100 4
13200 1
13300 1
13400 1
13500 0
13600 4
13700 2
13800 3
13900 3
14000 2
14100 1
14200 2
14300 2
14400 1
14500 1
14600 3
14700 3
14800 3
14900 7
15000 20
15100 10
15200 3
15300 2
15400 1
15500 2
15600 3
15700 0
15800 5
15900 1
16000 3
16100 0
16200 2
16300 5
16400 1
16500 1
16600 2
16700 2
16800 3
16900 3
17000 5
17100 1
17200 3
17300 4
17400 3
17500 4
17600 2
17700 2
17800 2
17900 2
18000 3
18100 3
18200 1
18300 5
18400 4
18500 5
18600 4
18700 6
18800 3
18900 1
19000 1
19100 1
19200 2
19300 1
19400 1
19500 3
19600 5
19700 2
19800 7
19900 2
20000 1
20100 5
20200 5
20300 2
20400 2
20500 3
20600 5
20700 3
20800 3
20900 3
21000 4
21100 1
21200 6
21300 0
21400 3
21500 3
21600 3
21700 3
21800 2
21900 2
22000 5
22100 1
22200 4
22300 4
22400 5
22500 3
22600 9
22700 3
22800 5
22900 15
23000 175
23100 1447
23200 3833
23300 2722
23400 538
23500 50
23600 7
23700 10
23800 3
23900 2
24000 4
24100 2
24200 1
24300 1
24400 3
24500 3
24600 0
24700 1
24800 6
24900 4
25000 3
25100 0
25200 5
25300 1
25400 1
25500 1
25600 2
25700 1
25800 1
25900 3
26000 4
26100 4
26200 4
26300 3
26400 1
26500 3
26600 2
26700 1
26800 3
26900 0
27000 4
27100 1
27200 0
27300 2
27400 0
27500 5
27600 1
27700 1
27800 4
27900 7
28000 9
28100 23
28200 8
28300 2
28400 3
28500 3
28600 2
28700 4
28800 5
28900 3
29000 1
29100 5
29200 0
29300 1
29400 3
29500 2
29600 1
29700 3
29800 2
29900 3
30000 6
30100 1
30200 4
30300 5
30400 1
30500 3
30600 4
30700 2
30800 2
30900 5
31000 3
31100 2
31200 4
31300 0
31400 3
31500 3
31600 0
31700 2
31800 3
31900 3
32000 3
32100 3
32200 2
32300 4
32400 2
32500 3
32600 2
32700 1
32800 3
32900 3
33000 0
33100 2
33200 1
33300 3
33400 5
33500 2
33600 3
33700 3
33800 0
33900 2
34000 0
34100 6
34200 5
34300 6
34400 3
34500 1
34600 2
34700 5
34800 5
34900 1
35000 2
35100 2
35200 0
35300 1
35400 2
35500 2
35600 3
35700 2
35800 5
35900 6
36000 17
36100 210
36200 1671
36300 3915
36400 2507
36500 444
36600 29
36700 8
36800 5
36900 6
37000 5
37100 3
37200 4
37300 3
37400 3
37500 7
37600 5
37700 4
37800 0
37900 1
38000 2
38100 5
38200 4
38300 1
38400 0
38500 4
38600 0
38700 1
38800 4
38900 2
39000 3
39100 3
39200 4
39300 2
39400 4
39500 0
39600 1
39700 3
39800 4
39900 2
40000 5
40100 3
40200 0
40300 5
40400 2
40500 2
40600 1
40700 1
40800 1
40900 2
41000 4
41100 12
41200 22
41300 9
41400 6
41500 3
41600 2
41700 3
41800 3
41900 1
42000 3
42100 4
42200 2
42300 0
42400 3
42500 1
42600 4
42700 3
42800 2
42900 0
43000 3
43100 4
43200 0
43300 5
43400 4
43500 4
43600 0
43700 3
43800 3
43900 3
44000 1
44100 6
44200 3
44300 4
44400 3
44500 2
44600 4
44700 3
44800 4
44900 4
45000 3
45100 2
45200 4
45300 0
45400 2
45500 3
45600 1
45700 1
45800 2
45900 3
46000 5
46100 3
46200 7
46300 2
46400 4
46500 2
46600 1
46700 2
46800 5
46900 2
47000 3
47100 4
47200 2
47300 2
47400 2
47500 1
47600 2
47700 0
47800 2
47900 6
48000 4
48100 5
48200 4
48300 6
48400 3
48500 3
48600 0
48700 2
48800 3
48900 1
49000 5
49100 7
49200 46
49300 608
49400 2812
49500 3778
49600 1246
49700 130
49800 19
49900 28
50000 21
50100 13
50200 5
50300 5
50400 6
50500 2
50600 1
50700 0
50800 0
50900 4
51000 6
51100 3
51200 3
51300 2
51400 3
51500 6
51600 3
51700 3
51800 1
51900 2
52000 5
52100 2
52200 1
52300 0
52400 1
52500 1
52600 1
52700 5
52800 1
52900 2
53000 3
53100 2
53200 5
53300 4
53400 1
53500 3
53600 5
53700 1
53800 1
53900 2
54000 6
54100 5
54200 25
54300 145
54400 171
54500 45
54600 5
54700 3
54800 2
54900 2
55000 2
55100 6
55200 3
55300 3
55400 4
55500 2
55600 4
55700 0
55800 2
55900 3
56000 2
56100 8
56200 0
56300 3
56400 3
56500 2
56600 3
56700 1
56800 3
56900 2
57000 5
57100 1
57200 4
57300 6
57400 1
57500 7
57600 2
57700 3
57800 0
57900 2
58000 3
58100 2
58200 1
58300 5
58400 4
58500 2
58600 1
58700 3
58800 3
58900 1
59000 0
59100 1
59200 2
59300 6
59400 2
59500 1
59600 5
59700 3
59800 3
59900 2
60000 4
60100 1
60200 3
60300 2
60400 5
60500 4
60600 4
60700 3
60800 2
60900 1
61000 4
61100 3
61200 3
61300 3
61400 1
61500 2
61600 2
61700 2
61800 2
61900 1
62000 5
62100 5
62200 5
62300 12
62400 218
62500 1639
62600 3992
62700 2536
62800 517
62900 68
63000 13
63100 7
63200 4
63300 3
63400 3
63500 3
63600 2
63700 1
63800 3
63900 5
64000 2
64100 1
64200 3
64300 4
64400 5
64500 2
64600 1
64700 0
64800 1
64900 3
65000 5
65100 3
65200 2
65300 2
65400 3
65500 0
65600 1
65700 1
65800 2
65900 4
66000 2
66100 3
66200 4
66300 1
66400 2
66500 1
66600 3
66700 2
66800 0
66900 1
67000 3
67100 1
67200 2
67300 4
67400 15
67500 18
67600 16
67700 4
67800 1
67900 5
68000 2
68100 1
68200 1
68300 0
68400 3
68500 4
68600 3
68700 3
68800 1
68900 2
69000 0
69100 0
69200 6
69300 5
69400 4
69500 1
69600 0
69700 2
69800 3
69900 3
70000 0
70100 0
70200 0
70300 2
70400 0
70500 1
70600 2
70700 2
70800 1
70900 2
71000 0
71100 2
71200 2
71300 1
71400 0
71500 0
71600 5
71700 3
71800 3
71900 1
72000 2
72100 1
72200 6
72300 1
72400 4
72500 2
72600 6
72700 2
72800 2
72900 2
73000 5
73100 6
73200 4
73300 3
73400 3
73500 3
73600 2
73700 4
73800 3
73900 2
74000 4
74100 4
74200 3
74300 0
74400 5
74500 1
74600 2
74700 1
74800 5
74900 4
75000 3
75100 3
75200 4
75300 5
75400 12
75500 137
75600 1302
75700 3698
75800 2947
75900 624
76000 50
76100 4
76200 6
76300 4
76400 6
76500 2
76600 3
76700 3
76800 4
76900 4
77000 1
77100 2
77200 4
77300 5
77400 6
77500 3
77600 3
77700 1
77800 3
77900 3
78000 4
78100 4
78200 2
78300 5
78400 5
78500 0
78600 4
78700 1
78800 3
78900 3
79000 3
79100 8
79200 2
79300 4
79400 3
79500 4
79600 2
79700 4
79800 6
79900 6
80000 3
80100 2
80200 4
80300 3
80400 4
80500 8
80600 16
80700 10
80800 4
80900 3
81000 1
81100 2
81200 1
81300 2
81400 2
81500 4
81600 2
81700 3
81800 3
81900 2
82000 3
82100 2
82200 3
82300 3
82400 1
82500 3
82600 2
82700 2
82800 0
82900 7
83000 3
83100 3
83200 0
83300 4
83400 3
83500 5
83600 2
83700 3
83800 3
83900 3
84000 2
84100 1
84200 0
84300 4
84400 5
84500 4
84600 4
84700 6
84800 4
84900 2
85000 2
85100 2
85200 3
85300 2
85400 3
85500 6
85600 4
85700 4
85800 1
85900 2
86000 4
86100 3
86200 1
86300 3
86400 2
86500 2
86600 4
86700 3
86800 2
86900 2
87000 2
87100 1
87200 1
87300 6
87400 3
87500 2
87600 3
87700 5
87800 3
87900 3
88000 2
88100 0
88200 3
88300 2
88400 2
88500 8
88600 86
88700 786
88800 3200
88900 3574
89000 1096
89100 105
89200 8
89300 3
89400 3
89500 4
89600 2
89700 1
89800 3
89900 2
90000 2
90100 2
90200 0
90300 6
90400 4
90500 4
90600 4
90700 7
90800 4
90900 3
91000 0
91100 2
91200 1
91300 1
91400 2
91500 5
91600 2
91700 6
91800 4
91900 5
92000 3
92100 4
92200 3
92300 3
92400 2
92500 4
92600 1
92700 7
92800 1
92900 2
93000 7
93100 6
93200 5
93300 4
93400 2
93500 3
93600 4
93700 17
93800 22
93900 3
94000 3
94100 2
94200 3
94300 6
94400 4
94500 1
94600 2
94700 4
94800 1
94900 3
95000 5
95100 5
95200 2
95300 2
95400 3
95500 1
95600 0
95700 3
95800 4
95900 3
96000 3
96100 2
96200 2
96300 5
96400 3
96500 1
96600 4
96700 3
96800 2
96900 2
97000 3
97100 1
97200 5
97300 2
97400 2
97500 6
97600 0
97700 0
97800 1
97900 1
98000 3
98100 1
98200 4
98300 3
98400 3
98500 2
98600 8
98700 4
98800 4
98900 1
99000 2
99100 4
99200 2
99300 2
99400 1
99500 5
99600 2
99700 5
99800 3
99900 2
100000 2
100100 3
100200 2
100300 2
100400 2
100500 1
100600 1
100700 1
100800 1
100900 0
101000 1
101100 5
101200 4
101300 3
101400 3
101500 11
101600 8
101700 11
101800 233
101900 1795
102000 3976
102100 2379
102200 409
102300 27
102400 4
102500 7
102600 9
102700 1
102800 4
102900 3
103000 2
103100 1
103200 4
103300 1
103400 2
103500 2
103600 7
103700 1
103800 1
103900 4
104000 3
104100 2
104200 3
104300 4
104400 4
104500 5
104600 3
104700 1
104800 3
104900 2
105000 1
105100 1
105200 4
105300 1
105400 5
105500 2
105600 4
105700 2
105800 4
105900 2
106000 5
106100 5
106200 4
106300 2
106400 6
106500 0
106600 3
106700 3
106800 10
106900 20
107000 15
107100 2
107200 4
107300 3
107400 3
107500 1
107600 0
107700 2
107800 5
107900 1
108000 3
108100 1
108200 0
108300 3
108400 2
108500 3
108600 6
108700 2
108800 2
108900 3
109000 0
109100 2
109200 2
109300 3
109400 3
109500 1
109600 1
109700 1
109800 3
109900 3
110000 3
110100 4
110200 3
110300 2
110400 3
110500 4
110600 2
110700 2
110800 2
110900 1
111000 2
111100 1
111200 2
111300 2
111400 2
111500 3
111600 3
111700 2
111800 5
111900 4
112000 3
112100 1
112200 2
112300 4
112400 3
112500 2
112600 2
112700 3
112800 1
112900 0
113000 3
113100 3
113200 2
113300 2
113400 4
113500 2
113600 4
113700 3
113800 0
113900 4
114000 4
114100 0
114200 1
114300 2
114400 1
114500 5
114600 2
114700 5
114800 9
114900 128
115000 1111
115100 3566
115200 3231
115300 790
115400 64
115500 14
115600 1
115700 0
115800 2
115900 1
116000 4
116100 1
116200 2
116300 3
116400 1
116500 3
116600 2
116700 2
116800 3
116900 0
117000 2
117100 0
117200 2
117300 3
117400 1
117500 3
117600 3
117700 6
117800 3
117900 4
118000 2
118100 2
118200 3
118300 3
118400 2
118500 1
118600 5
118700 6
118800 1
118900 2
119000 0
119100 2
119200 4
119300 2
119400 2
119500 5
119600 6
119700 2
119800 2
119900 5
120000 21
120100 17
120200 9
120300 5
120400 6
120500 2
120600 0
120700 2
120800 3
120900 4
121000 1
121100 5
121200 0
121300 1
121400 0
121500 2
121600 2
121700 6
121800 6
121900 4
122000 4
122100 2
122200 2
122300 3
122400 2
122500 3
122600 1
122700 4
122800 3
122900 5
123000 1
123100 3
123200 4
123300 3
123400 4
123500 1
123600 3
123700 3
123800 2
123900 4
124000 7
124100 3
124200 2
124300 1
124400 8
124500 1
124600 4
124700 2
124800 4
124900 3
125000 2
125100 1
125200 1
125300 1
125400 6
125500 3
125600 4
125700 1
125800 3
125900 3
126000 2
126100 5
126200 2
126300 5
126400 1
126500 4
126600 2
126700 4
126800 1
126900 3
127000 3
127100 3
127200 1
127300 2
127400 2
127500 1
127600 1
127700 4
127800 7
127900 5
128000 54
128100 613
128200 2903
128300 3906
128400 1441
128500 150
128600 13
128700 4
128800 7
128900 9
129000 1
129100 4
129200 3
129300 2
129400 2
129500 2
129600 2
129700 1
129800 2
129900 1
130000 2
130100 3
130200 3
130300 1
130400 1
130500 5
130600 4
130700 1
130800 1
130900 1
131000 3
131100 3
131200 4
131300 2
131400 4
131500 3
131600 2
131700 1
131800 2
131900 1
132000 5
132100 2
132200 2
132300 0
132400 5
132500 2
132600 0
132700 2
132800 7
132900 1
133000 7
133100 11
133200 18
133300 5
133400 4
133500 4
133600 2
133700 1
133800 2
133900 3
134000 2
134100 2
134200 2
134300 2
134400 2
134500 3
134600 7
134700 4
134800 0
134900 2
135000 6
135100 3
135200 1
135300 1
135400 2
135500 1
135600 2
135700 0
135800 4
135900 0
136000 2
136100 2
136200 4
136300 3
136400 3
136500 2
136600 0
136700 2
136800 2
136900 2
137000 0
137100 4
137200 2
137300 5
137400 2
137500 3
137600 3
137700 4
137800 4
137900 7
138000 6
138100 2
138200 3
138300 3
138400 4
138500 2
138600 7
138700 3
138800 4
138900 3
139000 1
139100 2
139200 4
139300 1
139400 3
139500 3
139600 1
139700 4
139800 5
139900 2
140000 1
140100 0
140200 3
140300 1
140400 2
140500 4
140600 3
140700 3
140800 4
140900 4
141000 4
141100 25
141200 238
141300 1770
141400 4001
141500 2383
141600 430
141700 40
141800 9
141900 3
142000 8
142100 3
142200 3
142300 4
142400 5
142500 1
142600 0
142700 3
142800 2
142900 2
143000 7
143100 1
143200 4
143300 2
143400 3
143500 3
143600 4
143700 4
143800 0
143900 4
144000 3
144100 3
144200 3
144300 3
144400 1
144500 3
144600 5
144700 1
144800 1
144900 1
145000 2
145100 4
145200 2
145300 4
145400 3
145500 4
145600 5
145700 3
145800 0
145900 1
146000 1
146100 6
146200 13
146300 19
146400 16
146500 5
146600 7
146700 3
146800 2
146900 3
147000 2
147100 4
147200 3
147300 1
147400 1
147500 3
147600 4
147700 4
147800 2
147900 0
148000 3
148100 3
148200 1
148300 4
148400 1
148500 5
148600 1
148700 4
148800 4
148900 7
149000 1
149100 3
149200 1
149300 4
149400 0
149500 2
149600 1
149700 4
149800 3
149900 3
150000 3
150100 1
150200 3
150300 3
150400 3
150500 6
150600 1
150700 0
150800 2
150900 0
151000 4
151100 2
151200 4
151300 3
151400 3
151500 2
151600 5
151700 3
151800 1
151900 1
152000 3
152100 2
152200 2
152300 4
152400 0
152500 1
152600 2
152700 2
152800 4
152900 2
153000 5
153100 4
153200 4
153300 3
153400 5
153500 3
153600 3
153700 3
153800 4
153900 2
154000 5
154100 3
154200 9
154300 82
154400 881
154500 3341
154600 3405
154700 997
154800 83
154900 10
155000 8
155100 3
155200 4
155300 3
155400 1
155500 2
155600 1
155700 2
155800 1
155900 0
156000 5
156100 5
156200 5
156300 2
156400 4
156500 3
156600 4
156700 4
156800 1
156900 2
157000 7
157100 3
157200 3
157300 0
157400 4
157500 1
157600 4
157700 5
157800 3
157900 1
158000 0
158100 3
158200 3
158300 3
158400 1
158500 1
158600 1
158700 2
158800 2
158900 2
159000 4
159100 3
159200 6
159300 11
159400 17
159500 13
159600 4
159700 5
159800 2
159900 1
160000 1
160100 4
160200 0
160300 0
160400 2
160500 2
160600 2
160700 0
160800 3
160900 4
161000 2
161100 1
161200 2
161300 5
161400 2
161500 1
161600 4
161700 5
161800 3
161900 1
162000 1
162100 2
162200 2
162300 2
162400 2
162500 1
162600 2
162700 0
162800 1
162900 1
163000 7
163100 1
163200 0
163300 5
163400 1
163500 1
163600 3
163700 2
163800 2
163900 1
164000 2
164100 3
164200 3
164300 5
164400 2
164500 3
164600 1
164700 1
164800 0
164900 2
165000 2
165100 5
165200 3
165300 2
165400 2
165500 1
165600 2
165700 5
165800 6
165900 2
166000 1
166100 8
166200 6
166300 4
166400 1
166500 2
166600 2
166700 3
166800 6
166900 3
167000 4
167100 4
167200 10
167300 6
167400 31
167500 435
167600 2441
167700 3852
167800 1676
167900 199
168000 13
168100 8
168200 4
168300 4
168400 3
168500 4
168600 1
168700 3
168800 4
168900 1
169000 1
169100 6
169200 1
169300 4
169400 3
169500 0
169600 4
169700 3
169800 3
169900 7
170000 3
170100 1
170200 2
170300 4
170400 1
170500 0
170600 2
170700 2
170800 1
170900 5
171000 4
171100 4
171200 5
171300 2
171400 3
171500 3
171600 1
171700 1
171800 1
171900 5
172000 3
172100 5
172200 2
172300 4
172400 9
172500 13
172600 22
172700 11
172800 1
172900 4
173000 3
173100 5
173200 2
173300 4
173400 2
173500 1
173600 0
173700 2
173800 2
173900 2
174000 4
174100 2
174200 1
174300 1
174400 1
174500 1
174600 3
174700 2
174800 3
174900 2
175000 1
175100 2
175200 2
175300 2
175400 2
175500 3
175600 1
175700 3
175800 1
175900 1
176000 3
176100 3
176200 6
176300 4
176400 2
176500 5
176600 2
176700 1
176800 0
176900 3
177000 1
177100 3
177200 1
177300 2
177400 4
177500 5
177600 4
177700 2
177800 2
177900 5
178000 6
178100 4
178200 1
178300 4
178400 3
178500 3
178600 2
178700 1
178800 3
178900 2
179000 1
179100 2
179200 3
179300 3
179400 6
179500 1
179600 2
179700 5
179800 1
179900 2
180000 2
180100 4
180200 4
180300 5
180400 7
180500 14
180600 224
180700 1619
180800 3707
180900 2600
181000 537
181100 37
181200 11
181300 5
181400 6
181500 5
181600 1
181700 4
181800 1
181900 0
182000 5
182100 3
182200 1
182300 10
182400 15
182500 11
182600 3
182700 5
182800 1
182900 5
183000 1
183100 2
183200 5
183300 4
183400 1
183500 3
183600 5
183700 5
183800 3
183900 4
184000 6
184100 1
184200 6
184300 0
184400 1
184500 5
184600 2
184700 6
184800 2
184900 8
185000 2
185100 3
185200 3
185300 3
185400 2
185500 2
185600 10
185700 15
185800 9
185900 7
186000 4
186100 2
186200 1
186300 0
186400 0
186500 2
186600 1
186700 3
186800 4
186900 5
187000 3
187100 2
187200 0
187300 2
187400 2
187500 4
187600 0
187700 2
187800 4
187900 1
188000 3
188100 2
188200 5
188300 0
188400 5
188500 2
188600 4
188700 4
188800 4
188900 0
189000 2
189100 2
189200 0
189300 1
189400 5
189500 2
189600 0
189700 2
189800 3
189900 1
190000 3
190100 3
190200 7
190300 1
190400 2
190500 1
190600 2
190700 5
190800 2
190900 2
191000 2
191100 3
191200 1
191300 2
191400 2
191500 4
191600 3
191700 3
191800 1
191900 1
192000 3
192100 2
192200 2
192300 7
192400 3
192500 6
192600 4
192700 3
192800 3
192900 1
193000 4
193100 7
193200 1
193300 2
193400 4
193500 8
193600 14
193700 67
193800 762
193900 3040
194000 3509
194100 1173
194200 129
194300 7
194400 3
194500 2
194600 4
194700 3
194800 1
194900 2
195000 5
195100 0
195200 1
195300 5
195400 1
195500 8
195600 1
195700 0
195800 5
195900 2
196000 4
196100 4
196200 4
196300 1
196400 2
196500 5
196600 2
196700 4
196800 2
196900 2
197000 5
197100 4
197200 2
197300 2
197400 2
197500 2
197600 5
197700 2
197800 1
197900 2
198000 2
198100 2
198200 3
198300 5
198400 0
198500 1
198600 3
198700 8
198800 15
198900 16
199000 8
199100 2
199200 4
199300 5
199400 3
199500 3
199600 2
199700 5
199800 2
199900 2
200000 4
200100 4
200200 5
200300 2
200400 3
200500 2
200600 3
200700 1
200800 0
200900 3
201000 3
201100 1
201200 3
201300 2
201400 3
201500 2
201600 2
201700 4
201800 1
201900 1
202000 6
202100 1
202200 3
202300 7
202400 2
202500 1
202600 2
202700 1
202800 3
202900 1
203000 0
203100 4
203200 4
203300 0
203400 1
203500 2
203600 1
203700 5
203800 0
203900 6
204000 3
204100 2
204200 3
204300 1
204400 2
204500 1
204600 2
204700 4
204800 4
204900 9
205000 0
205100 3
205200 2
205300 2
205400 1
205500 3
205600 3
205700 1
205800 4
205900 2
206000 5
206100 0
206200 3
206300 3
206400 5
206500 4
206600 4
206700 6
206800 35
206900 416
207000 2352
207100 3811
207200 1836
207300 276
207400 18
207500 5
207600 3
207700 2
207800 4
207900 2
208000 2
208100 4
208200 0
208300 3
208400 4
208500 2
208600 6
208700 6
208800 2
208900 2
209000 3
209100 5
209200 2
209300 1
209400 3
209500 5
209600 0
209700 0
209800 3
209900 3
210000 1
210100 4
210200 2
210300 0
210400 1
210500 5
210600 2
210700 1
210800 1
210900 4
211000 2
211100 3
211200 2
211300 2
211400 2
211500 3
211600 3
211700 4
211800 6
211900 11
212000 21
212100 5
212200 2
212300 3
212400 2
212500 3
212600 3
212700 2
212800 1
212900 1
213000 4
213100 1
213200 3
213300 2
213400 2
213500 3
213600 3
213700 3
213800 3
213900 5
214000 1
214100 1
214200 3
214300 1
214400 0
214500 2
214600 2
214700 0
214800 5
214900 5
215000 1
215100 4
215200 3
215300 5
215400 2
215500 2
215600 0
215700 1
215800 2
215900 3
216000 3
216100 0
216200 1
216300 2
216400 1
216500 1
216600 2
216700 1
216800 5
216900 4
217000 1
217100 1
217200 3
217300 3
217400 2
217500 3
217600 3
217700 2
217800 0
217900 2
218000 6
218100 3
218200 1
218300 2
218400 2
218500 5
218600 2
218700 1
218800 3
218900 2
219000 2
219100 1
219200 3
219300 3
219400 4
219500 3
219600 3
219700 4
219800 3
219900 12
220000 220
220100 1471
220200 3706
220300 2794
220400 586
220500 49
220600 7
220700 5
220800 5
220900 3
221000 6
221100 2
221200 4
221300 3
221400 2
221500 4
221600 1
221700 4
221800 4
221900 4
222000 1
222100 2
222200 4
222300 1
222400 3
222500 0
222600 1
222700 3
222800 4
222900 4
223000 2
223100 4
223200 0
223300 2
223400 4
223500 1
223600 1
223700 1
223800 1
223900 4
224000 4
224100 2
224200 2
224300 1
224400 0
224500 2
224600 4
224700 1
224800 4
224900 2
225000 8
225100 17
225200 14
225300 6
225400 4
225500 6
225600 2
225700 1
225800 2
225900 1
226000 3
226100 3
226200 3
226300 3
226400 3
226500 5
226600 2
226700 1
226800 1
226900 2
227000 3
227100 6
227200 4
227300 1
227400 1
227500 3
227600 1
227700 3
227800 2
227900 1
228000 1
228100 2
228200 1
228300 1
228400 4
228500 3
228600 1
228700 2
228800 4
228900 1
229000 1
229100 2
229200 4
229300 5
229400 2
229500 2
229600 5
229700 3
229800 2
229900 4
230000 1
230100 3
230200 1
230300 3
230400 3
230500 2
230600 2
230700 3
230800 1
230900 4
231000 2
231100 2
231200 3
231300 2
231400 2
231500 0
231600 4
231700 3
231800 3
231900 3
232000 1
232100 4
232200 3
232300 3
232400 3
232500 3
232600 3
232700 2
232800 4
232900 6
233000 9
233100 104
233200 1109
233300 3343
233400 3251
233500 919
233600 83
233700 11
233800 7
233900 5
234000 4
234100 4
234200 6
234300 3
234400 4
234500 0
234600 2
234700 1
234800 4
234900 8
235000 7
235100 5
235200 0
235300 2
235400 4
235500 3
235600 6
235700 2
235800 3
235900 3
236000 2
236100 1
236200 5
236300 2
236400 1
236500 2
236600 1
236700 1
236800 3
236900 4
237000 2
237100 3
237200 2
237300 1
237400 4
237500 5
237600 7
237700 2
237800 2
237900 3
238000 3
238100 6
238200 18
238300 11
238400 3
238500 3
238600 2
238700 1
238800 1
238900 0
239000 3
239100 4
239200 4
239300 1
239400 1
239500 4
239600 1
239700 2
239800 2
239900 1
240000 3
240100 2
240200 3
240300 7
240400 3
240500 4
240600 3
240700 0
240800 0
240900 0
241000 4
241100 2
241200 0
241300 2
241400 1
241500 1
241600 2
241700 2
241800 1
241900 3
242000 2
242100 2
242200 5
242300 2
242400 3
242500 2
242600 8
242700 0
242800 5
242900 2
243000 3
243100 2
243200 1
243300 1
243400 4
243500 4
243600 3
243700 1
243800 5
243900 3
244000 4
244100 3
244200 4
244300 5
244400 5
244500 1
244600 5
244700 1
244800 4
244900 6
245000 2
245100 2
245200 4
245300 3
245400 3
245500 6
245600 4
245700 1
245800 5
245900 3
246000 3
246100 8
246200 37
246300 458
246400 2301
246500 3804
246600 1915
246700 265
246800 18
246900 3
247000 5
247100 6
247200 4
247300 1
247400 0
247500 4
247600 4
247700 2
247800 2
247900 1
248000 5
248100 2
248200 7
248300 1
248400 2
248500 2
248600 2
248700 2
248800 2
248900 1
249000 1
249100 0
249200 3
249300 1
249400 0
249500 4
249600 0
249700 0
249800 0
249900 3
250000 4
250100 0
250200 1
250300 3
250400 4
250500 4
250600 6
250700 2
250800 3
250900 0
251000 1
251100 2
251200 2
251300 14
251400 21
251500 13
251600 4
251700 3
251800 3
251900 2
252000 6
252100 3
252200 3
252300 5
252400 4
252500 3
252600 3
252700 2
252800 1
252900 3
253000 4
253100 2
253200 2
253300 1
253400 3
253500 1
253600 4
253700 2
253800 5
253900 0
254000 3
254100 4
254200 5
254300 1
254400 0
254500 4
254600 2
254700 0
254800 2
254900 5
255000 2
255100 2
255200 4
255300 1
255400 3
255500 2
255600 2
255700 3
255800 0
255900 1
256000 4
256100 2
256200 4
256300 2
256400 3
256500 6
256600 3
256700 2
256800 1
256900 3
257000 2
257100 4
257200 1
257300 1
257400 2
257500 5
257600 1
257700 3
257800 1
257900 2
258000 1
258100 4
258200 0
258300 2
258400 3
258500 2
258600 3
258700 3
258800 2
258900 2
259000 4
259100 4
259200 5
259300 18
259400 212
259500 1508
259600 3661
259700 2741
259800 557
259900 44
260000 9
260100 9
260200 1
260300 2
260400 1
260500 3
260600 4
260700 0
260800 4
260900 4
261000 2
261100 3
261200 2
261300 0
261400 2
261500 0
261600 3
261700 4
261800 2
261900 1
262000 4
262100 1
262200 3
262300 3
262400 1
262500 3
262600 0
262700 2
262800 4
262900 2
263000 3
263100 2
263200 0
263300 1
263400 2
263500 1
263600 2
263700 3
263800 3
263900 1
264000 2
264100 2
264200 1
264300 4
264400 13
264500 14
264600 10
264700 3
264800 4
264900 2
265000 4
265100 1
265200 7
265300 2
265400 3
265500 4
265600 4
265700 3
265800 1
265900 2
266000 3
266100 3
266200 3
266300 1
266400 0
266500 1
266600 6
266700 4
266800 3
266900 3
267000 0
267100 4
267200 2
267300 3
267400 2
267500 4
267600 0
267700 2
267800 4
267900 4
268000 3
268100 5
268200 0
268300 2
268400 3
268500 1
268600 3
268700 3
268800 3
268900 3
269000 0
269100 3
269200 1
269300 6
269400 3
269500 2
269600 2
269700 4
269800 2
269900 3
270000 2
270100 4
270200 3
270300 4
270400 4
270500 3
270600 3
270700 3
270800 1
270900 2
271000 5
271100 2
271200 2
271300 2
271400 1
271500 3
271600 2
271700 2
271800 3
271900 2
272000 2
272100 4
272200 5
272300 3
272400 9
272500 98
272600 986
272700 3151
272800 3388
272900 1052
273000 110
273100 13
273200 5
273300 5
273400 3
273500 0
273600 5
273700 0
273800 2
273900 3
274000 1
274100 2
274200 1
274300 3
274400 3
274500 1
274600 4
274700 2
274800 6
274900 2
275000 2
275100 3
275200 5
275300 3
275400 1
275500 4
275600 4
275700 3
275800 1
275900 6
276000 3
276100 1
276200 2
276300 5
276400 3
276500 2
276600 3
276700 3
276800 2
276900 3
277000 3
277100 3
277200 2
277300 3
277400 4
277500 10
277600 20
277700 9
277800 7
277900 4
278000 2
278100 1
278200 1
278300 5
278400 2
278500 7
278600 2
278700 3
278800 0
278900 4
279000 5
279100 5
279200 1
279300 3
279400 4
279500 5
279600 3
279700 4
279800 6
279900 1
280000 4
280100 1
280200 5
280300 4
280400 1
280500 7
280600 3
280700 3
280800 3
280900 3
281000 4
281100 0
281200 2
281300 1
281400 2
281500 6
281600 6
281700 2
281800 1
281900 1
282000 3
282100 2
282200 4
282300 1
282400 5
282500 5
282600 8
282700 5
282800 2
282900 4
283000 6
283100 1
283200 3
283300 2
283400 2
283500 2
283600 2
283700 1
283800 2
283900 5
284000 6
284100 2
284200 1
284300 2
284400 3
284500 7
284600 1
284700 0
284800 2
284900 3
285000 3
285100 1
285200 3
285300 4
285400 2
285500 3
285600 35
285700 444
285800 2310
285900 3742
286000 1795
286100 283
286200 18
286300 9
286400 4
286500 4
286600 2
286700 3
286800 4
286900 4
287000 1
287100 3
287200 6
287300 4
287400 3
287500 5
287600 4
287700 4
287800 0
287900 5
288000 3
288100 2
288200 1
288300 2
288400 3
288500 4
288600 5
288700 2
288800 2
288900 2
289000 3
289100 2
289200 4
289300 1
289400 2
289500 2
289600 5
289700 2
289800 0
289900 2
290000 1
290100 1
290200 3
290300 4
290400 2
290500 4
290600 6
290700 9
290800 25
290900 12
291000 2
291100 2
291200 2
291300 3
291400 4
291500 1
291600 2
291700 1
291800 2
291900 2
292000 3
292100 2
292200 2
292300 1
292400 4
292500 2
292600 6
292700 2
292800 2
292900 2
293000 3
293100 2
293200 5
293300 1
293400 1
293500 0
293600 1
293700 1
293800 1
293900 1
294000 0
294100 4
294200 2
294300 0
294400 2
294500 5
294600 3
294700 1
294800 5
294900 2
295000 5
295100 1
295200 3
295300 1
295400 3
295500 6
295600 3
295700 2
295800 2
295900 1
296000 2
296100 3
296200 6
296300 1
296400 3
296500 2
296600 3
296700 1
296800 2
296900 3
297000 2
297100 2
297200 1
297300 1
297400 3
297500 5
297600 1
297700 2
297800 1
297900 7
298000 3
298100 1
298200 2
298300 1
298400 0
298500 1
298600 6
298700 14
298800 192
298900 1377
299000 3630
299100 2872
299200 716
299300 66
299400 7
299500 1
299600 4
299700 1
299800 4
299900 3
300000 0
300100 2
300200 2
300300 5
300400 3
300500 4
300600 4
300700 4
300800 6
300900 1
301000 1
301100 0
301200 5
301300 1
301400 3
301500 3
301600 3
301700 3
301800 3
301900 2
302000 2
302100 3
302200 4
302300 2
302400 2
302500 1
302600 1
302700 2
302800 4
302900 3
303000 6
303100 1
303200 5
303300 1
303400 3
303500 6
303600 2
303700 1
303800 11
303900 21
304000 21
304100 2
304200 4
304300 0
304400 1
304500 1
304600 2
304700 0
304800 4
304900 2
305000 4
305100 1
305200 3
305300 2
305400 3
305500 4
305600 2
305700 3
305800 6
305900 3
306000 3
306100 2
306200 0
306300 5
306400 3
306500 3
306600 4
306700 3
306800 5
306900 4
307000 2
307100 2
307200 1
307300 2
307400 2
307500 2
307600 3
307700 4
307800 4
307900 1
308000 2
308100 4
308200 2
308300 4
308400 4
308500 2
308600 1
308700 1
308800 1
308900 4
309000 1
309100 2
309200 1
309300 1
309400 6
309500 3
309600 4
309700 1
309800 3
309900 3
