-290000 1
-289900 0
-289800 1
-289700 0
-289600 0
-289500 0
-289400 0
-289300 0
-289200 0
-289100 0
-289000 0
-288900 1
-288800 0
-288700 0
-288600 1
-288500 0
-288400 0
-288300 0
-288200 0
-288100 0
-288000 0
-287900 0
-287800 0
-287700 0
-287600 0
-287500 0
-287400 1
-287300 8
-287200 34
-287100 36
-287000 12
-286900 2
-286800 0
-286700 0
-286600 0
-286500 1
-286400 2
-286300 0
-286200 0
-286100 0
-286000 0
-285900 0
-285800 0
-285700 0
-285600 0
-285500 1
-285400 0
-285300 0
-285200 0
-285100 0
-285000 0
-284900 0
-284800 0
-284700 3
-284600 0
-284500 0
-284400 0
-284300 0
-284200 0
-284100 1
-284000 0
-283900 2
-283800 0
-283700 0
-283600 0
-283500 0
-283400 0
-283300 2
-283200 0
-283100 0
-283000 0
-282900 1
-282800 1
-282700 0
-282600 0
-282500 1
-282400 1
-282300 0
-282200 1
-282100 0
-282000 0
-281900 0
-281800 0
-281700 0
-281600 0
-281500 0
-281400 0
-281300 1
-281200 1
-281100 0
-281000 2
-280900 0
-280800 0
-280700 0
-280600 2
-280500 1
-280400 4
-280300 1
-280200 0
-280100 0
-280000 1
-279900 0
-279800 0
-279700 0
-279600 3
-279500 2
-279400 8
-279300 15
-279200 59
-279100 705
-279000 3502
-278900 6246
-278800 3548
-278700 668
-278600 68
-278500 14
-278400 12
-278300 9
-278200 4
-278100 1
-278000 0
-277900 0
-277800 1
-277700 1
-277600 0
-277500 0
-277400 3
-277300 0
-277200 1
-277100 0
-277000 1
-276900 0
-276800 0
-276700 1
-276600 0
-276500 0
-276400 2
-276300 1
-276200 1
-276100 1
-276000 0
-275900 0
-275800 0
-275700 0
-275600 0
-275500 0
-275400 0
-275300 0
-275200 0
-275100 0
-275000 0
-274900 0
-274800 0
-274700 0
-274600 1
-274500 2
-274400 1
-274300 1
-274200 7
-274100 28
-274000 38
-273900 23
-273800 4
-273700 0
-273600 1
-273500 0
-273400 1
-273300 1
-273200 0
-273100 0
-273000 2
-272900 0
-272800 0
-272700 0
-272600 0
-272500 0
-272400 0
-272300 1
-272200 0
-272100 0
-272000 0
-271900 1
-271800 0
-271700 0
-271600 0
-271500 0
-271400 0
-271300 0
-271200 0
-271100 0
-271000 0
-270900 1
-270800 0
-270700 0
-270600 0
-270500 0
-270400 0
-270300 0
-270200 1
-270100 0
-270000 0
-269900 2
-269800 1
-269700 1
-269600 0
-269500 1
-269400 0
-269300 2
-269200 0
-269100 4
-269000 1
-268900 1
-268800 1
-268700 1
-268600 1
-268500 1
-268400 0
-268300 0
-268200 0
-268100 0
-268000 0
-267900 0
-267800 0
-267700 0
-267600 0
-267500 1
-267400 1
-267300 2
-267200 1
-267100 0
-267000 0
-266900 0
-266800 1
-266700 0
-266600 0
-266500 1
-266400 2
-266300 7
-266200 11
-266100 34
-266000 297
-265900 2292
-265800 6020
-265700 4927
-265600 1230
-265500 120
-265400 14
-265300 12
-265200 5
-265100 2
-265000 1
-264900 0
-264800 1
-264700 1
-264600 0
-264500 0
-264400 0
-264300 0
-264200 2
-264100 0
-264000 2
-263900 0
-263800 0
-263700 0
-263600 0
-263500 0
-263400 0
-263300 0
-263200 0
-263100 1
-263000 0
-262900 2
-262800 0
-262700 0
-262600 0
-262500 0
-262400 1
-262300 3
-262200 0
-262100 1
-262000 0
-261900 0
-261800 0
-261700 1
-261600 1
-261500 0
-261400 0
-261300 0
-261200 0
-261100 1
-261000 21
-260900 33
-260800 39
-260700 9
-260600 2
-260500 3
-260400 0
-260300 1
-260200 2
-260100 0
-260000 0
-259900 1
-259800 1
-259700 1
-259600 1
-259500 0
-259400 0
-259300 2
-259200 0
-259100 0
-259000 0
-258900 0
-258800 0
-258700 0
-258600 0
-258500 0
-258400 0
-258300 0
-258200 2
-258100 0
-258000 0
-257900 2
-257800 2
-257700 0
-257600 0
-257500 0
-257400 0
-257300 0
-257200 0
-257100 1
-257000 2
-256900 0
-256800 0
-256700 0
-256600 2
-256500 0
-256400 0
-256300 0
-256200 0
-256100 0
-256000 1
-255900 2
-255800 0
-255700 0
-255600 0
-255500 0
-255400 0
-255300 0
-255200 0
-255100 0
-255000 0
-254900 0
-254800 0
-254700 0
-254600 0
-254500 0
-254400 0
-254300 2
-254200 3
-254100 1
-254000 0
-253900 0
-253800 0
-253700 1
-253600 1
-253500 0
-253400 0
-253300 0
-253200 4
-253100 12
-253000 18
-252900 131
-252800 1320
-252700 5080
-252600 5867
-252500 2149
-252400 290
-252300 22
-252200 6
-252100 4
-252000 5
-251900 0
-251800 1
-251700 0
-251600 1
-251500 0
-251400 0
-251300 0
-251200 0
-251100 0
-251000 1
-250900 1
-250800 0
-250700 0
-250600 0
-250500 0
-250400 1
-250300 0
-250200 0
-250100 0
-250000 0
-249900 0
-249800 0
-249700 0
-249600 1
-249500 0
-249400 1
-249300 1
-249200 1
-249100 0
-249000 1
-248900 0
-248800 0
-248700 0
-248600 0
-248500 0
-248400 0
-248300 0
-248200 1
-248100 1
-248000 3
-247900 11
-247800 27
-247700 40
-247600 11
-247500 2
-247400 2
-247300 1
-247200 0
-247100 1
-247000 1
-246900 0
-246800 0
-246700 0
-246600 1
-246500 0
-246400 0
-246300 0
-246200 0
-246100 0
-246000 1
-245900 0
-245800 0
-245700 0
-245600 1
-245500 0
-245400 1
-245300 0
-245200 0
-245100 0
-245000 0
-244900 0
-244800 0
-244700 0
-244600 0
-244500 0
-244400 0
-244300 0
-244200 0
-244100 0
-244000 0
-243900 0
-243800 0
-243700 0
-243600 2
-243500 2
-243400 0
-243300 0
-243200 0
-243100 2
-243000 0
-242900 1
-242800 1
-242700 1
-242600 0
-242500 0
-242400 1
-242300 0
-242200 0
-242100 0
-242000 2
-241900 0
-241800 0
-241700 0
-241600 0
-241500 1
-241400 0
-241300 1
-241200 1
-241100 0
-241000 1
-240900 0
-240800 0
-240700 0
-240600 1
-240500 1
-240400 0
-240300 2
-240200 2
-240100 3
-240000 5
-239900 10
-239800 42
-239700 557
-239600 3396
-239500 6488
-239400 3614
-239300 678
-239200 57
-239100 9
-239000 9
-238900 3
-238800 4
-238700 0
-238600 0
-238500 0
-238400 0
-238300 1
-238200 0
-238100 0
-238000 1
-237900 2
-237800 1
-237700 0
-237600 0
-237500 1
-237400 0
-237300 0
-237200 0
-237100 0
-237000 0
-236900 0
-236800 0
-236700 0
-236600 0
-236500 0
-236400 0
-236300 1
-236200 0
-236100 1
-236000 0
-235900 0
-235800 0
-235700 0
-235600 0
-235500 0
-235400 0
-235300 0
-235200 1
-235100 0
-235000 0
-234900 1
-234800 5
-234700 23
-234600 49
-234500 20
-234400 5
-234300 2
-234200 3
-234100 0
-234000 0
-233900 0
-233800 0
-233700 1
-233600 0
-233500 0
-233400 0
-233300 0
-233200 0
-233100 0
-233000 0
-232900 0
-232800 0
-232700 0
-232600 0
-232500 0
-232400 0
-232300 0
-232200 1
-232100 0
-232000 0
-231900 0
-231800 0
-231700 0
-231600 0
-231500 0
-231400 0
-231300 0
-231200 0
-231100 0
-231000 1
-230900 0
-230800 0
-230700 0
-230600 0
-230500 0
-230400 0
-230300 0
-230200 0
-230100 0
-230000 0
-229900 0
-229800 0
-229700 2
-229600 1
-229500 0
-229400 1
-229300 0
-229200 0
-229100 0
-229000 0
-228900 1
-228800 0
-228700 0
-228600 0
-228500 0
-228400 1
-228300 0
-228200 1
-228100 0
-228000 3
-227900 1
-227800 1
-227700 0
-227600 0
-227500 0
-227400 0
-227300 1
-227200 0
-227100 0
-227000 4
-226900 9
-226800 10
-226700 25
-226600 235
-226500 1859
-226400 5868
-226300 5213
-226200 1346
-226100 151
-226000 10
-225900 11
-225800 9
-225700 4
-225600 1
-225500 0
-225400 0
-225300 0
-225200 0
-225100 1
-225000 1
-224900 1
-224800 2
-224700 1
-224600 1
-224500 1
-224400 0
-224300 1
-224200 1
-224100 2
-224000 0
-223900 0
-223800 0
-223700 0
-223600 0
-223500 0
-223400 0
-223300 0
-223200 0
-223100 0
-223000 1
-222900 1
-222800 1
-222700 2
-222600 1
-222500 1
-222400 0
-222300 0
-222200 0
-222100 0
-222000 0
-221900 1
-221800 0
-221700 5
-221600 27
-221500 38
-221400 34
-221300 7
-221200 0
-221100 1
-221000 0
-220900 0
-220800 0
-220700 0
-220600 0
-220500 1
-220400 1
-220300 0
-220200 0
-220100 1
-220000 1
-219900 0
-219800 0
-219700 0
-219600 0
-219500 0
-219400 1
-219300 0
-219200 0
-219100 0
-219000 1
-218900 0
-218800 0
-218700 1
-218600 0
-218500 1
-218400 0
-218300 1
-218200 1
-218100 0
-218000 0
-217900 0
-217800 0
-217700 0
-217600 0
-217500 0
-217400 0
-217300 0
-217200 0
-217100 2
-217000 0
-216900 0
-216800 1
-216700 1
-216600 1
-216500 0
-216400 2
-216300 0
-216200 0
-216100 0
-216000 0
-215900 0
-215800 0
-215700 0
-215600 0
-215500 1
-215400 0
-215300 0
-215200 1
-215100 1
-215000 2
-214900 2
-214800 1
-214700 2
-214600 1
-214500 0
-214400 0
-214300 1
-214200 2
-214100 0
-214000 2
-213900 1
-213800 11
-213700 6
-213600 17
-213500 126
-213400 1276
-213300 5084
-213200 5835
-213100 2087
-213000 255
-212900 19
-212800 10
-212700 6
-212600 2
-212500 1
-212400 0
-212300 1
-212200 0
-212100 0
-212000 0
-211900 0
-211800 1
-211700 1
-211600 1
-211500 3
-211400 0
-211300 1
-211200 0
-211100 0
-211000 0
-210900 0
-210800 1
-210700 0
-210600 0
-210500 1
-210400 0
-210300 0
-210200 0
-210100 0
-210000 0
-209900 1
-209800 1
-209700 0
-209600 1
-209500 1
-209400 0
-209300 0
-209200 0
-209100 0
-209000 0
-208900 0
-208800 1
-208700 2
-208600 1
-208500 10
-208400 45
-208300 43
-208200 12
-208100 5
-208000 0
-207900 0
-207800 0
-207700 0
-207600 0
-207500 0
-207400 1
-207300 0
-207200 0
-207100 0
-207000 0
-206900 0
-206800 1
-206700 0
-206600 3
-206500 1
-206400 0
-206300 1
-206200 1
-206100 0
-206000 0
-205900 0
-205800 0
-205700 0
-205600 0
-205500 1
-205400 0
-205300 0
-205200 0
-205100 0
-205000 0
-204900 0
-204800 0
-204700 0
-204600 0
-204500 0
-204400 0
-204300 1
-204200 0
-204100 0
-204000 0
-203900 0
-203800 0
-203700 0
-203600 1
-203500 2
-203400 2
-203300 1
-203200 0
-203100 0
-203000 0
-202900 0
-202800 0
-202700 1
-202600 0
-202500 0
-202400 0
-202300 0
-202200 0
-202100 1
-202000 0
-201900 2
-201800 1
-201700 2
-201600 0
-201500 0
-201400 1
-201300 0
-201200 1
-201100 0
-201000 0
-200900 1
-200800 0
-200700 4
-200600 8
-200500 10
-200400 60
-200300 687
-200200 3939
-200100 6473
-200000 3057
-199900 468
-199800 42
-199700 3
-199600 7
-199500 3
-199400 0
-199300 1
-199200 0
-199100 0
-199000 0
-198900 0
-198800 1
-198700 1
-198600 2
-198500 1
-198400 1
-198300 0
-198200 0
-198100 0
-198000 0
-197900 0
-197800 0
-197700 1
-197600 0
-197500 0
-197400 0
-197300 0
-197200 0
-197100 0
-197000 1
-196900 0
-196800 0
-196700 1
-196600 0
-196500 1
-196400 0
-196300 0
-196200 0
-196100 1
-196000 0
-195900 0
-195800 0
-195700 1
-195600 0
-195500 0
-195400 3
-195300 24
-195200 52
-195100 26
-195000 6
-194900 2
-194800 2
-194700 0
-194600 0
-194500 0
-194400 0
-194300 1
-194200 1
-194100 0
-194000 1
-193900 0
-193800 0
-193700 0
-193600 0
-193500 0
-193400 0
-193300 0
-193200 0
-193100 0
-193000 0
-192900 0
-192800 0
-192700 0
-192600 0
-192500 0
-192400 0
-192300 1
-192200 0
-192100 0
-192000 0
-191900 0
-191800 0
-191700 0
-191600 0
-191500 1
-191400 0
-191300 0
-191200 1
-191100 0
-191000 0
-190900 0
-190800 0
-190700 0
-190600 0
-190500 1
-190400 2
-190300 2
-190200 0
-190100 0
-190000 1
-189900 0
-189800 0
-189700 0
-189600 1
-189500 0
-189400 0
-189300 0
-189200 0
-189100 0
-189000 0
-188900 0
-188800 0
-188700 1
-188600 2
-188500 3
-188400 0
-188300 0
-188200 0
-188100 1
-188000 0
-187900 0
-187800 0
-187700 0
-187600 2
-187500 3
-187400 8
-187300 24
-187200 256
-187100 2178
-187000 6089
-186900 4978
-186800 1172
-186700 111
-186600 17
-186500 6
-186400 3
-186300 4
-186200 1
-186100 0
-186000 0
-185900 0
-185800 0
-185700 0
-185600 1
-185500 2
-185400 4
-185300 3
-185200 0
-185100 0
-185000 0
-184900 0
-184800 0
-184700 1
-184600 0
-184500 1
-184400 1
-184300 1
-184200 1
-184100 0
-184000 0
-183900 1
-183800 0
-183700 0
-183600 0
-183500 1
-183400 0
-183300 0
-183200 1
-183100 0
-183000 0
-182900 0
-182800 0
-182700 1
-182600 0
-182500 0
-182400 0
-182300 0
-182200 28
-182100 49
-182000 38
-181900 5
-181800 1
-181700 2
-181600 1
-181500 1
-181400 0
-181300 0
-181200 0
-181100 0
-181000 1
-180900 1
-180800 0
-180700 0
-180600 1
-180500 0
-180400 0
-180300 0
-180200 0
-180100 0
-180000 0
-179900 1
-179800 0
-179700 0
-179600 0
-179500 0
-179400 0
-179300 0
-179200 0
-179100 0
-179000 0
-178900 0
-178800 1
-178700 0
-178600 0
-178500 0
-178400 0
-178300 1
-178200 0
-178100 1
-178000 0
-177900 0
-177800 1
-177700 1
-177600 0
-177500 0
-177400 0
-177300 1
-177200 1
-177100 0
-177000 0
-176900 0
-176800 0
-176700 0
-176600 0
-176500 0
-176400 1
-176300 0
-176200 0
-176100 0
-176000 1
-175900 1
-175800 0
-175700 0
-175600 1
-175500 2
-175400 2
-175300 2
-175200 0
-175100 0
-175000 1
-174900 0
-174800 0
-174700 1
-174600 2
-174500 0
-174400 6
-174300 7
-174200 19
-174100 98
-174000 1020
-173900 4719
-173800 6185
-173700 2349
-173600 281
-173500 22
-173400 10
-173300 5
-173200 5
-173100 1
-173000 0
-172900 0
-172800 1
-172700 0
-172600 1
-172500 0
-172400 0
-172300 2
-172200 0
-172100 1
-172000 1
-171900 1
-171800 0
-171700 0
-171600 1
-171500 0
-171400 0
-171300 0
-171200 1
-171100 1
-171000 0
-170900 1
-170800 1
-170700 0
-170600 0
-170500 0
-170400 0
-170300 0
-170200 0
-170100 0
-170000 0
-169900 0
-169800 0
-169700 0
-169600 1
-169500 0
-169400 0
-169300 2
-169200 2
-169100 12
-169000 47
-168900 40
-168800 13
-168700 4
-168600 2
-168500 0
-168400 1
-168300 2
-168200 0
-168100 0
-168000 0
-167900 1
-167800 0
-167700 0
-167600 1
-167500 0
-167400 0
-167300 0
-167200 2
-167100 2
-167000 0
-166900 0
-166800 0
-166700 0
-166600 0
-166500 0
-166400 0
-166300 0
-166200 0
-166100 0
-166000 0
-165900 0
-165800 0
-165700 1
-165600 0
-165500 1
-165400 1
-165300 1
-165200 0
-165100 0
-165000 1
-164900 2
-164800 0
-164700 1
-164600 0
-164500 0
-164400 0
-164300 0
-164200 0
-164100 3
-164000 0
-163900 0
-163800 0
-163700 0
-163600 0
-163500 1
-163400 0
-163300 0
-163200 0
-163100 0
-163000 0
-162900 1
-162800 0
-162700 0
-162600 0
-162500 2
-162400 8
-162300 23
-162200 10
-162100 1
-162000 0
-161900 0
-161800 0
-161700 0
-161600 0
-161500 0
-161400 0
-161300 7
-161200 20
-161100 14
-161000 64
-160900 534
-160800 3191
-160700 6651
-160600 3787
-160500 630
-160400 49
-160300 7
-160200 7
-160100 3
-160000 2
-159900 0
-159800 1
-159700 1
-159600 0
-159500 0
-159400 2
-159300 0
-159200 0
-159100 1
-159000 3
-158900 1
-158800 0
-158700 1
-158600 0
-158500 0
-158400 0
-158300 0
-158200 1
-158100 0
-158000 2
-157900 1
-157800 0
-157700 0
-157600 0
-157500 1
-157400 0
-157300 0
-157200 0
-157100 0
-157000 0
-156900 0
-156800 0
-156700 0
-156600 0
-156500 0
-156400 1
-156300 1
-156200 1
-156100 1
-156000 7
-155900 26
-155800 52
-155700 27
-155600 6
-155500 2
-155400 2
-155300 0
-155200 3
-155100 1
-155000 0
-154900 0
-154800 0
-154700 1
-154600 0
-154500 0
-154400 0
-154300 0
-154200 0
-154100 0
-154000 0
-153900 0
-153800 0
-153700 0
-153600 0
-153500 1
-153400 1
-153300 0
-153200 0
-153100 0
-153000 0
-152900 0
-152800 0
-152700 0
-152600 1
-152500 0
-152400 0
-152300 1
-152200 1
-152100 0
-152000 0
-151900 0
-151800 0
-151700 1
-151600 1
-151500 1
-151400 0
-151300 0
-151200 0
-151100 0
-151000 1
-150900 2
-150800 0
-150700 0
-150600 0
-150500 0
-150400 0
-150300 0
-150200 0
-150100 1
-150000 0
-149900 0
-149800 1
-149700 1
-149600 1
-149500 0
-149400 0
-149300 1
-149200 4
-149100 2
-149000 1
-148900 1
-148800 0
-148700 1
-148600 1
-148500 0
-148400 0
-148300 0
-148200 4
-148100 8
-148000 12
-147900 22
-147800 227
-147700 1933
-147600 5850
-147500 5365
-147400 1332
-147300 106
-147200 13
-147100 11
-147000 5
-146900 1
-146800 1
-146700 0
-146600 0
-146500 0
-146400 0
-146300 0
-146200 0
-146100 1
-146000 2
-145900 2
-145800 1
-145700 0
-145600 0
-145500 0
-145400 1
-145300 0
-145200 0
-145100 2
-145000 0
-144900 1
-144800 1
-144700 1
-144600 0
-144500 1
-144400 2
-144300 0
-144200 0
-144100 0
-144000 0
-143900 0
-143800 1
-143700 0
-143600 0
-143500 0
-143400 0
-143300 0
-143200 1
-143100 0
-143000 0
-142900 0
-142800 11
-142700 45
-142600 46
-142500 8
-142400 1
-142300 3
-142200 0
-142100 0
-142000 0
-141900 0
-141800 0
-141700 0
-141600 0
-141500 0
-141400 0
-141300 0
-141200 0
-141100 0
-141000 1
-140900 0
-140800 0
-140700 0
-140600 0
-140500 1
-140400 0
-140300 0
-140200 1
-140100 1
-140000 0
-139900 0
-139800 0
-139700 0
-139600 0
-139500 0
-139400 1
-139300 0
-139200 0
-139100 0
-139000 0
-138900 0
-138800 0
-138700 0
-138600 1
-138500 0
-138400 2
-138300 1
-138200 1
-138100 0
-138000 1
-137900 2
-137800 2
-137700 2
-137600 1
-137500 0
-137400 0
-137300 0
-137200 1
-137100 0
-137000 0
-136900 0
-136800 0
-136700 0
-136600 1
-136500 0
-136400 0
-136300 1
-136200 1
-136100 2
-136000 1
-135900 0
-135800 0
-135700 0
-135600 0
-135500 0
-135400 0
-135300 0
-135200 0
-135100 1
-135000 7
-134900 8
-134800 17
-134700 91
-134600 844
-134500 4266
-134400 6581
-134300 2642
-134200 344
-134100 27
-134000 5
-133900 9
-133800 1
-133700 0
-133600 0
-133500 0
-133400 1
-133300 0
-133200 0
-133100 0
-133000 2
-132900 1
-132800 0
-132700 0
-132600 0
-132500 0
-132400 1
-132300 0
-132200 0
-132100 0
-132000 0
-131900 2
-131800 3
-131700 2
-131600 0
-131500 0
-131400 0
-131300 0
-131200 0
-131100 0
-131000 0
-130900 0
-130800 0
-130700 0
-130600 1
-130500 0
-130400 0
-130300 0
-130200 1
-130100 0
-130000 0
-129900 0
-129800 0
-129700 9
-129600 26
-129500 44
-129400 22
-129300 1
-129200 0
-129100 0
-129000 1
-128900 0
-128800 1
-128700 0
-128600 0
-128500 0
-128400 1
-128300 1
-128200 1
-128100 0
-128000 0
-127900 0
-127800 1
-127700 0
-127600 0
-127500 0
-127400 0
-127300 1
-127200 0
-127100 0
-127000 0
-126900 0
-126800 1
-126700 1
-126600 1
-126500 0
-126400 0
-126300 1
-126200 1
-126100 0
-126000 0
-125900 0
-125800 0
-125700 0
-125600 0
-125500 1
-125400 1
-125300 1
-125200 0
-125100 1
-125000 1
-124900 0
-124800 0
-124700 0
-124600 1
-124500 0
-124400 0
-124300 2
-124200 0
-124100 0
-124000 2
-123900 0
-123800 0
-123700 0
-123600 0
-123500 0
-123400 0
-123300 0
-123200 0
-123100 0
-123000 1
-122900 4
-122800 2
-122700 0
-122600 0
-122500 2
-122400 1
-122300 0
-122200 0
-122100 0
-122000 2
-121900 4
-121800 7
-121700 8
-121600 39
-121500 424
-121400 2976
-121300 6724
-121200 3962
-121100 752
-121000 62
-120900 9
-120800 8
-120700 6
-120600 2
-120500 0
-120400 0
-120300 0
-120200 0
-120100 0
-120000 0
-119900 2
-119800 1
-119700 2
-119600 5
-119500 0
-119400 0
-119300 0
-119200 0
-119100 0
-119000 0
-118900 0
-118800 0
-118700 1
-118600 1
-118500 0
-118400 2
-118300 0
-118200 0
-118100 1
-118000 0
-117900 1
-117800 0
-117700 0
-117600 0
-117500 1
-117400 0
-117300 0
-117200 0
-117100 1
-117000 1
-116900 0
-116800 0
-116700 0
-116600 5
-116500 25
-116400 51
-116300 24
-116200 10
-116100 0
-116000 2
-115900 1
-115800 0
-115700 0
-115600 0
-115500 0
-115400 0
-115300 0
-115200 0
-115100 0
-115000 1
-114900 0
-114800 0
-114700 1
-114600 0
-114500 0
-114400 0
-114300 0
-114200 1
-114100 0
-114000 0
-113900 0
-113800 1
-113700 0
-113600 0
-113500 1
-113400 1
-113300 0
-113200 0
-113100 0
-113000 0
-112900 1
-112800 0
-112700 1
-112600 0
-112500 0
-112400 0
-112300 0
-112200 0
-112100 1
-112000 1
-111900 0
-111800 1
-111700 2
-111600 0
-111500 1
-111400 1
-111300 0
-111200 0
-111100 0
-111000 0
-110900 0
-110800 1
-110700 0
-110600 0
-110500 0
-110400 0
-110300 0
-110200 0
-110100 1
-110000 1
-109900 1
-109800 2
-109700 1
-109600 0
-109500 0
-109400 0
-109300 0
-109200 0
-109100 0
-109000 0
-108900 2
-108800 3
-108700 3
-108600 11
-108500 22
-108400 202
-108300 1821
-108200 5915
-108100 5513
-108000 1400
-107900 121
-107800 13
-107700 8
-107600 3
-107500 1
-107400 1
-107300 0
-107200 1
-107100 0
-107000 0
-106900 1
-106800 0
-106700 3
-106600 3
-106500 2
-106400 0
-106300 0
-106200 0
-106100 1
-106000 0
-105900 0
-105800 0
-105700 0
-105600 0
-105500 0
-105400 1
-105300 0
-105200 0
-105100 0
-105000 1
-104900 0
-104800 0
-104700 0
-104600 0
-104500 1
-104400 0
-104300 0
-104200 0
-104100 0
-104000 0
-103900 0
-103800 0
-103700 1
-103600 2
-103500 0
-103400 14
-103300 46
-103200 31
-103100 12
-103000 1
-102900 0
-102800 1
-102700 0
-102600 0
-102500 0
-102400 0
-102300 1
-102200 1
-102100 0
-102000 0
-101900 0
-101800 0
-101700 1
-101600 2
-101500 0
-101400 0
-101300 0
-101200 1
-101100 0
-101000 0
-100900 0
-100800 0
-100700 0
-100600 0
-100500 1
-100400 0
-100300 0
-100200 1
-100100 0
-100000 0
-99900 0
-99800 1
-99700 0
-99600 0
-99500 0
-99400 1
-99300 0
-99200 1
-99100 0
-99000 1
-98900 1
-98800 0
-98700 0
-98600 0
-98500 0
-98400 2
-98300 0
-98200 2
-98100 0
-98000 1
-97900 2
-97800 0
-97700 0
-97600 0
-97500 0
-97400 0
-97300 0
-97200 1
-97100 0
-97000 1
-96900 0
-96800 1
-96700 1
-96600 3
-96500 1
-96400 2
-96300 0
-96200 0
-96100 0
-96000 0
-95900 0
-95800 0
-95700 1
-95600 4
-95500 8
-95400 7
-95300 59
-95200 682
-95100 4011
-95000 6622
-94900 3002
-94800 381
-94700 34
-94600 6
-94500 6
-94400 7
-94300 1
-94200 2
-94100 0
-94000 2
-93900 1
-93800 0
-93700 2
-93600 0
-93500 1
-93400 6
-93300 1
-93200 0
-93100 0
-93000 0
-92900 1
-92800 0
-92700 0
-92600 0
-92500 0
-92400 0
-92300 0
-92200 0
-92100 0
-92000 0
-91900 0
-91800 0
-91700 0
-91600 1
-91500 1
-91400 1
-91300 0
-91200 0
-91100 0
-91000 1
-90900 0
-90800 0
-90700 0
-90600 0
-90500 0
-90400 0
-90300 5
-90200 31
-90100 42
-90000 18
-89900 4
-89800 2
-89700 2
-89600 0
-89500 0
-89400 0
-89300 0
-89200 1
-89100 0
-89000 1
-88900 0
-88800 0
-88700 0
-88600 1
-88500 0
-88400 1
-88300 0
-88200 0
-88100 1
-88000 0
-87900 1
-87800 0
-87700 0
-87600 0
-87500 0
-87400 0
-87300 1
-87200 0
-87100 0
-87000 0
-86900 0
-86800 0
-86700 0
-86600 0
-86500 0
-86400 1
-86300 1
-86200 0
-86100 0
-86000 0
-85900 0
-85800 1
-85700 0
-85600 0
-85500 1
-85400 0
-85300 2
-85200 1
-85100 2
-85000 1
-84900 0
-84800 0
-84700 0
-84600 0
-84500 0
-84400 0
-84300 3
-84200 0
-84100 1
-84000 0
-83900 0
-83800 0
-83700 1
-83600 0
-83500 1
-83400 4
-83300 2
-83200 0
-83100 0
-83000 1
-82900 1
-82800 0
-82700 1
-82600 2
-82500 5
-82400 7
-82300 12
-82200 16
-82100 224
-82000 2028
-81900 6025
-81800 5207
-81700 1264
-81600 106
-81500 12
-81400 10
-81300 5
-81200 5
-81100 0
-81000 0
-80900 0
-80800 2
-80700 0
-80600 0
-80500 0
-80400 1
-80300 3
-80200 3
-80100 0
-80000 0
-79900 0
-79800 0
-79700 2
-79600 1
-79500 0
-79400 0
-79300 3
-79200 1
-79100 0
-79000 0
-78900 1
-78800 1
-78700 0
-78600 0
-78500 0
-78400 1
-78300 0
-78200 0
-78100 0
-78000 0
-77900 0
-77800 1
-77700 0
-77600 0
-77500 0
-77400 0
-77300 0
-77200 3
-77100 25
-77000 46
-76900 36
-76800 7
-76700 3
-76600 1
-76500 1
-76400 0
-76300 0
-76200 0
-76100 0
-76000 1
-75900 0
-75800 1
-75700 0
-75600 0
-75500 0
-75400 2
-75300 0
-75200 1
-75100 1
-75000 0
-74900 0
-74800 1
-74700 0
-74600 0
-74500 0
-74400 0
-74300 0
-74200 0
-74100 0
-74000 0
-73900 0
-73800 0
-73700 0
-73600 0
-73500 0
-73400 0
-73300 0
-73200 1
-73100 2
-73000 0
-72900 0
-72800 0
-72700 0
-72600 0
-72500 0
-72400 0
-72300 0
-72200 1
-72100 2
-72000 0
-71900 1
-71800 0
-71700 0
-71600 0
-71500 1
-71400 0
-71300 0
-71200 0
-71100 0
-71000 0
-70900 0
-70800 0
-70700 0
-70600 0
-70500 1
-70400 3
-70300 0
-70200 1
-70100 0
-70000 0
-69900 0
-69800 0
-69700 0
-69600 0
-69500 2
-69400 4
-69300 2
-69200 16
-69100 21
-69000 176
-68900 1717
-68800 6025
-68700 5463
-68600 1417
-68500 127
-68400 11
-68300 14
-68200 8
-68100 1
-68000 0
-67900 0
-67800 2
-67700 0
-67600 0
-67500 0
-67400 1
-67300 1
-67200 3
-67100 0
-67000 0
-66900 0
-66800 0
-66700 0
-66600 1
-66500 0
-66400 0
-66300 1
-66200 0
-66100 0
-66000 0
-65900 0
-65800 0
-65700 1
-65600 1
-65500 0
-65400 0
-65300 0
-65200 1
-65100 0
-65000 0
-64900 1
-64800 0
-64700 0
-64600 0
-64500 0
-64400 1
-64300 0
-64200 0
-64100 3
-64000 16
-63900 42
-63800 40
-63700 7
-63600 2
-63500 2
-63400 1
-63300 0
-63200 0
-63100 0
-63000 0
-62900 0
-62800 0
-62700 1
-62600 0
-62500 0
-62400 0
-62300 1
-62200 0
-62100 0
-62000 0
-61900 0
-61800 0
-61700 0
-61600 0
-61500 0
-61400 1
-61300 0
-61200 0
-61100 0
-61000 1
-60900 0
-60800 0
-60700 0
-60600 1
-60500 0
-60400 0
-60300 0
-60200 0
-60100 0
-60000 1
-59900 1
-59800 0
-59700 1
-59600 0
-59500 0
-59400 0
-59300 0
-59200 0
-59100 0
-59000 3
-58900 2
-58800 0
-58700 0
-58600 0
-58500 1
-58400 1
-58300 1
-58200 0
-58100 0
-58000 0
-57900 0
-57800 0
-57700 0
-57600 1
-57500 1
-57400 0
-57300 0
-57200 3
-57100 3
-57000 2
-56900 0
-56800 0
-56700 0
-56600 2
-56500 0
-56400 0
-56300 2
-56200 2
-56100 9
-56000 19
-55900 112
-55800 1097
-55700 4868
-55600 6264
-55500 2227
-55400 228
-55300 23
-55200 1
-55100 9
-55000 3
-54900 0
-54800 0
-54700 0
-54600 1
-54500 0
-54400 1
-54300 1
-54200 0
-54100 1
-54000 0
-53900 0
-53800 0
-53700 0
-53600 0
-53500 0
-53400 0
-53300 0
-53200 0
-53100 0
-53000 1
-52900 0
-52800 1
-52700 0
-52600 0
-52500 0
-52400 0
-52300 0
-52200 1
-52100 0
-52000 0
-51900 0
-51800 0
-51700 0
-51600 0
-51500 0
-51400 0
-51300 0
-51200 0
-51100 1
-51000 2
-50900 4
-50800 37
-50700 48
-50600 19
-50500 4
-50400 0
-50300 0
-50200 0
-50100 0
-50000 0
-49900 0
-49800 0
-49700 1
-49600 1
-49500 1
-49400 0
-49300 0
-49200 0
-49100 0
-49000 0
-48900 1
-48800 0
-48700 0
-48600 0
-48500 0
-48400 0
-48300 1
-48200 0
-48100 0
-48000 0
-47900 0
-47800 0
-47700 0
-47600 0
-47500 0
-47400 0
-47300 0
-47200 1
-47100 1
-47000 1
-46900 0
-46800 0
-46700 2
-46600 2
-46500 1
-46400 0
-46300 1
-46200 0
-46100 2
-46000 0
-45900 1
-45800 1
-45700 2
-45600 0
-45500 0
-45400 0
-45300 1
-45200 1
-45100 0
-45000 0
-44900 0
-44800 0
-44700 0
-44600 0
-44500 1
-44400 0
-44300 0
-44200 0
-44100 1
-44000 2
-43900 0
-43800 0
-43700 0
-43600 1
-43500 1
-43400 0
-43300 0
-43200 3
-43100 1
-43000 11
-42900 26
-42800 71
-42700 303
-42600 2167
-42500 6330
-42400 4906
-42300 964
-42200 91
-42100 9
-42000 4
-41900 7
-41800 3
-41700 2
-41600 0
-41500 0
-41400 0
-41300 3
-41200 0
-41100 0
-41000 0
-40900 1
-40800 2
-40700 3
-40600 2
-40500 2
-40400 1
-40300 0
-40200 0
-40100 1
-40000 0
-39900 1
-39800 0
-39700 0
-39600 2
-39500 0
-39400 0
-39300 0
-39200 0
-39100 0
-39000 0
-38900 1
-38800 0
-38700 1
-38600 0
-38500 0
-38400 0
-38300 1
-38200 0
-38100 0
-38000 1
-37900 0
-37800 1
-37700 19
-37600 62
-37500 26
-37400 7
-37300 0
-37200 1
-37100 0
-37000 0
-36900 0
-36800 0
-36700 0
-36600 0
-36500 0
-36400 0
-36300 0
-36200 0
-36100 0
-36000 0
-35900 0
-35800 0
-35700 2
-35600 0
-35500 1
-35400 0
-35300 0
-35200 1
-35100 0
-35000 1
-34900 0
-34800 0
-34700 0
-34600 0
-34500 0
-34400 0
-34300 0
-34200 1
-34100 1
-34000 0
-33900 0
-33800 1
-33700 0
-33600 1
-33500 0
-33400 0
-33300 0
-33200 3
-33100 2
-33000 0
-32900 0
-32800 0
-32700 2
-32600 0
-32500 0
-32400 0
-32300 0
-32200 0
-32100 0
-32000 0
-31900 0
-31800 0
-31700 0
-31600 1
-31500 0
-31400 0
-31300 0
-31200 0
-31100 0
-31000 1
-30900 1
-30800 1
-30700 0
-30600 0
-30500 0
-30400 0
-30300 0
-30200 0
-30100 0
-30000 14
-29900 28
-29800 49
-29700 58
-29600 136
-29500 1120
-29400 5086
-29300 6190
-29200 1907
-29100 195
-29000 20
-28900 7
-28800 6
-28700 2
-28600 2
-28500 0
-28400 0
-28300 1
-28200 0
-28100 0
-28000 0
-27900 0
-27800 2
-27700 2
-27600 0
-27500 0
-27400 0
-27300 0
-27200 0
-27100 0
-27000 0
-26900 0
-26800 1
-26700 0
-26600 1
-26500 0
-26400 0
-26300 1
-26200 2
-26100 1
-26000 0
-25900 1
-25800 0
-25700 0
-25600 1
-25500 0
-25400 0
-25300 1
-25200 0
-25100 1
-25000 1
-24900 0
-24800 0
-24700 3
-24600 23
-24500 41
-24400 33
-24300 5
-24200 0
-24100 0
-24000 0
-23900 0
-23800 1
-23700 1
-23600 0
-23500 0
-23400 0
-23300 0
-23200 0
-23100 0
-23000 0
-22900 0
-22800 0
-22700 0
-22600 0
-22500 0
-22400 2
-22300 1
-22200 2
-22100 0
-22000 0
-21900 0
-21800 0
-21700 0
-21600 1
-21500 0
-21400 0
-21300 1
-21200 0
-21100 0
-21000 1
-20900 0
-20800 1
-20700 0
-20600 0
-20500 0
-20400 0
-20300 0
-20200 0
-20100 0
-20000 1
-19900 0
-19800 1
-19700 1
-19600 1
-19500 0
-19400 1
-19300 1
-19200 0
-19100 0
-19000 0
-18900 1
-18800 0
-18700 0
-18600 1
-18500 0
-18400 0
-18300 0
-18200 0
-18100 1
-18000 3
-17900 4
-17800 4
-17700 1
-17600 1
-17500 0
-17400 0
-17300 2
-17200 4
-17100 0
-17000 1
-16900 2
-16800 4
-16700 9
-16600 28
-16500 190
-16400 1762
-16300 5562
-16200 5300
-16100 1533
-16000 145
-15900 17
-15800 6
-15700 6
-15600 0
-15500 0
-15400 0
-15300 1
-15200 0
-15100 0
-15000 0
-14900 0
-14800 1
-14700 1
-14600 0
-14500 2
-14400 1
-14300 0
-14200 0
-14100 0
-14000 0
-13900 1
-13800 1
-13700 0
-13600 0
-13500 1
-13400 0
-13300 0
-13200 1
-13100 0
-13000 0
-12900 0
-12800 0
-12700 1
-12600 0
-12500 0
-12400 0
-12300 0
-12200 0
-12100 0
-12000 0
-11900 0
-11800 0
-11700 2
-11600 1
-11500 4
-11400 38
-11300 40
-11200 9
-11100 1
-11000 2
-10900 0
-10800 1
-10700 0
-10600 0
-10500 0
-10400 0
-10300 1
-10200 0
-10100 0
-10000 1
-9900 0
-9800 0
-9700 0
-9600 0
-9500 0
-9400 0
-9300 0
-9200 0
-9100 0
-9000 0
-8900 0
-8800 0
-8700 0
-8600 0
-8500 0
-8400 0
-8300 2
-8200 0
-8100 0
-8000 0
-7900 0
-7800 1
-7700 0
-7600 0
-7500 0
-7400 1
-7300 0
-7200 0
-7100 0
-7000 0
-6900 1
-6800 0
-6700 0
-6600 0
-6500 0
-6400 1
-6300 1
-6200 0
-6100 0
-6000 0
-5900 1
-5800 0
-5700 0
-5600 0
-5500 0
-5400 0
-5300 0
-5200 0
-5100 0
-5000 0
-4900 0
-4800 3
-4700 1
-4600 3
-4500 0
-4400 0
-4300 0
-4200 1
-4100 0
-4000 1
-3900 1
-3800 2
-3700 1
-3600 5
-3500 8
-3400 24
-3300 325
-3200 2482
-3100 6458
-3000 4419
-2900 814
-2800 68
-2700 4
-2600 4
-2500 6
-2400 2
-2300 0
-2200 0
-2100 0
-2000 0
-1900 0
-1800 0
-1700 1
-1600 1
-1500 1
-1400 1
-1300 0
-1200 1
-1100 0
-1000 0
-900 1
-800 0
-700 0
-600 1
-500 0
-400 0
-300 0
-200 0
-100 0
0 1
100 0
200 1
300 0
400 1
500 0
600 1
700 0
800 0
900 0
1000 0
1100 1
1200 0
1300 1
1400 1
1500 1
1600 3
1700 15
1800 46
1900 26
2000 7
2100 0
2200 1
2300 0
2400 0
2500 0
2600 1
2700 0
2800 0
2900 0
3000 0
3100 0
3200 0
3300 0
3400 0
3500 0
3600 0
3700 0
3800 1
3900 0
4000 1
4100 0
4200 0
4300 0
4400 0
4500 0
4600 1
4700 0
4800 0
4900 1
5000 1
5100 0
5200 1
5300 2
5400 1
5500 0
5600 0
5700 0
5800 0
5900 0
6000 2
6100 1
6200 0
6300 1
6400 0
6500 0
6600 1
6700 2
6800 2
6900 1
7000 1
7100 0
7200 0
7300 1
7400 0
7500 0
7600 1
7700 0
7800 0
7900 0
8000 0
8100 1
8200 1
8300 0
8400 2
8500 4
8600 1
8700 0
8800 1
8900 2
9000 1
9100 0
9200 0
9300 0
9400 12
9500 45
9600 71
9700 89
9800 532
9900 5823
10000 34153
10100 59948
10200 28705
10300 4202
10400 317
10500 78
10600 65
10700 30
10800 12
10900 0
11000 2
11100 1
11200 2
11300 1
11400 0
11500 1
11600 0
11700 1
11800 0
11900 1
12000 0
12100 0
12200 0
12300 0
12400 0
12500 0
12600 0
12700 1
12800 1
12900 0
13000 0
13100 0
13200 0
13300 0
13400 1
13500 1
13600 0
13700 1
13800 0
13900 0
14000 0
14100 0
14200 0
14300 1
14400 0
14500 0
14600 1
14700 0
14800 6
14900 18
15000 45
15100 24
15200 3
15300 3
15400 1
15500 0
15600 0
15700 0
15800 0
15900 1
16000 0
16100 1
16200 0
16300 0
16400 0
16500 0
16600 0
16700 0
16800 2
16900 0
17000 1
17100 1
17200 0
17300 0
17400 0
17500 0
17600 0
17700 1
17800 0
17900 1
18000 0
18100 0
18200 0
18300 0
18400 0
18500 1
18600 0
18700 0
18800 1
18900 0
19000 0
19100 1
19200 0
19300 0
19400 0
19500 0
19600 0
19700 0
19800 0
19900 4
20000 1
20100 0
20200 0
20300 2
20400 0
20500 1
20600 1
20700 1
20800 0
20900 1
21000 0
21100 1
21200 0
21300 2
21400 0
21500 0
21600 0
21700 1
21800 0
21900 1
22000 2
22100 1
22200 1
22300 1
22400 0
22500 1
22600 4
22700 6
22800 7
22900 36
23000 274
23100 2378
23200 6402
23300 4600
23400 934
23500 93
23600 13
23700 7
23800 4
23900 0
24000 0
24100 2
24200 1
24300 0
24400 1
24500 0
24600 1
24700 1
24800 5
24900 0
25000 1
25100 0
25200 0
25300 0
25400 0
25500 1
25600 0
25700 1
25800 0
25900 0
26000 0
26100 0
26200 0
26300 0
26400 1
26500 0
26600 1
26700 0
26800 0
26900 0
27000 0
27100 0
27200 0
27300 0
27400 0
27500 1
27600 0
27700 0
27800 1
27900 5
28000 30
28100 47
28200 17
28300 5
28400 2
28500 3
28600 1
28700 0
28800 2
28900 0
29000 0
29100 0
29200 0
29300 0
29400 0
29500 0
29600 1
29700 0
29800 0
29900 0
30000 0
30100 0
30200 1
30300 1
30400 0
30500 0
30600 1
30700 0
30800 0
30900 0
31000 1
31100 0
31200 0
31300 0
31400 0
31500 0
31600 0
31700 0
31800 0
31900 1
32000 1
32100 0
32200 2
32300 1
32400 0
32500 0
32600 0
32700 1
32800 0
32900 1
33000 2
33100 1
33200 0
33300 0
33400 0
33500 0
33600 0
33700 1
33800 0
33900 0
34000 0
34100 1
34200 0
34300 1
34400 0
34500 0
34600 1
34700 3
34800 1
34900 0
35000 0
35100 0
35200 0
35300 1
35400 1
35500 0
35600 2
35700 2
35800 6
35900 7
36000 29
36100 353
36200 2694
36300 6469
36400 4159
36500 809
36600 55
36700 11
36800 7
36900 8
37000 1
37100 0
37200 1
37300 1
37400 3
37500 1
37600 0
37700 0
37800 0
37900 5
38000 3
38100 0
38200 0
38300 0
38400 0
38500 0
38600 0
38700 1
38800 2
38900 0
39000 0
39100 0
39200 1
39300 0
39400 0
39500 0
39600 0
39700 1
39800 0
39900 1
40000 0
40100 0
40200 0
40300 0
40400 1
40500 1
40600 1
40700 0
40800 0
40900 2
41000 3
41100 20
41200 50
41300 21
41400 3
41500 2
41600 1
41700 0
41800 0
41900 0
42000 1
42100 1
42200 0
42300 0
42400 2
42500 1
42600 0
42700 1
42800 0
42900 1
43000 0
43100 0
43200 0
43300 0
43400 0
43500 1
43600 0
43700 0
43800 2
43900 1
44000 0
44100 0
44200 0
44300 1
44400 0
44500 0
44600 0
44700 0
44800 1
44900 1
45000 0
45100 1
45200 0
45300 1
45400 0
45500 0
45600 2
45700 0
45800 0
45900 2
46000 1
46100 0
46200 0
46300 3
46400 0
46500 0
46600 0
46700 1
46800 0
46900 0
47000 0
47100 0
47200 1
47300 0
47400 0
47500 0
47600 1
47700 2
47800 1
47900 0
48000 0
48100 1
48200 0
48300 1
48400 2
48500 1
48600 0
48700 0
48800 5
48900 9
49000 3
49100 15
49200 107
49300 971
49400 4819
49500 6292
49600 2232
49700 272
49800 52
49900 60
50000 56
50100 22
50200 9
50300 1
50400 1
50500 1
50600 0
50700 0
50800 2
50900 0
51000 1
51100 2
51200 2
51300 2
51400 1
51500 1
51600 0
51700 2
51800 0
51900 2
52000 0
52100 0
52200 0
52300 0
52400 1
52500 0
52600 0
52700 0
52800 0
52900 1
53000 2
53100 1
53200 0
53300 0
53400 1
53500 0
53600 0
53700 0
53800 0
53900 0
54000 1
54100 6
54200 75
54300 325
54400 425
54500 125
54600 18
54700 1
54800 1
54900 0
55000 0
55100 0
55200 1
55300 1
55400 0
55500 1
55600 1
55700 1
55800 0
55900 2
56000 1
56100 0
56200 0
56300 0
56400 0
56500 0
56600 1
56700 0
56800 0
56900 1
57000 0
57100 0
57200 0
57300 0
57400 0
57500 0
57600 0
57700 1
57800 0
57900 0
58000 0
58100 0
58200 0
58300 1
58400 2
58500 1
58600 1
58700 1
58800 1
58900 2
59000 1
59100 1
59200 1
59300 1
59400 0
59500 0
59600 0
59700 1
59800 0
59900 0
60000 0
60100 0
60200 0
60300 0
60400 0
60500 0
60600 0
60700 0
60800 0
60900 0
61000 1
61100 2
61200 1
61300 0
61400 0
61500 1
61600 1
61700 0
61800 1
61900 5
62000 3
62100 6
62200 13
62300 39
62400 361
62500 2655
62600 6461
62700 4433
62800 839
62900 137
63000 35
63100 7
63200 9
63300 2
63400 0
63500 1
63600 0
63700 0
63800 0
63900 0
64000 0
64100 1
64200 0
64300 0
64400 1
64500 0
64600 2
64700 0
64800 0
64900 0
65000 2
65100 0
65200 0
65300 0
65400 0
65500 0
65600 0
65700 0
65800 2
65900 0
66000 0
66100 0
66200 0
66300 0
66400 0
66500 2
66600 0
66700 0
66800 0
66900 1
67000 0
67100 0
67200 1
67300 3
67400 20
67500 49
67600 29
67700 8
67800 1
67900 0
68000 0
68100 2
68200 0
68300 1
68400 0
68500 0
68600 0
68700 0
68800 1
68900 0
69000 0
69100 0
69200 0
69300 0
69400 1
69500 0
69600 0
69700 0
69800 0
69900 0
70000 0
70100 1
70200 0
70300 0
70400 0
70500 0
70600 0
70700 1
70800 0
70900 1
71000 0
71100 1
71200 0
71300 0
71400 0
71500 0
71600 0
71700 0
71800 0
71900 0
72000 0
72100 1
72200 0
72300 2
72400 1
72500 0
72600 1
72700 0
72800 1
72900 0
73000 0
73100 0
73200 0
73300 0
73400 0
73500 0
73600 1
73700 0
73800 0
73900 0
74000 0
74100 4
74200 4
74300 2
74400 0
74500 0
74600 1
74700 0
74800 1
74900 2
75000 0
75100 1
75200 12
75300 7
75400 25
75500 231
75600 2144
75700 6193
75800 5014
75900 1173
76000 113
76100 17
76200 8
76300 1
76400 0
76500 2
76600 1
76700 0
76800 1
76900 0
77000 0
77100 1
77200 2
77300 2
77400 2
77500 1
77600 0
77700 0
77800 1
77900 0
78000 0
78100 0
78200 0
78300 0
78400 0
78500 1
78600 0
78700 0
78800 0
78900 0
79000 0
79100 0
79200 0
79300 0
79400 0
79500 0
79600 0
79700 0
79800 0
79900 0
80000 0
80100 0
80200 0
80300 0
80400 2
80500 15
80600 33
80700 28
80800 6
80900 2
81000 0
81100 0
81200 0
81300 0
81400 0
81500 0
81600 0
81700 0
81800 0
81900 1
82000 0
82100 1
82200 0
82300 0
82400 0
82500 0
82600 1
82700 2
82800 2
82900 0
83000 0
83100 0
83200 1
83300 0
83400 0
83500 0
83600 0
83700 0
83800 1
83900 0
84000 0
84100 0
84200 1
84300 0
84400 0
84500 0
84600 0
84700 1
84800 0
84900 0
85000 0
85100 0
85200 0
85300 0
85400 1
85500 4
85600 3
85700 0
85800 0
85900 0
86000 0
86100 0
86200 0
86300 0
86400 0
86500 0
86600 0
86700 0
86800 0
86900 0
87000 0
87100 1
87200 1
87300 3
87400 0
87500 0
87600 0
87700 1
87800 0
87900 0
88000 1
88100 0
88200 0
88300 8
88400 9
88500 18
88600 115
88700 1276
88800 5307
88900 6026
89000 1929
89100 208
89200 13
89300 9
89400 12
89500 1
89600 2
89700 0
89800 0
89900 0
90000 1
90100 0
90200 2
90300 2
90400 2
90500 2
90600 1
90700 0
90800 0
90900 1
91000 0
91100 0
91200 0
91300 0
91400 0
91500 0
91600 0
91700 1
91800 4
91900 0
92000 0
92100 0
92200 0
92300 1
92400 0
92500 0
92600 0
92700 0
92800 0
92900 0
93000 0
93100 0
93200 1
93300 0
93400 0
93500 3
93600 13
93700 46
93800 33
93900 12
94000 3
94100 0
94200 0
94300 0
94400 0
94500 0
94600 0
94700 0
94800 0
94900 0
95000 0
95100 0
95200 0
95300 0
95400 0
95500 0
95600 1
95700 0
95800 0
95900 0
96000 0
96100 0
96200 0
96300 0
96400 0
96500 0
96600 0
96700 0
96800 0
96900 1
97000 0
97100 0
97200 1
97300 0
97400 0
97500 0
97600 2
97700 0
97800 1
97900 4
98000 2
98100 0
98200 1
98300 0
98400 0
98500 5
98600 8
98700 8
98800 3
98900 2
99000 0
99100 2
99200 0
99300 0
99400 0
99500 0
99600 0
99700 1
99800 0
99900 0
100000 0
100100 0
100200 1
100300 1
100400 1
100500 0
100600 0
100700 0
100800 2
100900 0
101000 0
101100 0
101200 1
101300 2
101400 3
101500 11
101600 14
101700 41
101800 470
101900 2956
102000 6594
102100 3951
102200 694
102300 53
102400 14
102500 7
102600 6
102700 1
102800 0
102900 2
103000 0
103100 1
103200 0
103300 0
103400 1
103500 2
103600 4
103700 0
103800 0
103900 0
104000 0
104100 0
104200 0
104300 0
104400 0
104500 0
104600 0
104700 0
104800 0
104900 1
105000 0
105100 0
105200 0
105300 1
105400 0
105500 0
105600 0
105700 1
105800 0
105900 1
106000 0
106100 0
106200 0
106300 0
106400 0
106500 1
106600 1
106700 4
106800 22
106900 53
107000 30
107100 5
107200 2
107300 0
107400 1
107500 1
107600 0
107700 0
107800 1
107900 0
108000 0
108100 0
108200 0
108300 0
108400 0
108500 0
108600 0
108700 0
108800 0
108900 1
109000 0
109100 1
109200 1
109300 0
109400 0
109500 0
109600 1
109700 0
109800 0
109900 0
110000 0
110100 0
110200 0
110300 0
110400 1
110500 0
110600 0
110700 0
110800 0
110900 0
111000 1
111100 0
111200 0
111300 0
111400 1
111500 0
111600 0
111700 1
111800 4
111900 1
112000 0
112100 0
112200 0
112300 0
112400 0
112500 1
112600 0
112700 0
112800 0
112900 0
113000 0
113100 0
113200 1
113300 0
113400 2
113500 3
113600 3
113700 2
113800 0
113900 0
114000 1
114100 0
114200 1
114300 0
114400 2
114500 2
114600 5
114700 9
114800 18
114900 174
115000 1796
115100 5871
115200 5343
115300 1365
115400 150
115500 14
115600 6
115700 6
115800 4
115900 2
116000 1
116100 0
116200 0
116300 1
116400 0
116500 0
116600 0
116700 0
116800 2
116900 1
117000 0
117100 0
117200 0
117300 0
117400 0
117500 0
117600 0
117700 0
117800 0
117900 0
118000 0
118100 0
118200 0
118300 1
118400 0
118500 0
118600 0
118700 0
118800 0
118900 1
119000 0
119100 0
119200 0
119300 0
119400 0
119500 0
119600 1
119700 1
119800 3
119900 5
120000 45
120100 36
120200 11
120300 1
120400 0
120500 0
120600 1
120700 0
120800 0
120900 0
121000 2
121100 0
121200 0
121300 0
121400 0
121500 1
121600 1
121700 0
121800 0
121900 0
122000 0
122100 0
122200 0
122300 0
122400 1
122500 0
122600 0
122700 0
122800 0
122900 0
123000 0
123100 0
123200 0
123300 0
123400 0
123500 0
123600 0
123700 0
123800 1
123900 1
124000 1
124100 1
124200 0
124300 0
124400 1
124500 0
124600 0
124700 0
124800 2
124900 0
125000 0
125100 0
125200 1
125300 1
125400 0
125500 0
125600 0
125700 1
125800 0
125900 0
126000 0
126100 0
126200 0
126300 0
126400 0
126500 0
126600 2
126700 5
126800 4
126900 1
127000 0
127100 0
127200 0
127300 2
127400 0
127500 1
127600 2
127700 9
127800 4
127900 14
128000 92
128100 978
128200 4563
128300 6472
128400 2420
128500 305
128600 31
128700 6
128800 8
128900 3
129000 1
129100 0
129200 1
129300 0
129400 1
129500 0
129600 0
129700 0
129800 1
129900 2
130000 0
130100 0
130200 0
130300 0
130400 0
130500 0
130600 0
130700 1
130800 0
130900 2
131000 0
131100 0
131200 0
131300 0
131400 0
131500 0
131600 1
131700 1
131800 0
131900 0
132000 0
132100 1
132200 0
132300 0
132400 0
132500 0
132600 0
132700 0
132800 0
132900 0
133000 4
133100 39
133200 48
133300 9
133400 3
133500 0
133600 0
133700 0
133800 0
133900 0
134000 0
134100 0
134200 1
134300 0
134400 0
134500 1
134600 0
134700 0
134800 0
134900 0
135000 0
135100 0
135200 0
135300 1
135400 1
135500 0
135600 1
135700 1
135800 0
135900 0
136000 0
136100 1
136200 0
136300 0
136400 0
136500 0
136600 1
136700 0
136800 1
136900 1
137000 0
137100 0
137200 1
137300 0
137400 1
137500 0
137600 0
137700 1
137800 1
137900 0
138000 2
138100 1
138200 2
138300 0
138400 1
138500 1
138600 0
138700 0
138800 0
138900 1
139000 0
139100 1
139200 0
139300 0
139400 0
139500 1
139600 0
139700 3
139800 1
139900 1
140000 1
140100 0
140200 0
140300 0
140400 0
140500 0
140600 1
140700 1
140800 1
140900 7
141000 16
141100 36
141200 435
141300 2923
141400 6722
141500 4058
141600 729
141700 46
141800 5
141900 5
142000 4
142100 3
142200 0
142300 0
142400 0
142500 0
142600 0
142700 0
142800 0
142900 1
143000 3
143100 0
143200 2
143300 0
143400 0
143500 1
143600 0
143700 0
143800 0
143900 2
144000 1
144100 0
144200 0
144300 0
144400 0
144500 1
144600 1
144700 0
144800 2
144900 0
145000 0
145100 0
145200 0
145300 0
145400 0
145500 0
145600 1
145700 1
145800 0
145900 0
146000 0
146100 6
146200 28
146300 51
146400 30
146500 7
146600 0
146700 1
146800 1
146900 0
147000 0
147100 0
147200 0
147300 0
147400 0
147500 1
147600 1
147700 0
147800 1
147900 0
148000 0
148100 0
148200 0
148300 0
148400 3
148500 1
148600 0
148700 1
148800 0
148900 0
149000 0
149100 1
149200 0
149300 0
149400 1
149500 1
149600 0
149700 1
149800 0
149900 0
150000 1
150100 1
150200 0
150300 0
150400 0
150500 0
150600 0
150700 0
150800 1
150900 0
151000 0
151100 0
151200 1
151300 2
151400 0
151500 0
151600 0
151700 0
151800 1
151900 1
152000 0
152100 0
152200 0
152300 0
152400 1
152500 0
152600 0
152700 1
152800 1
152900 1
153000 0
153100 0
153200 0
153300 0
153400 0
153500 0
153600 0
153700 0
153800 1
153900 3
154000 6
154100 10
154200 24
154300 162
154400 1546
154500 5582
154600 5796
154700 1601
154800 157
154900 17
155000 6
155100 3
155200 3
155300 0
155400 1
155500 0
155600 1
155700 0
155800 1
155900 0
156000 0
156100 2
156200 0
156300 0
156400 0
156500 0
156600 0
156700 0
156800 0
156900 0
157000 0
157100 0
157200 0
157300 1
157400 0
157500 0
157600 0
157700 0
157800 0
157900 0
158000 1
158100 0
158200 0
158300 0
158400 0
158500 0
158600 0
158700 0
158800 0
158900 0
159000 0
159100 1
159200 2
159300 12
159400 36
159500 44
159600 11
159700 1
159800 0
159900 0
160000 1
160100 0
160200 0
160300 0
160400 1
160500 1
160600 0
160700 0
160800 0
160900 0
161000 1
161100 0
161200 0
161300 1
161400 0
161500 0
161600 0
161700 0
161800 1
161900 0
162000 0
162100 0
162200 0
162300 1
162400 0
162500 0
162600 0
162700 1
162800 0
162900 0
163000 0
163100 0
163200 0
163300 0
163400 0
163500 0
163600 1
163700 0
163800 1
163900 1
164000 1
164100 0
164200 0
164300 1
164400 2
164500 0
164600 0
164700 0
164800 0
164900 0
165000 0
165100 0
165200 0
165300 0
165400 0
165500 0
165600 0
165700 0
165800 1
165900 0
166000 0
166100 2
166200 2
166300 0
166400 0
166500 0
166600 1
166700 0
166800 1
166900 0
167000 0
167100 8
167200 7
167300 14
167400 75
167500 780
167600 4187
167700 6672
167800 2858
167900 378
168000 33
168100 8
168200 5
168300 6
168400 3
168500 0
168600 0
168700 1
168800 0
168900 0
169000 0
169100 1
169200 2
169300 2
169400 1
169500 0
169600 0
169700 0
169800 1
169900 0
170000 1
170100 0
170200 0
170300 1
170400 0
170500 0
170600 1
170700 0
170800 0
170900 0
171000 0
171100 0
171200 0
171300 0
171400 1
171500 1
171600 1
171700 1
171800 0
171900 0
172000 0
172100 0
172200 1
172300 0
172400 3
172500 41
172600 37
172700 18
172800 3
172900 1
173000 1
173100 0
173200 2
173300 0
173400 2
173500 1
173600 0
173700 0
173800 0
173900 0
174000 0
174100 0
174200 1
174300 0
174400 1
174500 1
174600 0
174700 1
174800 2
174900 0
175000 0
175100 0
175200 0
175300 1
175400 1
175500 0
175600 0
175700 0
175800 1
175900 0
176000 0
176100 0
176200 0
176300 0
176400 2
176500 2
176600 0
176700 0
176800 0
176900 0
177000 0
177100 0
177200 0
177300 1
177400 1
177500 1
177600 1
177700 0
177800 1
177900 0
178000 1
178100 0
178200 1
178300 0
178400 1
178500 1
178600 1
178700 0
178800 0
178900 1
179000 1
179100 0
179200 4
179300 2
179400 3
179500 0
179600 0
179700 2
179800 0
179900 1
180000 0
180100 0
180200 5
180300 5
180400 6
180500 41
180600 345
180700 2599
180800 6515
180900 4440
181000 931
181100 81
181200 10
181300 5
181400 8
181500 3
181600 0
181700 2
181800 1
181900 0
182000 1
182100 2
182200 0
182300 10
182400 15
182500 12
182600 2
182700 1
182800 1
182900 0
183000 0
183100 0
183200 0
183300 0
183400 0
183500 0
183600 1
183700 0
183800 0
183900 0
184000 0
184100 1
184200 1
184300 0
184400 0
184500 0
184600 1
184700 0
184800 1
184900 0
185000 0
185100 0
185200 1
185300 0
185400 0
185500 3
185600 23
185700 44
185800 22
185900 3
186000 1
186100 2
186200 0
186300 1
186400 0
186500 0
186600 0
186700 1
186800 1
186900 0
187000 0
187100 0
187200 0
187300 0
187400 0
187500 0
187600 0
187700 1
187800 1
187900 0
188000 0
188100 0
188200 1
188300 0
188400 0
188500 0
188600 0
188700 0
188800 1
188900 0
189000 0
189100 1
189200 0
189300 1
189400 1
189500 0
189600 1
189700 0
189800 0
189900 0
190000 0
190100 0
190200 0
190300 2
190400 0
190500 0
190600 0
190700 0
190800 1
190900 0
191000 1
191100 0
191200 0
191300 0
191400 0
191500 0
191600 0
191700 0
191800 1
191900 0
192000 0
192100 0
192200 0
192300 1
192400 0
192500 3
192600 1
192700 1
192800 0
192900 0
193000 1
193100 0
193200 3
193300 0
193400 9
193500 9
193600 17
193700 121
193800 1350
193900 5179
194000 6112
194100 2073
194200 245
194300 22
194400 3
194500 3
194600 2
194700 2
194800 0
194900 0
195000 0
195100 0
195200 0
195300 0
195400 1
195500 1
195600 2
195700 2
195800 0
195900 0
196000 0
196100 1
196200 0
196300 0
196400 0
196500 0
196600 0
196700 1
196800 1
196900 0
197000 0
197100 0
197200 1
197300 0
197400 0
197500 1
197600 0
197700 0
197800 0
197900 0
198000 0
198100 0
198200 0
198300 0
198400 0
198500 0
198600 0
198700 10
198800 31
198900 32
199000 8
199100 2
199200 0
199300 0
199400 0
199500 0
199600 0
199700 0
199800 0
199900 0
200000 0
200100 2
200200 0
200300 0
200400 0
200500 0
200600 0
200700 1
200800 0
200900 2
201000 0
201100 2
201200 0
201300 0
201400 0
201500 0
201600 0
201700 0
201800 0
201900 0
202000 0
202100 0
202200 0
202300 0
202400 0
202500 0
202600 0
202700 0
202800 0
202900 0
203000 0
203100 1
203200 0
203300 0
203400 0
203500 1
203600 1
203700 1
203800 1
203900 1
204000 0
204100 0
204200 0
204300 0
204400 0
204500 0
204600 1
204700 0
204800 0
204900 2
205000 0
205100 0
205200 0
205300 0
205400 0
205500 1
205600 1
205700 0
205800 0
205900 0
206000 0
206100 0
206200 0
206300 0
206400 1
206500 3
206600 4
206700 12
206800 69
206900 717
207000 3918
207100 6577
207200 3104
207300 490
207400 36
207500 9
207600 5
207700 3
207800 1
207900 0
208000 1
208100 2
208200 1
208300 0
208400 0
208500 0
208600 1
208700 2
208800 1
208900 1
209000 0
209100 0
209200 0
209300 0
209400 1
209500 0
209600 0
209700 0
209800 0
209900 1
210000 0
210100 0
210200 0
210300 1
210400 0
210500 1
210600 0
210700 0
210800 0
210900 0
211000 0
211100 0
211200 0
211300 1
211400 0
211500 0
211600 0
211700 0
211800 5
211900 32
212000 49
212100 18
212200 6
212300 0
212400 1
212500 0
212600 0
212700 0
212800 0
212900 0
213000 0
213100 0
213200 0
213300 0
213400 1
213500 0
213600 0
213700 0
213800 0
213900 0
214000 0
214100 0
214200 0
214300 0
214400 0
214500 0
214600 0
214700 0
214800 1
214900 0
215000 0
215100 0
215200 0
215300 1
215400 0
215500 0
215600 0
215700 0
215800 0
215900 0
216000 0
216100 0
216200 0
216300 0
216400 0
216500 1
216600 0
216700 1
216800 2
216900 2
217000 1
217100 1
217200 0
217300 0
217400 0
217500 0
217600 1
217700 1
217800 0
217900 0
218000 1
218100 0
218200 0
218300 0
218400 2
218500 2
218600 1
218700 3
218800 1
218900 0
219000 0
219100 0
219200 0
219300 0
219400 2
219500 0
219600 1
219700 1
219800 6
219900 34
220000 335
220100 2552
220200 6202
220300 4751
220400 1094
220500 92
220600 9
220700 12
220800 3
220900 1
221000 1
221100 0
221200 0
221300 1
221400 0
221500 1
221600 1
221700 2
221800 2
221900 1
222000 1
222100 1
222200 0
222300 0
222400 0
222500 0
222600 0
222700 1
222800 0
222900 1
223000 0
223100 0
223200 0
223300 0
223400 0
223500 0
223600 1
223700 0
223800 2
223900 0
224000 0
224100 1
224200 0
224300 0
224400 0
224500 0
224600 0
224700 1
224800 0
224900 4
225000 11
225100 39
225200 33
225300 4
225400 2
225500 1
225600 0
225700 1
225800 1
225900 0
226000 0
226100 0
226200 1
226300 0
226400 2
226500 0
226600 0
226700 0
226800 0
226900 1
227000 0
227100 0
227200 0
227300 0
227400 0
227500 0
227600 1
227700 0
227800 1
227900 1
228000 1
228100 0
228200 0
228300 1
228400 0
228500 0
228600 0
228700 0
228800 1
228900 0
229000 0
229100 0
229200 3
229300 0
229400 1
229500 0
229600 0
229700 0
229800 0
229900 3
230000 2
230100 0
230200 0
230300 1
230400 0
230500 0
230600 0
230700 0
230800 0
230900 0
231000 1
231100 1
231200 1
231300 2
231400 0
231500 1
231600 1
231700 2
231800 0
231900 0
232000 0
232100 0
232200 0
232300 0
232400 1
232500 0
232600 0
232700 4
232800 9
232900 10
233000 34
233100 197
233200 1783
233300 5608
233400 5468
233500 1641
233600 190
233700 15
233800 11
233900 7
234000 1
234100 2
234200 0
234300 0
234400 1
234500 1
234600 1
234700 0
234800 0
234900 2
235000 2
235100 3
235200 1
235300 0
235400 0
235500 0
235600 0
235700 0
235800 0
235900 0
236000 0
236100 0
236200 0
236300 0
236400 0
236500 1
236600 0
236700 1
236800 0
236900 0
237000 0
237100 1
237200 0
237300 0
237400 0
237500 0
237600 3
237700 0
237800 2
237900 0
238000 5
238100 20
238200 32
238300 35
238400 8
238500 0
238600 1
238700 0
238800 0
238900 0
239000 0
239100 1
239200 0
239300 0
239400 0
239500 0
239600 0
239700 1
239800 0
239900 1
240000 0
240100 0
240200 0
240300 0
240400 1
240500 0
240600 0
240700 1
240800 1
240900 0
241000 0
241100 0
241200 1
241300 0
241400 0
241500 0
241600 0
241700 0
241800 1
241900 0
242000 0
242100 0
242200 0
242300 0
242400 1
242500 0
242600 0
242700 0
242800 0
242900 1
243000 0
243100 1
243200 0
243300 0
243400 0
243500 0
243600 0
243700 0
243800 0
243900 0
244000 0
244100 0
244200 0
244300 0
244400 0
244500 0
244600 0
244700 2
244800 2
244900 2
245000 0
245100 2
245200 0
245300 1
245400 1
245500 0
245600 1
245700 1
245800 2
245900 1
246000 5
246100 15
246200 65
246300 783
246400 3903
246500 6396
246600 3263
246700 494
246800 47
246900 7
247000 5
247100 6
247200 1
247300 0
247400 0
247500 0
247600 0
247700 1
247800 0
247900 0
248000 3
248100 1
248200 1
248300 0
248400 0
248500 0
248600 2
248700 0
248800 0
248900 1
249000 0
249100 0
249200 0
249300 0
249400 2
249500 0
249600 0
249700 1
249800 1
249900 0
250000 0
250100 0
250200 0
250300 0
250400 1
250500 0
250600 0
250700 0
250800 0
250900 0
251000 0
251100 0
251200 8
251300 24
251400 48
251500 18
251600 1
251700 0
251800 1
251900 0
252000 0
252100 0
252200 0
252300 1
252400 1
252500 0
252600 0
252700 0
252800 0
252900 0
253000 0
253100 0
253200 0
253300 0
253400 0
253500 0
253600 0
253700 0
253800 0
253900 0
254000 1
254100 0
254200 1
254300 1
254400 0
254500 2
254600 0
254700 0
254800 0
254900 0
255000 0
255100 0
255200 0
255300 0
255400 1
255500 0
255600 1
255700 0
255800 3
255900 1
256000 1
256100 1
256200 2
256300 1
256400 2
256500 0
256600 2
256700 0
256800 0
256900 1
257000 0
257100 0
257200 0
257300 0
257400 0
257500 2
257600 0
257700 0
257800 2
257900 1
258000 0
258100 1
258200 2
258300 0
258400 2
258500 1
258600 0
258700 2
258800 1
258900 0
259000 4
259100 8
259200 12
259300 40
259400 315
259500 2442
259600 6258
259700 4519
259800 1033
259900 91
260000 11
260100 9
260200 6
260300 2
260400 1
260500 1
260600 0
260700 0
260800 0
260900 0
261000 0
261100 1
261200 2
261300 1
261400 1
261500 0
261600 0
261700 3
261800 0
261900 0
262000 0
262100 1
262200 0
262300 2
262400 1
262500 0
262600 1
262700 0
262800 0
262900 1
263000 1
263100 0
263200 1
263300 0
263400 0
263500 0
263600 0
263700 0
263800 1
263900 0
264000 0
264100 0
264200 0
264300 3
264400 24
264500 46
264600 34
264700 3
264800 1
264900 0
265000 1
265100 0
265200 0
265300 2
265400 0
265500 0
265600 1
265700 0
265800 0
265900 0
266000 0
266100 1
266200 0
266300 1
266400 1
266500 0
266600 0
266700 0
266800 0
266900 0
267000 0
267100 0
267200 1
267300 0
267400 0
267500 0
267600 0
267700 0
267800 0
267900 0
268000 0
268100 0
268200 0
268300 0
268400 0
268500 1
268600 0
268700 0
268800 0
268900 1
269000 3
269100 0
269200 1
269300 0
269400 0
269500 3
269600 0
269700 0
269800 1
269900 0
270000 0
270100 0
270200 0
270300 0
270400 0
270500 0
270600 0
270700 2
270800 1
270900 0
271000 1
271100 3
271200 2
271300 0
271400 0
271500 0
271600 0
271700 0
271800 2
271900 0
272000 2
272100 0
272200 1
272300 8
272400 24
272500 181
272600 1458
272700 5271
272800 5638
272900 1884
273000 222
273100 13
273200 6
273300 5
273400 0
273500 1
273600 0
273700 0
273800 0
273900 0
274000 0
274100 0
274200 2
274300 3
274400 3
274500 1
274600 1
274700 0
274800 0
274900 0
275000 0
275100 1
275200 0
275300 0
275400 0
275500 0
275600 0
275700 0
275800 0
275900 0
276000 0
276100 0
276200 0
276300 0
276400 0
276500 0
276600 0
276700 0
276800 0
276900 0
277000 0
277100 3
277200 2
277300 1
277400 1
277500 13
277600 41
277700 34
277800 13
277900 0
278000 0
278100 0
278200 1
278300 0
278400 0
278500 1
278600 0
278700 1
278800 1
278900 0
279000 1
279100 0
279200 0
279300 0
279400 0
279500 2
279600 1
279700 0
279800 0
279900 0
280000 1
280100 0
280200 0
280300 0
280400 0
280500 3
280600 0
280700 0
280800 0
280900 0
281000 0
281100 0
281200 0
281300 0
281400 0
281500 0
281600 0
281700 0
281800 1
281900 0
282000 1
282100 0
282200 1
282300 1
282400 0
282500 2
282600 1
282700 1
282800 0
282900 0
283000 1
283100 0
283200 2
283300 0
283400 0
283500 0
283600 0
283700 0
283800 0
283900 1
284000 1
284100 1
284200 3
284300 1
284400 5
284500 0
284600 1
284700 0
284800 0
284900 0
285000 0
285100 1
285200 5
285300 4
285400 5
285500 13
285600 84
285700 779
285800 3840
285900 6446
286000 3262
286100 564
286200 45
286300 14
286400 9
286500 3
286600 0
286700 0
286800 1
286900 0
287000 0
287100 0
287200 1
287300 0
287400 3
287500 1
287600 2
287700 0
287800 1
287900 0
288000 0
288100 1
288200 0
288300 0
288400 0
288500 0
288600 0
288700 0
288800 0
288900 0
289000 0
289100 0
289200 0
289300 1
289400 0
289500 0
289600 0
289700 1
289800 0
289900 0
290000 0
290100 0
290200 0
290300 1
290400 0
290500 1
290600 9
290700 24
290800 38
290900 20
291000 5
291100 2
291200 0
291300 0
291400 0
291500 1
291600 0
291700 0
291800 0
291900 1
292000 0
292100 1
292200 0
292300 0
292400 0
292500 0
292600 0
292700 0
292800 2
292900 0
293000 0
293100 0
293200 0
293300 1
293400 0
293500 1
293600 0
293700 0
293800 0
293900 2
294000 0
294100 0
294200 0
294300 1
294400 0
294500 0
294600 0
294700 1
294800 0
294900 0
295000 0
295100 0
295200 0
295300 0
295400 0
295500 1
295600 1
295700 1
295800 2
295900 1
296000 1
296100 1
296200 0
296300 1
296400 0
296500 0
296600 0
296700 0
296800 2
296900 0
297000 0
297100 0
297200 0
297300 1
297400 1
297500 4
297600 1
297700 1
297800 1
297900 0
298000 1
298100 0
298200 0
298300 1
298400 1
298500 7
298600 14
298700 46
298800 340
298900 2305
299000 6124
299100 4886
299200 1290
299300 132
299400 18
299500 8
299600 2
299700 1
299800 0
299900 1
300000 1
300100 0
300200 0
300300 0
300400 1
300500 0
300600 3
300700 3
300800 1
300900 0
301000 1
301100 0
301200 0
301300 0
301400 0
301500 0
301600 0
301700 1
301800 0
301900 0
302000 1
302100 0
302200 0
302300 0
302400 0
302500 1
302600 0
302700 2
302800 0
302900 0
303000 0
303100 0
303200 0
303300 1
303400 0
303500 2
303600 1
303700 5
303800 25
303900 33
304000 35
304100 6
304200 1
304300 2
304400 0
304500 1
304600 0
304700 0
304800 0
304900 0
305000 1
305100 0
305200 0
305300 1
305400 0
305500 2
305600 0
305700 0
305800 0
305900 0
306000 0
306100 0
306200 0
306300 1
306400 0
306500 0
306600 2
306700 0
306800 1
306900 1
307000 0
307100 0
307200 0
307300 0
307400 0
307500 0
307600 0
307700 0
307800 0
307900 0
308000 0
308100 0
308200 0
308300 0
308400 0
308500 0
308600 1
308700 1
308800 0
308900 1
309000 1
309100 0
309200 0
309300 0
309400 0
309500 0
309600 0
309700 0
309800 0
309900 1
