-290000 3
-289900 2
-289800 2
-289700 10
-289600 6
-289500 2
-289400 4
-289300 5
-289200 3
-289100 7
-289000 2
-288900 5
-288800 4
-288700 2
-288600 2
-288500 8
-288400 2
-288300 2
-288200 2
-288100 0
-288000 3
-287900 1
-287800 4
-287700 6
-287600 2
-287500 3
-287400 1
-287300 12
-287200 15
-287100 26
-287000 15
-286900 4
-286800 3
-286700 3
-286600 3
-286500 1
-286400 2
-286300 3
-286200 6
-286100 4
-286000 2
-285900 7
-285800 5
-285700 2
-285600 2
-285500 1
-285400 1
-285300 5
-285200 5
-285100 2
-285000 4
-284900 3
-284800 6
-284700 3
-284600 3
-284500 2
-284400 3
-284300 1
-284200 3
-284100 4
-284000 1
-283900 1
-283800 8
-283700 3
-283600 4
-283500 1
-283400 5
-283300 1
-283200 5
-283100 4
-283000 4
-282900 5
-282800 4
-282700 2
-282600 2
-282500 4
-282400 0
-282300 5
-282200 3
-282100 4
-282000 4
-281900 3
-281800 4
-281700 2
-281600 1
-281500 4
-281400 3
-281300 4
-281200 1
-281100 5
-281000 3
-280900 3
-280800 2
-280700 2
-280600 7
-280500 2
-280400 4
-280300 1
-280200 4
-280100 5
-280000 2
-279900 2
-279800 4
-279700 2
-279600 8
-279500 4
-279400 9
-279300 10
-279200 67
-279100 722
-279000 3759
-278900 6332
-278800 3298
-278700 536
-278600 54
-278500 9
-278400 13
-278300 9
-278200 5
-278100 1
-278000 1
-277900 3
-277800 2
-277700 2
-277600 3
-277500 5
-277400 5
-277300 5
-277200 4
-277100 2
-277000 3
-276900 1
-276800 2
-276700 3
-276600 2
-276500 4
-276400 4
-276300 2
-276200 2
-276100 1
-276000 0
-275900 3
-275800 4
-275700 3
-275600 5
-275500 1
-275400 3
-275300 3
-275200 3
-275100 3
-275000 2
-274900 5
-274800 2
-274700 2
-274600 3
-274500 2
-274400 2
-274300 2
-274200 5
-274100 20
-274000 36
-273900 18
-273800 3
-273700 2
-273600 5
-273500 3
-273400 2
-273300 1
-273200 4
-273100 2
-273000 5
-272900 3
-272800 3
-272700 2
-272600 5
-272500 6
-272400 2
-272300 2
-272200 3
-272100 1
-272000 3
-271900 3
-271800 2
-271700 1
-271600 4
-271500 3
-271400 2
-271300 4
-271200 1
-271100 6
-271000 2
-270900 4
-270800 2
-270700 4
-270600 2
-270500 4
-270400 4
-270300 7
-270200 3
-270100 5
-270000 5
-269900 7
-269800 3
-269700 3
-269600 4
-269500 2
-269400 3
-269300 7
-269200 3
-269100 0
-269000 2
-268900 5
-268800 2
-268700 1
-268600 2
-268500 2
-268400 1
-268300 1
-268200 1
-268100 3
-268000 4
-267900 5
-267800 3
-267700 5
-267600 4
-267500 3
-267400 5
-267300 3
-267200 0
-267100 2
-267000 6
-266900 5
-266800 5
-266700 1
-266600 5
-266500 6
-266400 4
-266300 6
-266200 12
-266100 35
-266000 327
-265900 2456
-265800 6152
-265700 4602
-265600 1077
-265500 117
-265400 20
-265300 11
-265200 6
-265100 5
-265000 3
-264900 3
-264800 1
-264700 7
-264600 2
-264500 3
-264400 2
-264300 3
-264200 3
-264100 5
-264000 8
-263900 2
-263800 4
-263700 6
-263600 3
-263500 2
-263400 0
-263300 1
-263200 4
-263100 1
-263000 3
-262900 0
-262800 4
-262700 4
-262600 1
-262500 2
-262400 6
-262300 4
-262200 4
-262100 4
-262000 4
-261900 5
-261800 5
-261700 2
-261600 1
-261500 2
-261400 2
-261300 2
-261200 4
-261100 6
-261000 11
-260900 27
-260800 13
-260700 5
-260600 2
-260500 1
-260400 2
-260300 5
-260200 4
-260100 0
-260000 4
-259900 6
-259800 3
-259700 3
-259600 2
-259500 4
-259400 2
-259300 3
-259200 3
-259100 3
-259000 9
-258900 9
-258800 1
-258700 3
-258600 1
-258500 3
-258400 3
-258300 6
-258200 4
-258100 2
-258000 4
-257900 2
-257800 3
-257700 3
-257600 3
-257500 4
-257400 3
-257300 4
-257200 3
-257100 5
-257000 3
-256900 3
-256800 2
-256700 3
-256600 1
-256500 4
-256400 4
-256300 0
-256200 3
-256100 2
-256000 1
-255900 3
-255800 1
-255700 8
-255600 2
-255500 1
-255400 3
-255300 2
-255200 3
-255100 6
-255000 1
-254900 2
-254800 3
-254700 2
-254600 4
-254500 6
-254400 2
-254300 5
-254200 3
-254100 3
-254000 2
-253900 4
-253800 5
-253700 2
-253600 2
-253500 3
-253400 2
-253300 3
-253200 4
-253100 15
-253000 20
-252900 159
-252800 1406
-252700 5249
-252600 5857
-252500 1879
-252400 178
-252300 23
-252200 3
-252100 7
-252000 3
-251900 1
-251800 2
-251700 2
-251600 2
-251500 3
-251400 4
-251300 5
-251200 5
-251100 5
-251000 3
-250900 2
-250800 3
-250700 6
-250600 6
-250500 2
-250400 4
-250300 0
-250200 3
-250100 5
-250000 5
-249900 3
-249800 2
-249700 3
-249600 1
-249500 2
-249400 5
-249300 1
-249200 2
-249100 3
-249000 2
-248900 4
-248800 3
-248700 3
-248600 4
-248500 6
-248400 0
-248300 1
-248200 3
-248100 4
-248000 6
-247900 14
-247800 26
-247700 21
-247600 9
-247500 5
-247400 3
-247300 1
-247200 2
-247100 2
-247000 4
-246900 1
-246800 2
-246700 7
-246600 3
-246500 4
-246400 3
-246300 4
-246200 6
-246100 7
-246000 3
-245900 3
-245800 5
-245700 4
-245600 2
-245500 3
-245400 2
-245300 1
-245200 7
-245100 4
-245000 4
-244900 3
-244800 3
-244700 4
-244600 5
-244500 4
-244400 3
-244300 3
-244200 4
-244100 0
-244000 6
-243900 5
-243800 3
-243700 3
-243600 4
-243500 2
-243400 1
-243300 7
-243200 2
-243100 2
-243000 4
-242900 2
-242800 6
-242700 4
-242600 0
-242500 4
-242400 1
-242300 4
-242200 5
-242100 0
-242000 8
-241900 6
-241800 4
-241700 1
-241600 2
-241500 1
-241400 6
-241300 0
-241200 5
-241100 2
-241000 1
-240900 3
-240800 5
-240700 2
-240600 1
-240500 7
-240400 6
-240300 1
-240200 6
-240100 5
-240000 11
-239900 9
-239800 57
-239700 606
-239600 3539
-239500 6521
-239400 3368
-239300 554
-239200 46
-239100 5
-239000 8
-238900 10
-238800 10
-238700 2
-238600 3
-238500 3
-238400 3
-238300 3
-238200 2
-238100 2
-238000 1
-237900 5
-237800 6
-237700 5
-237600 3
-237500 4
-237400 1
-237300 6
-237200 4
-237100 3
-237000 4
-236900 3
-236800 9
-236700 3
-236600 4
-236500 2
-236400 2
-236300 3
-236200 5
-236100 5
-236000 6
-235900 4
-235800 2
-235700 3
-235600 2
-235500 5
-235400 3
-235300 3
-235200 2
-235100 5
-235000 6
-234900 6
-234800 7
-234700 23
-234600 29
-234500 23
-234400 8
-234300 4
-234200 5
-234100 0
-234000 3
-233900 5
-233800 3
-233700 4
-233600 3
-233500 2
-233400 4
-233300 4
-233200 3
-233100 6
-233000 4
-232900 2
-232800 5
-232700 2
-232600 0
-232500 3
-232400 5
-232300 3
-232200 3
-232100 0
-232000 4
-231900 6
-231800 4
-231700 2
-231600 7
-231500 3
-231400 1
-231300 2
-231200 5
-231100 2
-231000 5
-230900 5
-230800 8
-230700 0
-230600 4
-230500 3
-230400 3
-230300 3
-230200 5
-230100 3
-230000 4
-229900 3
-229800 3
-229700 6
-229600 4
-229500 8
-229400 3
-229300 3
-229200 7
-229100 5
-229000 2
-228900 4
-228800 4
-228700 1
-228600 1
-228500 5
-228400 2
-228300 8
-228200 2
-228100 6
-228000 9
-227900 5
-227800 3
-227700 6
-227600 3
-227500 5
-227400 3
-227300 3
-227200 6
-227100 5
-227000 4
-226900 6
-226800 7
-226700 22
-226600 231
-226500 2001
-226400 5921
-226300 5069
-226200 1239
-226100 108
-226000 12
-225900 13
-225800 7
-225700 3
-225600 5
-225500 4
-225400 3
-225300 2
-225200 5
-225100 4
-225000 0
-224900 3
-224800 4
-224700 3
-224600 4
-224500 1
-224400 0
-224300 3
-224200 1
-224100 4
-224000 2
-223900 3
-223800 2
-223700 4
-223600 3
-223500 2
-223400 3
-223300 3
-223200 4
-223100 4
-223000 4
-222900 3
-222800 2
-222700 2
-222600 3
-222500 4
-222400 0
-222300 4
-222200 4
-222100 10
-222000 7
-221900 6
-221800 4
-221700 8
-221600 10
-221500 32
-221400 22
-221300 5
-221200 3
-221100 5
-221000 3
-220900 2
-220800 6
-220700 3
-220600 5
-220500 1
-220400 5
-220300 4
-220200 0
-220100 2
-220000 3
-219900 2
-219800 8
-219700 4
-219600 5
-219500 2
-219400 4
-219300 4
-219200 4
-219100 2
-219000 4
-218900 6
-218800 5
-218700 2
-218600 4
-218500 1
-218400 6
-218300 0
-218200 3
-218100 2
-218000 5
-217900 1
-217800 3
-217700 4
-217600 2
-217500 3
-217400 2
-217300 6
-217200 3
-217100 7
-217000 3
-216900 4
-216800 1
-216700 2
-216600 4
-216500 3
-216400 5
-216300 6
-216200 7
-216100 3
-216000 2
-215900 1
-215800 2
-215700 3
-215600 4
-215500 8
-215400 3
-215300 5
-215200 6
-215100 5
-215000 4
-214900 3
-214800 9
-214700 4
-214600 1
-214500 3
-214400 2
-214300 2
-214200 3
-214100 5
-214000 2
-213900 0
-213800 7
-213700 7
-213600 15
-213500 119
-213400 1403
-213300 5276
-213200 5837
-213100 1953
-213000 224
-212900 15
-212800 16
-212700 5
-212600 6
-212500 5
-212400 5
-212300 1
-212200 5
-212100 7
-212000 2
-211900 2
-211800 6
-211700 6
-211600 5
-211500 6
-211400 3
-211300 5
-211200 3
-211100 4
-211000 3
-210900 2
-210800 4
-210700 0
-210600 2
-210500 2
-210400 0
-210300 4
-210200 5
-210100 3
-210000 7
-209900 2
-209800 6
-209700 7
-209600 2
-209500 4
-209400 9
-209300 7
-209200 3
-209100 2
-209000 1
-208900 3
-208800 3
-208700 3
-208600 1
-208500 11
-208400 22
-208300 29
-208200 8
-208100 5
-208000 2
-207900 4
-207800 2
-207700 7
-207600 8
-207500 3
-207400 3
-207300 2
-207200 3
-207100 2
-207000 0
-206900 2
-206800 3
-206700 0
-206600 3
-206500 5
-206400 3
-206300 5
-206200 5
-206100 3
-206000 2
-205900 7
-205800 4
-205700 4
-205600 4
-205500 2
-205400 5
-205300 4
-205200 1
-205100 1
-205000 6
-204900 0
-204800 4
-204700 4
-204600 1
-204500 2
-204400 3
-204300 3
-204200 4
-204100 2
-204000 4
-203900 5
-203800 3
-203700 2
-203600 1
-203500 6
-203400 3
-203300 2
-203200 4
-203100 2
-203000 4
-202900 1
-202800 2
-202700 3
-202600 2
-202500 7
-202400 3
-202300 7
-202200 1
-202100 5
-202000 1
-201900 3
-201800 1
-201700 6
-201600 5
-201500 5
-201400 3
-201300 3
-201200 4
-201100 6
-201000 4
-200900 4
-200800 3
-200700 12
-200600 9
-200500 12
-200400 88
-200300 743
-200200 4093
-200100 6491
-200000 3013
-199900 385
-199800 35
-199700 9
-199600 11
-199500 4
-199400 5
-199300 2
-199200 3
-199100 4
-199000 1
-198900 2
-198800 3
-198700 1
-198600 3
-198500 6
-198400 4
-198300 3
-198200 3
-198100 5
-198000 2
-197900 2
-197800 4
-197700 8
-197600 6
-197500 1
-197400 1
-197300 4
-197200 4
-197100 3
-197000 2
-196900 3
-196800 4
-196700 4
-196600 3
-196500 2
-196400 2
-196300 0
-196200 3
-196100 7
-196000 2
-195900 7
-195800 2
-195700 5
-195600 2
-195500 0
-195400 7
-195300 22
-195200 31
-195100 16
-195000 4
-194900 3
-194800 5
-194700 1
-194600 2
-194500 1
-194400 4
-194300 3
-194200 1
-194100 3
-194000 7
-193900 2
-193800 2
-193700 2
-193600 5
-193500 1
-193400 1
-193300 3
-193200 6
-193100 3
-193000 1
-192900 4
-192800 3
-192700 1
-192600 2
-192500 0
-192400 6
-192300 2
-192200 6
-192100 2
-192000 4
-191900 2
-191800 1
-191700 2
-191600 3
-191500 2
-191400 2
-191300 2
-191200 3
-191100 5
-191000 3
-190900 2
-190800 2
-190700 2
-190600 6
-190500 5
-190400 2
-190300 6
-190200 1
-190100 3
-190000 5
-189900 3
-189800 2
-189700 3
-189600 5
-189500 2
-189400 8
-189300 4
-189200 2
-189100 1
-189000 3
-188900 6
-188800 5
-188700 4
-188600 4
-188500 4
-188400 5
-188300 2
-188200 5
-188100 3
-188000 3
-187900 0
-187800 4
-187700 3
-187600 3
-187500 7
-187400 5
-187300 25
-187200 256
-187100 2303
-187000 6141
-186900 4795
-186800 1034
-186700 95
-186600 16
-186500 15
-186400 6
-186300 8
-186200 5
-186100 2
-186000 4
-185900 4
-185800 0
-185700 3
-185600 4
-185500 3
-185400 5
-185300 4
-185200 3
-185100 5
-185000 8
-184900 5
-184800 5
-184700 3
-184600 3
-184500 7
-184400 4
-184300 3
-184200 4
-184100 1
-184000 6
-183900 2
-183800 4
-183700 5
-183600 2
-183500 2
-183400 4
-183300 4
-183200 5
-183100 2
-183000 3
-182900 2
-182800 6
-182700 4
-182600 2
-182500 3
-182400 4
-182300 8
-182200 11
-182100 25
-182000 21
-181900 4
-181800 6
-181700 4
-181600 2
-181500 5
-181400 7
-181300 9
-181200 3
-181100 5
-181000 6
-180900 2
-180800 5
-180700 2
-180600 2
-180500 2
-180400 0
-180300 1
-180200 2
-180100 4
-180000 3
-179900 5
-179800 5
-179700 0
-179600 2
-179500 4
-179400 5
-179300 3
-179200 4
-179100 3
-179000 6
-178900 3
-178800 8
-178700 2
-178600 2
-178500 4
-178400 3
-178300 3
-178200 4
-178100 4
-178000 3
-177900 4
-177800 0
-177700 0
-177600 2
-177500 4
-177400 3
-177300 3
-177200 4
-177100 5
-177000 3
-176900 2
-176800 1
-176700 8
-176600 2
-176500 2
-176400 7
-176300 3
-176200 4
-176100 1
-176000 4
-175900 3
-175800 1
-175700 4
-175600 3
-175500 3
-175400 6
-175300 7
-175200 1
-175100 3
-175000 4
-174900 4
-174800 1
-174700 4
-174600 4
-174500 3
-174400 5
-174300 10
-174200 11
-174100 104
-174000 1065
-173900 4892
-173800 6278
-173700 2232
-173600 245
-173500 28
-173400 7
-173300 7
-173200 8
-173100 2
-173000 5
-172900 2
-172800 7
-172700 4
-172600 2
-172500 5
-172400 4
-172300 5
-172200 2
-172100 3
-172000 4
-171900 2
-171800 4
-171700 4
-171600 3
-171500 6
-171400 4
-171300 4
-171200 2
-171100 5
-171000 3
-170900 5
-170800 4
-170700 3
-170600 3
-170500 7
-170400 3
-170300 2
-170200 5
-170100 3
-170000 3
-169900 3
-169800 1
-169700 5
-169600 1
-169500 2
-169400 5
-169300 3
-169200 2
-169100 9
-169000 20
-168900 24
-168800 14
-168700 7
-168600 4
-168500 3
-168400 3
-168300 3
-168200 3
-168100 2
-168000 4
-167900 6
-167800 6
-167700 4
-167600 4
-167500 3
-167400 6
-167300 2
-167200 4
-167100 1
-167000 4
-166900 2
-166800 5
-166700 4
-166600 1
-166500 4
-166400 5
-166300 3
-166200 3
-166100 1
-166000 3
-165900 3
-165800 5
-165700 4
-165600 4
-165500 5
-165400 4
-165300 3
-165200 1
-165100 2
-165000 3
-164900 0
-164800 0
-164700 2
-164600 2
-164500 2
-164400 2
-164300 5
-164200 5
-164100 2
-164000 6
-163900 1
-163800 1
-163700 4
-163600 2
-163500 3
-163400 2
-163300 5
-163200 3
-163100 6
-163000 1
-162900 0
-162800 2
-162700 3
-162600 4
-162500 2
-162400 14
-162300 21
-162200 9
-162100 4
-162000 5
-161900 2
-161800 4
-161700 4
-161600 8
-161500 3
-161400 0
-161300 1
-161200 10
-161100 9
-161000 45
-160900 544
-160800 3349
-160700 6435
-160600 3600
-160500 613
-160400 42
-160300 10
-160200 11
-160100 4
-160000 6
-159900 1
-159800 2
-159700 3
-159600 3
-159500 3
-159400 2
-159300 1
-159200 3
-159100 5
-159000 8
-158900 2
-158800 2
-158700 2
-158600 1
-158500 2
-158400 3
-158300 3
-158200 4
-158100 3
-158000 4
-157900 5
-157800 4
-157700 4
-157600 2
-157500 3
-157400 1
-157300 3
-157200 4
-157100 1
-157000 2
-156900 3
-156800 4
-156700 4
-156600 3
-156500 4
-156400 7
-156300 2
-156200 2
-156100 6
-156000 6
-155900 18
-155800 42
-155700 12
-155600 5
-155500 2
-155400 4
-155300 5
-155200 0
-155100 3
-155000 2
-154900 4
-154800 2
-154700 2
-154600 2
-154500 3
-154400 3
-154300 1
-154200 2
-154100 5
-154000 4
-153900 3
-153800 3
-153700 2
-153600 7
-153500 4
-153400 2
-153300 2
-153200 1
-153100 4
-153000 6
-152900 2
-152800 3
-152700 0
-152600 3
-152500 1
-152400 3
-152300 2
-152200 6
-152100 4
-152000 2
-151900 3
-151800 5
-151700 0
-151600 4
-151500 6
-151400 5
-151300 2
-151200 4
-151100 4
-151000 3
-150900 5
-150800 4
-150700 6
-150600 5
-150500 5
-150400 4
-150300 3
-150200 7
-150100 2
-150000 7
-149900 2
-149800 3
-149700 0
-149600 1
-149500 2
-149400 1
-149300 6
-149200 4
-149100 2
-149000 3
-148900 6
-148800 5
-148700 6
-148600 3
-148500 2
-148400 3
-148300 7
-148200 5
-148100 9
-148000 14
-147900 23
-147800 233
-147700 2014
-147600 5942
-147500 5068
-147400 1203
-147300 100
-147200 11
-147100 11
-147000 4
-146900 5
-146800 4
-146700 5
-146600 1
-146500 3
-146400 0
-146300 3
-146200 3
-146100 4
-146000 4
-145900 8
-145800 4
-145700 4
-145600 2
-145500 6
-145400 4
-145300 3
-145200 7
-145100 2
-145000 5
-144900 1
-144800 2
-144700 0
-144600 3
-144500 4
-144400 3
-144300 3
-144200 2
-144100 3
-144000 5
-143900 4
-143800 3
-143700 6
-143600 2
-143500 4
-143400 3
-143300 5
-143200 5
-143100 3
-143000 4
-142900 3
-142800 10
-142700 24
-142600 23
-142500 7
-142400 4
-142300 3
-142200 4
-142100 3
-142000 2
-141900 3
-141800 2
-141700 2
-141600 4
-141500 0
-141400 6
-141300 3
-141200 1
-141100 3
-141000 5
-140900 2
-140800 1
-140700 4
-140600 1
-140500 2
-140400 2
-140300 3
-140200 5
-140100 1
-140000 4
-139900 0
-139800 2
-139700 4
-139600 1
-139500 1
-139400 4
-139300 7
-139200 3
-139100 1
-139000 2
-138900 2
-138800 0
-138700 3
-138600 4
-138500 4
-138400 2
-138300 0
-138200 1
-138100 1
-138000 2
-137900 1
-137800 5
-137700 3
-137600 0
-137500 4
-137400 3
-137300 3
-137200 3
-137100 2
-137000 5
-136900 3
-136800 6
-136700 0
-136600 3
-136500 3
-136400 3
-136300 4
-136200 6
-136100 2
-136000 5
-135900 3
-135800 1
-135700 6
-135600 3
-135500 5
-135400 6
-135300 3
-135200 1
-135100 8
-135000 9
-134900 4
-134800 12
-134700 83
-134600 962
-134500 4607
-134400 6361
-134300 2375
-134200 298
-134100 23
-134000 16
-133900 9
-133800 7
-133700 5
-133600 7
-133500 3
-133400 4
-133300 4
-133200 5
-133100 4
-133000 1
-132900 2
-132800 3
-132700 5
-132600 3
-132500 3
-132400 1
-132300 2
-132200 0
-132100 6
-132000 5
-131900 2
-131800 4
-131700 4
-131600 4
-131500 2
-131400 2
-131300 3
-131200 4
-131100 4
-131000 6
-130900 9
-130800 4
-130700 3
-130600 7
-130500 5
-130400 3
-130300 1
-130200 5
-130100 8
-130000 4
-129900 2
-129800 4
-129700 7
-129600 25
-129500 21
-129400 12
-129300 9
-129200 2
-129100 6
-129000 5
-128900 4
-128800 3
-128700 5
-128600 10
-128500 3
-128400 1
-128300 1
-128200 4
-128100 6
-128000 2
-127900 5
-127800 8
-127700 4
-127600 2
-127500 4
-127400 3
-127300 7
-127200 6
-127100 3
-127000 5
-126900 5
-126800 2
-126700 3
-126600 3
-126500 2
-126400 3
-126300 1
-126200 2
-126100 3
-126000 4
-125900 4
-125800 7
-125700 3
-125600 3
-125500 10
-125400 6
-125300 6
-125200 3
-125100 2
-125000 2
-124900 3
-124800 5
-124700 4
-124600 5
-124500 5
-124400 3
-124300 4
-124200 3
-124100 2
-124000 8
-123900 5
-123800 4
-123700 3
-123600 4
-123500 4
-123400 0
-123300 4
-123200 0
-123100 5
-123000 4
-122900 3
-122800 3
-122700 3
-122600 3
-122500 3
-122400 3
-122300 5
-122200 0
-122100 1
-122000 7
-121900 2
-121800 4
-121700 13
-121600 35
-121500 443
-121400 2958
-121300 6672
-121200 3889
-121100 680
-121000 46
-120900 5
-120800 5
-120700 5
-120600 5
-120500 0
-120400 1
-120300 7
-120200 2
-120100 7
-120000 2
-119900 0
-119800 4
-119700 3
-119600 5
-119500 4
-119400 5
-119300 2
-119200 7
-119100 4
-119000 5
-118900 4
-118800 2
-118700 2
-118600 7
-118500 3
-118400 2
-118300 4
-118200 4
-118100 1
-118000 2
-117900 7
-117800 5
-117700 4
-117600 4
-117500 6
-117400 5
-117300 3
-117200 2
-117100 5
-117000 6
-116900 5
-116800 2
-116700 2
-116600 5
-116500 13
-116400 31
-116300 25
-116200 8
-116100 7
-116000 4
-115900 7
-115800 2
-115700 1
-115600 4
-115500 6
-115400 7
-115300 3
-115200 2
-115100 4
-115000 2
-114900 5
-114800 4
-114700 2
-114600 8
-114500 1
-114400 4
-114300 4
-114200 2
-114100 3
-114000 2
-113900 3
-113800 7
-113700 4
-113600 3
-113500 1
-113400 2
-113300 6
-113200 6
-113100 4
-113000 4
-112900 5
-112800 3
-112700 6
-112600 6
-112500 5
-112400 8
-112300 4
-112200 5
-112100 3
-112000 5
-111900 3
-111800 4
-111700 3
-111600 5
-111500 6
-111400 0
-111300 4
-111200 4
-111100 4
-111000 2
-110900 1
-110800 2
-110700 0
-110600 4
-110500 3
-110400 8
-110300 0
-110200 2
-110100 3
-110000 2
-109900 2
-109800 5
-109700 8
-109600 8
-109500 4
-109400 0
-109300 4
-109200 5
-109100 3
-109000 3
-108900 7
-108800 4
-108700 6
-108600 9
-108500 24
-108400 193
-108300 1898
-108200 5921
-108100 5209
-108000 1266
-107900 105
-107800 9
-107700 11
-107600 12
-107500 5
-107400 2
-107300 6
-107200 3
-107100 2
-107000 4
-106900 6
-106800 0
-106700 7
-106600 4
-106500 4
-106400 7
-106300 3
-106200 1
-106100 2
-106000 0
-105900 6
-105800 1
-105700 4
-105600 4
-105500 4
-105400 5
-105300 4
-105200 2
-105100 6
-105000 4
-104900 5
-104800 1
-104700 2
-104600 6
-104500 5
-104400 4
-104300 2
-104200 3
-104100 2
-104000 0
-103900 5
-103800 3
-103700 2
-103600 5
-103500 4
-103400 18
-103300 37
-103200 27
-103100 11
-103000 3
-102900 3
-102800 5
-102700 4
-102600 1
-102500 7
-102400 6
-102300 5
-102200 2
-102100 5
-102000 2
-101900 4
-101800 1
-101700 0
-101600 2
-101500 1
-101400 1
-101300 7
-101200 3
-101100 3
-101000 3
-100900 4
-100800 6
-100700 5
-100600 2
-100500 4
-100400 4
-100300 1
-100200 7
-100100 5
-100000 2
-99900 3
-99800 2
-99700 4
-99600 3
-99500 3
-99400 6
-99300 2
-99200 1
-99100 1
-99000 3
-98900 5
-98800 1
-98700 4
-98600 3
-98500 6
-98400 5
-98300 4
-98200 1
-98100 2
-98000 4
-97900 4
-97800 7
-97700 1
-97600 4
-97500 5
-97400 3
-97300 2
-97200 1
-97100 6
-97000 2
-96900 1
-96800 4
-96700 5
-96600 11
-96500 10
-96400 3
-96300 2
-96200 2
-96100 2
-96000 3
-95900 1
-95800 6
-95700 1
-95600 4
-95500 6
-95400 9
-95300 48
-95200 687
-95100 3958
-95000 6645
-94900 2897
-94800 337
-94700 31
-94600 16
-94500 4
-94400 4
-94300 5
-94200 2
-94100 3
-94000 1
-93900 6
-93800 2
-93700 4
-93600 3
-93500 1
-93400 4
-93300 6
-93200 3
-93100 8
-93000 2
-92900 5
-92800 4
-92700 2
-92600 3
-92500 2
-92400 2
-92300 4
-92200 2
-92100 1
-92000 3
-91900 4
-91800 4
-91700 1
-91600 4
-91500 6
-91400 3
-91300 3
-91200 5
-91100 3
-91000 1
-90900 5
-90800 6
-90700 5
-90600 0
-90500 3
-90400 2
-90300 5
-90200 25
-90100 37
-90000 10
-89900 6
-89800 3
-89700 3
-89600 2
-89500 7
-89400 4
-89300 3
-89200 3
-89100 0
-89000 4
-88900 2
-88800 4
-88700 2
-88600 3
-88500 3
-88400 5
-88300 4
-88200 3
-88100 4
-88000 3
-87900 5
-87800 2
-87700 2
-87600 3
-87500 1
-87400 5
-87300 6
-87200 4
-87100 2
-87000 7
-86900 6
-86800 4
-86700 0
-86600 4
-86500 1
-86400 4
-86300 2
-86200 1
-86100 5
-86000 4
-85900 3
-85800 1
-85700 3
-85600 3
-85500 1
-85400 2
-85300 2
-85200 7
-85100 2
-85000 8
-84900 4
-84800 3
-84700 1
-84600 5
-84500 5
-84400 6
-84300 1
-84200 5
-84100 2
-84000 2
-83900 2
-83800 4
-83700 6
-83600 3
-83500 1
-83400 4
-83300 4
-83200 4
-83100 3
-83000 2
-82900 4
-82800 1
-82700 3
-82600 2
-82500 5
-82400 7
-82300 13
-82200 21
-82100 223
-82000 1884
-81900 6221
-81800 5312
-81700 1100
-81600 88
-81500 13
-81400 6
-81300 14
-81200 5
-81100 4
-81000 2
-80900 4
-80800 2
-80700 3
-80600 2
-80500 4
-80400 0
-80300 8
-80200 3
-80100 2
-80000 2
-79900 3
-79800 3
-79700 7
-79600 4
-79500 3
-79400 2
-79300 3
-79200 0
-79100 3
-79000 5
-78900 7
-78800 7
-78700 8
-78600 3
-78500 3
-78400 5
-78300 2
-78200 3
-78100 3
-78000 1
-77900 1
-77800 4
-77700 1
-77600 5
-77500 4
-77400 4
-77300 3
-77200 5
-77100 19
-77000 41
-76900 22
-76800 9
-76700 5
-76600 3
-76500 2
-76400 3
-76300 3
-76200 4
-76100 3
-76000 3
-75900 5
-75800 2
-75700 5
-75600 4
-75500 0
-75400 1
-75300 3
-75200 2
-75100 9
-75000 4
-74900 2
-74800 3
-74700 1
-74600 3
-74500 6
-74400 3
-74300 4
-74200 2
-74100 5
-74000 4
-73900 2
-73800 2
-73700 10
-73600 2
-73500 2
-73400 2
-73300 9
-73200 0
-73100 4
-73000 1
-72900 2
-72800 2
-72700 7
-72600 0
-72500 2
-72400 2
-72300 4
-72200 3
-72100 5
-72000 3
-71900 2
-71800 3
-71700 2
-71600 3
-71500 2
-71400 4
-71300 1
-71200 1
-71100 6
-71000 2
-70900 4
-70800 2
-70700 5
-70600 3
-70500 1
-70400 1
-70300 1
-70200 2
-70100 4
-70000 5
-69900 2
-69800 3
-69700 5
-69600 3
-69500 2
-69400 3
-69300 9
-69200 5
-69100 14
-69000 195
-68900 1793
-68800 6033
-68700 5253
-68600 1270
-68500 102
-68400 16
-68300 11
-68200 14
-68100 4
-68000 4
-67900 5
-67800 6
-67700 4
-67600 3
-67500 3
-67400 0
-67300 1
-67200 5
-67100 4
-67000 3
-66900 4
-66800 5
-66700 2
-66600 6
-66500 3
-66400 1
-66300 2
-66200 2
-66100 0
-66000 5
-65900 3
-65800 4
-65700 1
-65600 0
-65500 4
-65400 2
-65300 3
-65200 2
-65100 4
-65000 1
-64900 4
-64800 3
-64700 4
-64600 3
-64500 2
-64400 2
-64300 4
-64200 4
-64100 3
-64000 18
-63900 35
-63800 34
-63700 6
-63600 7
-63500 1
-63400 4
-63300 6
-63200 4
-63100 3
-63000 7
-62900 1
-62800 2
-62700 6
-62600 1
-62500 3
-62400 4
-62300 2
-62200 4
-62100 2
-62000 5
-61900 7
-61800 5
-61700 3
-61600 2
-61500 5
-61400 6
-61300 2
-61200 2
-61100 4
-61000 4
-60900 2
-60800 1
-60700 6
-60600 5
-60500 4
-60400 1
-60300 1
-60200 7
-60100 2
-60000 3
-59900 1
-59800 2
-59700 2
-59600 3
-59500 2
-59400 2
-59300 6
-59200 6
-59100 6
-59000 4
-58900 3
-58800 3
-58700 0
-58600 4
-58500 4
-58400 6
-58300 5
-58200 3
-58100 4
-58000 2
-57900 3
-57800 3
-57700 3
-57600 1
-57500 5
-57400 4
-57300 4
-57200 5
-57100 4
-57000 3
-56900 4
-56800 1
-56700 3
-56600 5
-56500 1
-56400 3
-56300 3
-56200 5
-56100 5
-56000 18
-55900 95
-55800 1073
-55700 4784
-55600 6093
-55500 2117
-55400 218
-55300 20
-55200 9
-55100 9
-55000 4
-54900 4
-54800 4
-54700 4
-54600 6
-54500 6
-54400 1
-54300 3
-54200 3
-54100 11
-54000 7
-53900 1
-53800 2
-53700 3
-53600 6
-53500 8
-53400 3
-53300 1
-53200 4
-53100 3
-53000 5
-52900 4
-52800 2
-52700 3
-52600 3
-52500 3
-52400 5
-52300 2
-52200 2
-52100 6
-52000 0
-51900 1
-51800 2
-51700 6
-51600 5
-51500 4
-51400 5
-51300 2
-51200 1
-51100 3
-51000 10
-50900 7
-50800 25
-50700 34
-50600 17
-50500 8
-50400 4
-50300 4
-50200 9
-50100 3
-50000 2
-49900 3
-49800 4
-49700 3
-49600 3
-49500 5
-49400 7
-49300 6
-49200 2
-49100 2
-49000 5
-48900 7
-48800 1
-48700 6
-48600 4
-48500 6
-48400 8
-48300 5
-48200 3
-48100 4
-48000 3
-47900 6
-47800 2
-47700 5
-47600 2
-47500 2
-47400 0
-47300 8
-47200 6
-47100 10
-47000 1
-46900 3
-46800 2
-46700 5
-46600 3
-46500 1
-46400 7
-46300 1
-46200 2
-46100 5
-46000 4
-45900 4
-45800 3
-45700 4
-45600 4
-45500 2
-45400 4
-45300 5
-45200 2
-45100 3
-45000 1
-44900 3
-44800 3
-44700 5
-44600 3
-44500 2
-44400 4
-44300 4
-44200 4
-44100 5
-44000 2
-43900 6
-43800 2
-43700 2
-43600 3
-43500 5
-43400 1
-43300 7
-43200 4
-43100 4
-43000 10
-42900 18
-42800 38
-42700 291
-42600 2366
-42500 6391
-42400 4732
-42300 893
-42200 73
-42100 5
-42000 9
-41900 5
-41800 4
-41700 1
-41600 3
-41500 2
-41400 2
-41300 4
-41200 4
-41100 6
-41000 6
-40900 2
-40800 6
-40700 2
-40600 3
-40500 2
-40400 3
-40300 2
-40200 4
-40100 5
-40000 2
-39900 4
-39800 3
-39700 0
-39600 3
-39500 4
-39400 4
-39300 3
-39200 1
-39100 1
-39000 4
-38900 4
-38800 8
-38700 7
-38600 1
-38500 7
-38400 5
-38300 5
-38200 6
-38100 6
-38000 2
-37900 6
-37800 2
-37700 17
-37600 32
-37500 25
-37400 3
-37300 2
-37200 2
-37100 4
-37000 4
-36900 5
-36800 5
-36700 2
-36600 2
-36500 1
-36400 2
-36300 4
-36200 1
-36100 1
-36000 5
-35900 3
-35800 3
-35700 4
-35600 2
-35500 1
-35400 2
-35300 3
-35200 3
-35100 4
-35000 1
-34900 3
-34800 4
-34700 3
-34600 6
-34500 4
-34400 3
-34300 2
-34200 2
-34100 5
-34000 5
-33900 4
-33800 5
-33700 6
-33600 2
-33500 4
-33400 1
-33300 5
-33200 2
-33100 2
-33000 7
-32900 3
-32800 5
-32700 1
-32600 2
-32500 5
-32400 6
-32300 3
-32200 1
-32100 2
-32000 2
-31900 4
-31800 4
-31700 1
-31600 2
-31500 3
-31400 1
-31300 3
-31200 0
-31100 5
-31000 8
-30900 7
-30800 4
-30700 5
-30600 2
-30500 6
-30400 1
-30300 6
-30200 3
-30100 3
-30000 9
-29900 15
-29800 28
-29700 27
-29600 116
-29500 1146
-29400 5144
-29300 6091
-29200 1921
-29100 172
-29000 24
-28900 7
-28800 7
-28700 5
-28600 4
-28500 2
-28400 4
-28300 9
-28200 7
-28100 8
-28000 5
-27900 5
-27800 3
-27700 4
-27600 4
-27500 1
-27400 6
-27300 3
-27200 1
-27100 2
-27000 1
-26900 4
-26800 0
-26700 8
-26600 3
-26500 6
-26400 4
-26300 4
-26200 1
-26100 3
-26000 4
-25900 5
-25800 3
-25700 6
-25600 5
-25500 4
-25400 1
-25300 2
-25200 1
-25100 3
-25000 2
-24900 1
-24800 1
-24700 3
-24600 19
-24500 37
-24400 18
-24300 2
-24200 4
-24100 4
-24000 3
-23900 4
-23800 1
-23700 2
-23600 3
-23500 8
-23400 5
-23300 0
-23200 7
-23100 4
-23000 1
-22900 2
-22800 4
-22700 3
-22600 2
-22500 1
-22400 4
-22300 2
-22200 2
-22100 2
-22000 6
-21900 2
-21800 4
-21700 4
-21600 5
-21500 3
-21400 4
-21300 2
-21200 5
-21100 2
-21000 1
-20900 6
-20800 2
-20700 6
-20600 6
-20500 5
-20400 4
-20300 4
-20200 1
-20100 4
-20000 5
-19900 0
-19800 4
-19700 5
-19600 1
-19500 3
-19400 3
-19300 4
-19200 3
-19100 2
-19000 4
-18900 3
-18800 5
-18700 6
-18600 4
-18500 2
-18400 5
-18300 4
-18200 3
-18100 3
-18000 3
-17900 3
-17800 3
-17700 2
-17600 3
-17500 4
-17400 2
-17300 5
-17200 3
-17100 2
-17000 3
-16900 6
-16800 7
-16700 12
-16600 23
-16500 217
-16400 1829
-16300 5715
-16200 5254
-16100 1478
-16000 156
-15900 11
-15800 8
-15700 3
-15600 5
-15500 3
-15400 4
-15300 4
-15200 3
-15100 5
-15000 3
-14900 6
-14800 2
-14700 1
-14600 4
-14500 5
-14400 3
-14300 5
-14200 1
-14100 2
-14000 3
-13900 4
-13800 2
-13700 3
-13600 5
-13500 4
-13400 3
-13300 3
-13200 6
-13100 2
-13000 3
-12900 5
-12800 4
-12700 4
-12600 3
-12500 3
-12400 7
-12300 3
-12200 2
-12100 3
-12000 5
-11900 2
-11800 0
-11700 6
-11600 0
-11500 14
-11400 31
-11300 21
-11200 7
-11100 5
-11000 2
-10900 5
-10800 3
-10700 5
-10600 1
-10500 3
-10400 4
-10300 1
-10200 1
-10100 6
-10000 2
-9900 4
-9800 0
-9700 3
-9600 5
-9500 2
-9400 2
-9300 5
-9200 7
-9100 5
-9000 8
-8900 2
-8800 2
-8700 3
-8600 4
-8500 5
-8400 4
-8300 5
-8200 0
-8100 6
-8000 1
-7900 5
-7800 5
-7700 3
-7600 1
-7500 5
-7400 7
-7300 5
-7200 1
-7100 3
-7000 6
-6900 8
-6800 2
-6700 7
-6600 2
-6500 4
-6400 4
-6300 5
-6200 2
-6100 7
-6000 2
-5900 4
-5800 3
-5700 5
-5600 5
-5500 5
-5400 4
-5300 5
-5200 4
-5100 4
-5000 2
-4900 3
-4800 4
-4700 4
-4600 5
-4500 7
-4400 3
-4300 6
-4200 4
-4100 1
-4000 4
-3900 7
-3800 0
-3700 1
-3600 7
-3500 10
-3400 16
-3300 303
-3200 2536
-3100 6421
-3000 4297
-2900 811
-2800 59
-2700 8
-2600 6
-2500 5
-2400 2
-2300 5
-2200 3
-2100 1
-2000 4
-1900 8
-1800 2
-1700 1
-1600 4
-1500 4
-1400 4
-1300 2
-1200 3
-1100 2
-1000 6
-900 1
-800 3
-700 4
-600 3
-500 0
-400 4
-300 2
-200 2
-100 6
0 9
100 6
200 3
300 2
400 1
500 2
600 6
700 5
800 5
900 2
1000 1
1100 1
1200 4
1300 2
1400 4
1500 4
1600 3
1700 16
1800 39
1900 21
2000 8
2100 1
2200 5
2300 3
2400 2
2500 1
2600 1
2700 3
2800 5
2900 2
3000 3
3100 4
3200 3
3300 3
3400 2
3500 3
3600 1
3700 3
3800 1
3900 3
4000 4
4100 5
4200 2
4300 4
4400 2
4500 5
4600 1
4700 4
4800 4
4900 2
5000 5
5100 2
5200 4
5300 2
5400 3
5500 4
5600 5
5700 4
5800 7
5900 2
6000 5
6100 4
6200 5
6300 5
6400 2
6500 3
6600 5
6700 3
6800 3
6900 3
7000 7
7100 5
7200 4
7300 4
7400 3
7500 2
7600 5
7700 6
7800 5
7900 4
8000 6
8100 7
8200 1
8300 2
8400 6
8500 6
8600 6
8700 2
8800 3
8900 2
9000 5
9100 3
9200 5
9300 2
9400 11
9500 18
9600 41
9700 62
9800 374
9900 5401
10000 32114
10100 54106
10200 25206
10300 3571
10400 263
10500 52
10600 62
10700 24
10800 11
10900 4
11000 3
11100 7
11200 5
11300 2
11400 3
11500 3
11600 3
11700 6
11800 2
11900 3
12000 2
12100 5
12200 3
12300 4
12400 2
12500 2
12600 5
12700 4
12800 1
12900 3
13000 2
13100 1
13200 3
13300 2
13400 2
13500 3
13600 4
13700 1
13800 4
13900 2
14000 6
14100 3
14200 3
14300 2
14400 3
14500 4
14600 7
14700 1
14800 10
14900 21
15000 38
15100 27
15200 7
15300 2
15400 4
15500 5
15600 3
15700 2
15800 1
15900 3
16000 4
16100 0
16200 1
16300 5
16400 2
16500 3
16600 1
16700 4
16800 0
16900 7
17000 4
17100 4
17200 3
17300 5
17400 1
17500 1
17600 4
17700 1
17800 3
17900 2
18000 5
18100 2
18200 4
18300 5
18400 5
18500 5
18600 2
18700 3
18800 3
18900 3
19000 4
19100 3
19200 4
19300 4
19400 3
19500 5
19600 3
19700 3
19800 7
19900 5
20000 6
20100 6
20200 4
20300 6
20400 3
20500 0
20600 4
20700 4
20800 2
20900 1
21000 4
21100 2
21200 4
21300 5
21400 4
21500 5
21600 4
21700 5
21800 5
21900 4
22000 5
22100 5
22200 3
22300 2
22400 4
22500 4
22600 4
22700 4
22800 8
22900 23
23000 316
23100 2338
23200 6287
23300 4537
23400 1007
23500 70
23600 12
23700 5
23800 3
23900 5
24000 3
24100 5
24200 1
24300 6
24400 4
24500 3
24600 5
24700 5
24800 7
24900 6
25000 1
25100 3
25200 3
25300 5
25400 4
25500 1
25600 3
25700 3
25800 2
25900 5
26000 4
26100 2
26200 1
26300 4
26400 5
26500 2
26600 3
26700 2
26800 7
26900 4
27000 4
27100 4
27200 3
27300 3
27400 5
27500 2
27600 0
27700 5
27800 5
27900 3
28000 20
28100 28
28200 14
28300 4
28400 7
28500 3
28600 2
28700 5
28800 1
28900 3
29000 1
29100 3
29200 3
29300 3
29400 4
29500 1
29600 2
29700 5
29800 6
29900 7
30000 3
30100 3
30200 2
30300 5
30400 2
30500 3
30600 0
30700 2
30800 2
30900 2
31000 4
31100 0
31200 4
31300 5
31400 4
31500 4
31600 3
31700 3
31800 2
31900 8
32000 3
32100 4
32200 5
32300 0
32400 5
32500 4
32600 2
32700 7
32800 0
32900 6
33000 5
33100 2
33200 2
33300 2
33400 1
33500 3
33600 2
33700 4
33800 5
33900 2
34000 3
34100 4
34200 3
34300 1
34400 3
34500 2
34600 4
34700 2
34800 6
34900 3
35000 5
35100 3
35200 4
35300 3
35400 3
35500 1
35600 3
35700 5
35800 8
35900 6
36000 25
36100 363
36200 2752
36300 6606
36400 4105
36500 756
36600 59
36700 11
36800 8
36900 4
37000 3
37100 5
37200 3
37300 2
37400 1
37500 5
37600 3
37700 5
37800 5
37900 7
38000 6
38100 7
38200 0
38300 5
38400 2
38500 1
38600 2
38700 5
38800 3
38900 3
39000 2
39100 3
39200 3
39300 0
39400 0
39500 0
39600 1
39700 4
39800 2
39900 3
40000 2
40100 4
40200 5
40300 7
40400 5
40500 3
40600 3
40700 3
40800 2
40900 5
41000 4
41100 23
41200 22
41300 16
41400 5
41500 3
41600 1
41700 2
41800 7
41900 3
42000 6
42100 3
42200 4
42300 3
42400 3
42500 3
42600 4
42700 2
42800 4
42900 4
43000 2
43100 4
43200 3
43300 6
43400 1
43500 2
43600 3
43700 2
43800 4
43900 4
44000 6
44100 3
44200 2
44300 4
44400 2
44500 1
44600 2
44700 2
44800 1
44900 7
45000 4
45100 2
45200 4
45300 3
45400 7
45500 7
45600 5
45700 5
45800 3
45900 2
46000 4
46100 3
46200 5
46300 5
46400 2
46500 2
46600 4
46700 2
46800 5
46900 2
47000 0
47100 2
47200 4
47300 2
47400 0
47500 1
47600 4
47700 4
47800 8
47900 2
48000 3
48100 7
48200 3
48300 2
48400 0
48500 5
48600 3
48700 4
48800 4
48900 6
49000 11
49100 11
49200 76
49300 998
49400 4838
49500 6177
49600 2166
49700 237
49800 29
49900 46
50000 43
50100 18
50200 9
50300 7
50400 1
50500 7
50600 4
50700 6
50800 4
50900 3
51000 4
51100 3
51200 5
51300 2
51400 5
51500 3
51600 4
51700 7
51800 3
51900 2
52000 5
52100 5
52200 4
52300 4
52400 3
52500 2
52600 3
52700 6
52800 6
52900 3
53000 3
53100 3
53200 4
53300 4
53400 2
53500 4
53600 0
53700 6
53800 7
53900 1
54000 1
54100 8
54200 46
54300 173
54400 234
54500 88
54600 5
54700 9
54800 2
54900 1
55000 1
55100 3
55200 3
55300 4
55400 2
55500 1
55600 0
55700 7
55800 2
55900 1
56000 2
56100 3
56200 2
56300 4
56400 4
56500 5
56600 6
56700 1
56800 5
56900 2
57000 4
57100 2
57200 2
57300 1
57400 4
57500 3
57600 4
57700 5
57800 5
57900 8
58000 3
58100 4
58200 1
58300 4
58400 4
58500 5
58600 1
58700 4
58800 2
58900 4
59000 6
59100 4
59200 2
59300 7
59400 5
59500 4
59600 3
59700 1
59800 5
59900 1
60000 3
60100 3
60200 2
60300 2
60400 3
60500 5
60600 1
60700 1
60800 3
60900 2
61000 8
61100 5
61200 1
61300 5
61400 2
61500 3
61600 4
61700 3
61800 5
61900 4
62000 6
62100 6
62200 8
62300 29
62400 343
62500 2630
62600 6558
62700 4292
62800 797
62900 102
63000 23
63100 17
63200 10
63300 4
63400 2
63500 5
63600 3
63700 3
63800 4
63900 3
64000 0
64100 2
64200 6
64300 3
64400 6
64500 3
64600 5
64700 6
64800 4
64900 3
65000 2
65100 7
65200 4
65300 8
65400 4
65500 4
65600 4
65700 5
65800 5
65900 2
66000 3
66100 2
66200 2
66300 5
66400 2
66500 3
66600 3
66700 4
66800 3
66900 3
67000 3
67100 4
67200 4
67300 6
67400 17
67500 33
67600 22
67700 3
67800 3
67900 7
68000 8
68100 3
68200 2
68300 3
68400 4
68500 2
68600 4
68700 5
68800 2
68900 3
69000 4
69100 4
69200 3
69300 1
69400 2
69500 3
69600 2
69700 2
69800 5
69900 1
70000 5
70100 3
70200 3
70300 2
70400 1
70500 5
70600 3
70700 6
70800 1
70900 7
71000 3
71100 4
71200 9
71300 6
71400 5
71500 2
71600 9
71700 7
71800 2
71900 5
72000 5
72100 5
72200 4
72300 1
72400 2
72500 2
72600 7
72700 3
72800 1
72900 4
73000 8
73100 5
73200 4
73300 1
73400 2
73500 2
73600 4
73700 3
73800 2
73900 5
74000 2
74100 10
74200 4
74300 3
74400 4
74500 2
74600 4
74700 1
74800 3
74900 2
75000 5
75100 4
75200 8
75300 14
75400 15
75500 255
75600 2121
75700 6398
75800 4750
75900 1059
76000 102
76100 11
76200 12
76300 6
76400 3
76500 6
76600 3
76700 2
76800 6
76900 3
77000 3
77100 5
77200 4
77300 5
77400 11
77500 5
77600 1
77700 5
77800 0
77900 1
78000 0
78100 3
78200 2
78300 2
78400 1
78500 3
78600 8
78700 5
78800 2
78900 6
79000 4
79100 3
79200 3
79300 4
79400 1
79500 5
79600 6
79700 4
79800 2
79900 1
80000 0
80100 6
80200 0
80300 5
80400 3
80500 17
80600 39
80700 16
80800 4
80900 3
81000 1
81100 3
81200 2
81300 4
81400 4
81500 6
81600 5
81700 3
81800 2
81900 4
82000 4
82100 5
82200 0
82300 1
82400 4
82500 0
82600 3
82700 7
82800 1
82900 2
83000 5
83100 5
83200 2
83300 5
83400 7
83500 4
83600 4
83700 3
83800 4
83900 3
84000 3
84100 5
84200 4
84300 5
84400 5
84500 5
84600 2
84700 4
84800 6
84900 2
85000 2
85100 2
85200 4
85300 3
85400 3
85500 5
85600 7
85700 3
85800 4
85900 2
86000 4
86100 4
86200 5
86300 2
86400 3
86500 2
86600 3
86700 3
86800 3
86900 5
87000 2
87100 2
87200 6
87300 2
87400 5
87500 3
87600 1
87700 2
87800 1
87900 2
88000 6
88100 6
88200 3
88300 8
88400 6
88500 15
88600 114
88700 1280
88800 5277
88900 5976
89000 1881
89100 166
89200 10
89300 9
89400 10
89500 10
89600 1
89700 2
89800 2
89900 5
90000 3
90100 4
90200 4
90300 4
90400 7
90500 3
90600 4
90700 3
90800 3
90900 4
91000 3
91100 3
91200 5
91300 3
91400 3
91500 3
91600 3
91700 3
91800 2
91900 4
92000 5
92100 4
92200 1
92300 2
92400 0
92500 2
92600 3
92700 5
92800 1
92900 3
93000 2
93100 1
93200 4
93300 2
93400 2
93500 6
93600 7
93700 28
93800 32
93900 8
94000 5
94100 5
94200 3
94300 2
94400 2
94500 4
94600 6
94700 6
94800 2
94900 1
95000 3
95100 2
95200 1
95300 2
95400 1
95500 1
95600 3
95700 3
95800 5
95900 3
96000 1
96100 2
96200 3
96300 5
96400 5
96500 5
96600 3
96700 3
96800 6
96900 4
97000 3
97100 2
97200 2
97300 3
97400 3
97500 2
97600 3
97700 1
97800 4
97900 2
98000 2
98100 3
98200 1
98300 2
98400 4
98500 3
98600 11
98700 8
98800 2
98900 4
99000 7
99100 5
99200 4
99300 6
99400 3
99500 1
99600 3
99700 2
99800 4
99900 3
100000 3
100100 3
100200 5
100300 2
100400 3
100500 4
100600 6
100700 1
100800 2
100900 0
101000 3
101100 3
101200 5
101300 4
101400 2
101500 8
101600 12
101700 40
101800 384
101900 3082
102000 6583
102100 3940
102200 607
102300 45
102400 13
102500 12
102600 6
102700 5
102800 4
102900 5
103000 4
103100 3
103200 5
103300 4
103400 4
103500 1
103600 4
103700 2
103800 5
103900 3
104000 3
104100 3
104200 6
104300 0
104400 7
104500 6
104600 3
104700 2
104800 3
104900 2
105000 2
105100 4
105200 3
105300 1
105400 3
105500 2
105600 1
105700 5
105800 4
105900 4
106000 5
106100 1
106200 6
106300 4
106400 5
106500 2
106600 3
106700 6
106800 13
106900 37
107000 29
107100 6
107200 1
107300 4
107400 1
107500 3
107600 8
107700 4
107800 6
107900 1
108000 3
108100 3
108200 3
108300 3
108400 4
108500 5
108600 2
108700 4
108800 4
108900 4
109000 6
109100 6
109200 5
109300 3
109400 2
109500 5
109600 6
109700 6
109800 3
109900 2
110000 1
110100 8
110200 7
110300 1
110400 6
110500 2
110600 4
110700 2
110800 3
110900 1
111000 2
111100 5
111200 5
111300 1
111400 3
111500 1
111600 1
111700 4
111800 7
111900 1
112000 2
112100 4
112200 2
112300 3
112400 3
112500 0
112600 6
112700 5
112800 1
112900 3
113000 5
113100 3
113200 3
113300 3
113400 1
113500 5
113600 5
113700 1
113800 2
113900 4
114000 1
114100 0
114200 4
114300 2
114400 3
114500 4
114600 4
114700 13
114800 18
114900 164
115000 1760
115100 5880
115200 5258
115300 1407
115400 120
115500 18
115600 7
115700 9
115800 5
115900 3
116000 4
116100 5
116200 2
116300 2
116400 3
116500 4
116600 7
116700 6
116800 5
116900 5
117000 3
117100 3
117200 5
117300 0
117400 2
117500 2
117600 1
117700 7
117800 7
117900 6
118000 5
118100 4
118200 3
118300 3
118400 5
118500 1
118600 1
118700 7
118800 3
118900 1
119000 4
119100 3
119200 2
119300 5
119400 2
119500 1
119600 2
119700 4
119800 6
119900 7
120000 33
120100 28
120200 9
120300 3
120400 3
120500 6
120600 3
120700 2
120800 1
120900 1
121000 3
121100 1
121200 5
121300 5
121400 3
121500 0
121600 4
121700 3
121800 3
121900 3
122000 2
122100 4
122200 5
122300 2
122400 0
122500 3
122600 3
122700 4
122800 3
122900 1
123000 0
123100 7
123200 3
123300 3
123400 3
123500 1
123600 5
123700 3
123800 2
123900 2
124000 4
124100 3
124200 4
124300 3
124400 2
124500 6
124600 4
124700 1
124800 3
124900 7
125000 1
125100 6
125200 5
125300 4
125400 7
125500 5
125600 1
125700 5
125800 0
125900 6
126000 8
126100 5
126200 2
126300 6
126400 3
126500 4
126600 3
126700 6
126800 2
126900 5
127000 9
127100 2
127200 3
127300 4
127400 6
127500 2
127600 5
127700 5
127800 6
127900 9
128000 96
128100 893
128200 4652
128300 6457
128400 2348
128500 289
128600 23
128700 6
128800 10
128900 3
129000 1
129100 4
129200 3
129300 4
129400 1
129500 3
129600 2
129700 4
129800 5
129900 6
130000 6
130100 2
130200 6
130300 7
130400 4
130500 4
130600 2
130700 4
130800 3
130900 3
131000 3
131100 1
131200 1
131300 2
131400 8
131500 2
131600 6
131700 3
131800 3
131900 3
132000 3
132100 3
132200 2
132300 2
132400 1
132500 2
132600 2
132700 4
132800 3
132900 2
133000 4
133100 23
133200 29
133300 11
133400 1
133500 2
133600 2
133700 3
133800 2
133900 1
134000 2
134100 4
134200 4
134300 3
134400 5
134500 4
134600 2
134700 1
134800 3
134900 5
135000 3
135100 2
135200 1
135300 5
135400 1
135500 2
135600 6
135700 1
135800 4
135900 4
136000 4
136100 1
136200 4
136300 0
136400 3
136500 3
136600 6
136700 2
136800 1
136900 3
137000 4
137100 5
137200 9
137300 2
137400 2
137500 4
137600 6
137700 1
137800 5
137900 1
138000 3
138100 3
138200 0
138300 6
138400 2
138500 3
138600 6
138700 2
138800 3
138900 8
139000 0
139100 4
139200 2
139300 2
139400 1
139500 3
139600 2
139700 4
139800 5
139900 5
140000 6
140100 2
140200 1
140300 7
140400 6
140500 5
140600 5
140700 2
140800 5
140900 6
141000 6
141100 25
141200 382
141300 2969
141400 6422
141500 4088
141600 717
141700 70
141800 12
141900 9
142000 8
142100 3
142200 5
142300 2
142400 1
142500 4
142600 4
142700 2
142800 2
142900 5
143000 6
143100 7
143200 2
143300 3
143400 3
143500 3
143600 3
143700 3
143800 3
143900 3
144000 3
144100 5
144200 5
144300 4
144400 1
144500 1
144600 2
144700 3
144800 3
144900 5
145000 2
145100 3
145200 4
145300 5
145400 4
145500 3
145600 2
145700 4
145800 2
145900 4
146000 3
146100 10
146200 11
146300 34
146400 9
146500 8
146600 7
146700 5
146800 1
146900 4
147000 1
147100 4
147200 4
147300 2
147400 3
147500 2
147600 2
147700 1
147800 2
147900 6
148000 4
148100 3
148200 1
148300 3
148400 5
148500 5
148600 2
148700 5
148800 4
148900 6
149000 2
149100 4
149200 1
149300 2
149400 4
149500 3
149600 3
149700 6
149800 1
149900 4
150000 3
150100 1
150200 4
150300 1
150400 6
150500 5
150600 4
150700 4
150800 6
150900 2
151000 5
151100 6
151200 2
151300 2
151400 0
151500 4
151600 2
151700 5
151800 3
151900 7
152000 3
152100 3
152200 0
152300 4
152400 3
152500 0
152600 3
152700 5
152800 2
152900 7
153000 2
153100 5
153200 5
153300 3
153400 3
153500 1
153600 5
153700 4
153800 7
153900 6
154000 7
154100 9
154200 21
154300 145
154400 1480
154500 5522
154600 5731
154700 1642
154800 148
154900 20
155000 9
155100 7
155200 4
155300 3
155400 4
155500 3
155600 4
155700 4
155800 4
155900 5
156000 4
156100 5
156200 7
156300 6
156400 3
156500 0
156600 3
156700 3
156800 0
156900 5
157000 3
157100 4
157200 2
157300 2
157400 0
157500 2
157600 5
157700 4
157800 4
157900 4
158000 1
158100 0
158200 4
158300 4
158400 6
158500 2
158600 4
158700 2
158800 2
158900 4
159000 3
159100 6
159200 6
159300 8
159400 26
159500 24
159600 13
159700 5
159800 3
159900 1
160000 6
160100 3
160200 1
160300 4
160400 3
160500 1
160600 1
160700 1
160800 3
160900 1
161000 3
161100 2
161200 2
161300 6
161400 2
161500 4
161600 4
161700 5
161800 3
161900 0
162000 3
162100 2
162200 3
162300 3
162400 3
162500 4
162600 4
162700 2
162800 2
162900 7
163000 1
163100 5
163200 1
163300 4
163400 4
163500 1
163600 2
163700 2
163800 6
163900 7
164000 4
164100 4
164200 4
164300 2
164400 6
164500 1
164600 3
164700 7
164800 2
164900 0
165000 4
165100 4
165200 2
165300 3
165400 6
165500 2
165600 3
165700 4
165800 5
165900 3
166000 6
166100 1
166200 7
166300 0
166400 3
166500 1
166600 7
166700 2
166800 5
166900 5
167000 3
167100 11
167200 7
167300 8
167400 51
167500 826
167600 4011
167700 6424
167800 2800
167900 379
168000 29
168100 7
168200 11
168300 8
168400 4
168500 2
168600 2
168700 1
168800 8
168900 2
169000 7
169100 4
169200 8
169300 4
169400 2
169500 2
169600 5
169700 3
169800 2
169900 1
170000 3
170100 5
170200 5
170300 4
170400 2
170500 1
170600 3
170700 2
170800 3
170900 6
171000 4
171100 2
171200 5
171300 4
171400 2
171500 2
171600 6
171700 1
171800 3
171900 3
172000 4
172100 2
172200 1
172300 3
172400 7
172500 25
172600 42
172700 13
172800 7
172900 4
173000 2
173100 2
173200 1
173300 4
173400 1
173500 3
173600 4
173700 4
173800 2
173900 2
174000 4
174100 3
174200 3
174300 1
174400 6
174500 0
174600 2
174700 5
174800 3
174900 3
175000 3
175100 2
175200 4
175300 1
175400 7
175500 1
175600 3
175700 3
175800 5
175900 5
176000 5
176100 5
176200 4
176300 8
176400 5
176500 1
176600 4
176700 3
176800 4
176900 5
177000 7
177100 3
177200 4
177300 4
177400 1
177500 5
177600 1
177700 5
177800 3
177900 1
178000 4
178100 2
178200 6
178300 0
178400 4
178500 4
178600 0
178700 2
178800 3
178900 4
179000 3
179100 3
179200 5
179300 2
179400 3
179500 6
179600 2
179700 3
179800 2
179900 0
180000 5
180100 2
180200 1
180300 4
180400 10
180500 35
180600 372
180700 2639
180800 6338
180900 4397
181000 917
181100 72
181200 8
181300 9
181400 5
181500 4
181600 9
181700 1
181800 5
181900 4
182000 8
182100 7
182200 1
182300 7
182400 18
182500 14
182600 6
182700 4
182800 2
182900 2
183000 2
183100 2
183200 4
183300 5
183400 3
183500 2
183600 3
183700 6
183800 1
183900 0
184000 2
184100 2
184200 3
184300 1
184400 2
184500 1
184600 2
184700 5
184800 2
184900 7
185000 4
185100 5
185200 4
185300 2
185400 3
185500 4
185600 12
185700 29
185800 16
185900 4
186000 2
186100 2
186200 5
186300 3
186400 7
186500 2
186600 3
186700 2
186800 1
186900 6
187000 5
187100 1
187200 2
187300 4
187400 2
187500 5
187600 3
187700 4
187800 2
187900 3
188000 2
188100 3
188200 2
188300 3
188400 6
188500 2
188600 3
188700 5
188800 3
188900 2
189000 5
189100 1
189200 3
189300 3
189400 6
189500 2
189600 4
189700 1
189800 2
189900 4
190000 3
190100 8
190200 2
190300 6
190400 1
190500 4
190600 4
190700 2
190800 4
190900 4
191000 0
191100 8
191200 3
191300 7
191400 6
191500 4
191600 4
191700 4
191800 2
191900 6
192000 3
192100 3
192200 5
192300 1
192400 3
192500 3
192600 3
192700 3
192800 6
192900 5
193000 2
193100 3
193200 1
193300 1
193400 4
193500 10
193600 16
193700 113
193800 1277
193900 5007
194000 6045
194100 2082
194200 223
194300 18
194400 7
194500 7
194600 7
194700 5
194800 1
194900 4
195000 3
195100 5
195200 3
195300 3
195400 8
195500 6
195600 6
195700 2
195800 1
195900 0
196000 5
196100 4
196200 4
196300 1
196400 2
196500 4
196600 1
196700 3
196800 8
196900 3
197000 6
197100 2
197200 4
197300 4
197400 1
197500 4
197600 3
197700 2
197800 5
197900 2
198000 3
198100 6
198200 8
198300 7
198400 3
198500 4
198600 5
198700 8
198800 28
198900 34
199000 13
199100 3
199200 4
199300 2
199400 5
199500 3
199600 2
199700 4
199800 4
199900 2
200000 2
200100 1
200200 4
200300 3
200400 2
200500 4
200600 7
200700 5
200800 4
200900 0
201000 2
201100 1
201200 2
201300 6
201400 4
201500 2
201600 2
201700 4
201800 2
201900 1
202000 8
202100 2
202200 5
202300 8
202400 3
202500 1
202600 1
202700 3
202800 5
202900 2
203000 3
203100 2
203200 5
203300 3
203400 3
203500 5
203600 3
203700 3
203800 2
203900 2
204000 0
204100 1
204200 1
204300 4
204400 5
204500 2
204600 3
204700 2
204800 5
204900 3
205000 3
205100 2
205200 1
205300 4
205400 8
205500 8
205600 6
205700 2
205800 1
205900 5
206000 3
206100 2
206200 0
206300 2
206400 5
206500 9
206600 7
206700 19
206800 58
206900 714
207000 3805
207100 6476
207200 3140
207300 423
207400 32
207500 11
207600 9
207700 8
207800 2
207900 8
208000 5
208100 2
208200 5
208300 5
208400 7
208500 6
208600 4
208700 7
208800 7
208900 4
209000 1
209100 5
209200 2
209300 4
209400 4
209500 5
209600 2
209700 2
209800 0
209900 4
210000 4
210100 5
210200 3
210300 4
210400 3
210500 6
210600 2
210700 5
210800 4
210900 3
211000 2
211100 5
211200 4
211300 6
211400 1
211500 0
211600 5
211700 3
211800 9
211900 33
212000 31
212100 14
212200 9
212300 3
212400 3
212500 3
212600 6
212700 2
212800 7
212900 3
213000 2
213100 3
213200 2
213300 6
213400 4
213500 3
213600 10
213700 2
213800 1
213900 5
214000 2
214100 3
214200 6
214300 5
214400 2
214500 4
214600 1
214700 3
214800 4
214900 6
215000 4
215100 4
215200 3
215300 4
215400 6
215500 3
215600 2
215700 6
215800 2
215900 2
216000 3
216100 4
216200 2
216300 5
216400 5
216500 5
216600 2
216700 5
216800 1
216900 6
217000 3
217100 5
217200 1
217300 1
217400 6
217500 0
217600 5
217700 3
217800 1
217900 2
218000 4
218100 3
218200 3
218300 3
218400 4
218500 4
218600 6
218700 2
218800 1
218900 2
219000 1
219100 2
219200 3
219300 3
219400 2
219500 2
219600 5
219700 4
219800 8
219900 25
220000 341
220100 2307
220200 6241
220300 4638
220400 1029
220500 95
220600 18
220700 9
220800 6
220900 8
221000 5
221100 3
221200 3
221300 4
221400 3
221500 4
221600 5
221700 3
221800 3
221900 6
222000 2
222100 4
222200 2
222300 3
222400 3
222500 1
222600 2
222700 6
222800 3
222900 8
223000 5
223100 4
223200 6
223300 3
223400 2
223500 3
223600 4
223700 3
223800 8
223900 2
224000 2
224100 7
224200 0
224300 6
224400 2
224500 7
224600 2
224700 2
224800 5
224900 8
225000 14
225100 29
225200 17
225300 15
225400 4
225500 4
225600 7
225700 2
225800 3
225900 3
226000 2
226100 6
226200 3
226300 2
226400 6
226500 3
226600 3
226700 7
226800 1
226900 7
227000 4
227100 2
227200 3
227300 3
227400 2
227500 4
227600 3
227700 2
227800 8
227900 4
228000 5
228100 4
228200 4
228300 4
228400 2
228500 1
228600 3
228700 3
228800 4
228900 4
229000 3
229100 4
229200 3
229300 4
229400 2
229500 4
229600 1
229700 6
229800 3
229900 3
230000 2
230100 4
230200 2
230300 1
230400 4
230500 6
230600 5
230700 2
230800 3
230900 3
231000 1
231100 3
231200 7
231300 0
231400 4
231500 8
231600 2
231700 8
231800 9
231900 3
232000 4
232100 4
232200 3
232300 2
232400 4
232500 4
232600 4
232700 11
232800 5
232900 12
233000 18
233100 173
233200 1736
233300 5374
233400 5440
233500 1660
233600 184
233700 12
233800 11
233900 7
234000 5
234100 7
234200 7
234300 5
234400 0
234500 2
234600 6
234700 2
234800 5
234900 6
235000 3
235100 2
235200 4
235300 1
235400 2
235500 4
235600 4
235700 1
235800 8
235900 3
236000 3
236100 3
236200 4
236300 3
236400 7
236500 7
236600 4
236700 2
236800 0
236900 5
237000 8
237100 1
237200 3
237300 1
237400 2
237500 5
237600 3
237700 2
237800 4
237900 5
238000 2
238100 10
238200 28
238300 29
238400 6
238500 2
238600 6
238700 5
238800 0
238900 6
239000 4
239100 3
239200 5
239300 2
239400 2
239500 3
239600 5
239700 2
239800 6
239900 5
240000 2
240100 3
240200 2
240300 2
240400 4
240500 3
240600 4
240700 4
240800 2
240900 1
241000 1
241100 3
241200 4
241300 3
241400 3
241500 4
241600 2
241700 2
241800 3
241900 6
242000 1
242100 2
242200 3
242300 5
242400 4
242500 1
242600 2
242700 5
242800 3
242900 2
243000 5
243100 3
243200 4
243300 5
243400 4
243500 2
243600 5
243700 2
243800 1
243900 3
244000 6
244100 2
244200 4
244300 2
244400 3
244500 2
244600 5
244700 1
244800 5
244900 9
245000 9
245100 4
245200 2
245300 5
245400 4
245500 2
245600 5
245700 3
245800 6
245900 4
246000 11
246100 13
246200 89
246300 722
246400 3830
246500 6374
246600 3127
246700 502
246800 39
246900 5
247000 9
247100 9
247200 4
247300 3
247400 4
247500 0
247600 2
247700 5
247800 1
247900 3
248000 5
248100 8
248200 3
248300 2
248400 4
248500 4
248600 2
248700 3
248800 2
248900 2
249000 5
249100 6
249200 7
249300 5
249400 3
249500 3
249600 4
249700 2
249800 4
249900 3
250000 3
250100 2
250200 2
250300 5
250400 3
250500 1
250600 4
250700 1
250800 2
250900 3
251000 3
251100 4
251200 5
251300 18
251400 37
251500 20
251600 6
251700 2
251800 2
251900 3
252000 3
252100 1
252200 4
252300 5
252400 6
252500 1
252600 1
252700 0
252800 2
252900 5
253000 4
253100 0
253200 0
253300 0
253400 3
253500 2
253600 1
253700 2
253800 7
253900 1
254000 1
254100 1
254200 5
254300 5
254400 5
254500 0
254600 3
254700 10
254800 4
254900 5
255000 5
255100 2
255200 3
255300 3
255400 5
255500 2
255600 3
255700 4
255800 4
255900 3
256000 4
256100 4
256200 1
256300 2
256400 5
256500 4
256600 4
256700 6
256800 2
256900 1
257000 2
257100 3
257200 3
257300 0
257400 3
257500 4
257600 1
257700 2
257800 1
257900 1
258000 5
258100 10
258200 3
258300 1
258400 3
258500 2
258600 0
258700 4
258800 4
258900 3
259000 7
259100 9
259200 10
259300 24
259400 330
259500 2401
259600 6097
259700 4846
259800 999
259900 81
260000 7
260100 11
260200 5
260300 0
260400 4
260500 5
260600 4
260700 3
260800 4
260900 2
261000 5
261100 5
261200 0
261300 5
261400 5
261500 5
261600 4
261700 1
261800 0
261900 3
262000 3
262100 4
262200 9
262300 8
262400 4
262500 5
262600 2
262700 2
262800 3
262900 0
263000 5
263100 2
263200 4
263300 3
263400 2
263500 5
263600 5
263700 4
263800 5
263900 3
264000 3
264100 4
264200 6
264300 2
264400 13
264500 30
264600 15
264700 7
264800 2
264900 5
265000 2
265100 6
265200 4
265300 4
265400 2
265500 1
265600 2
265700 1
265800 3
265900 1
266000 5
266100 4
266200 1
266300 4
266400 5
266500 3
266600 8
266700 4
266800 2
266900 1
267000 4
267100 2
267200 2
267300 2
267400 4
267500 2
267600 8
267700 1
267800 1
267900 1
268000 4
268100 1
268200 3
268300 3
268400 2
268500 8
268600 4
268700 7
268800 4
268900 4
269000 4
269100 4
269200 4
269300 3
269400 3
269500 0
269600 1
269700 3
269800 4
269900 1
270000 2
270100 3
270200 5
270300 1
270400 4
270500 2
270600 6
270700 3
270800 2
270900 1
271000 1
271100 4
271200 0
271300 3
271400 3
271500 1
271600 6
271700 4
271800 3
271900 5
272000 6
272100 7
272200 6
272300 13
272400 24
272500 129
272600 1490
272700 5252
272800 5739
272900 1844
273000 227
273100 21
273200 9
273300 8
273400 2
273500 3
273600 2
273700 2
273800 5
273900 2
274000 3
274100 4
274200 6
274300 7
274400 6
274500 4
274600 4
274700 4
274800 5
274900 0
275000 1
275100 1
275200 3
275300 3
275400 2
275500 0
275600 5
275700 6
275800 2
275900 4
276000 2
276100 2
276200 7
276300 1
276400 1
276500 3
276600 4
276700 7
276800 3
276900 6
277000 5
277100 3
277200 2
277300 5
277400 9
277500 9
277600 19
277700 24
277800 11
277900 4
278000 5
278100 3
278200 2
278300 2
278400 3
278500 3
278600 2
278700 2
278800 0
278900 3
279000 2
279100 2
279200 3
279300 3
279400 2
279500 2
279600 1
279700 3
279800 5
279900 4
280000 2
280100 5
280200 3
280300 5
280400 5
280500 5
280600 2
280700 3
280800 1
280900 5
281000 1
281100 5
281200 3
281300 3
281400 1
281500 2
281600 1
281700 7
281800 4
281900 6
282000 3
282100 4
282200 4
282300 1
282400 6
282500 3
282600 5
282700 2
282800 4
282900 4
283000 3
283100 3
283200 4
283300 2
283400 3
283500 6
283600 1
283700 3
283800 2
283900 4
284000 3
284100 3
284200 6
284300 4
284400 2
284500 3
284600 4
284700 7
284800 4
284900 3
285000 0
285100 0
285200 6
285300 6
285400 6
285500 14
285600 55
285700 751
285800 3678
285900 6302
286000 3218
286100 525
286200 37
286300 7
286400 6
286500 4
286600 4
286700 1
286800 4
286900 2
287000 5
287100 5
287200 1
287300 2
287400 1
287500 5
287600 5
287700 0
287800 2
287900 6
288000 2
288100 2
288200 5
288300 3
288400 3
288500 0
288600 0
288700 2
288800 4
288900 7
289000 1
289100 6
289200 2
289300 4
289400 5
289500 6
289600 4
289700 1
289800 6
289900 1
290000 2
290100 6
290200 3
290300 2
290400 3
290500 0
290600 7
290700 22
290800 19
290900 20
291000 7
291100 3
291200 3
291300 4
291400 6
291500 3
291600 5
291700 4
291800 1
291900 1
292000 2
292100 5
292200 5
292300 3
292400 1
292500 4
292600 2
292700 3
292800 2
292900 1
293000 1
293100 2
293200 5
293300 0
293400 2
293500 4
293600 2
293700 3
293800 1
293900 4
294000 0
294100 3
294200 5
294300 8
294400 2
294500 4
294600 5
294700 1
294800 4
294900 6
295000 5
295100 5
295200 1
295300 3
295400 5
295500 4
295600 2
295700 3
295800 3
295900 3
296000 6
296100 1
296200 5
296300 6
296400 3
296500 3
296600 1
296700 2
296800 4
296900 5
297000 1
297100 1
297200 3
297300 1
297400 5
297500 2
297600 4
297700 4
297800 2
297900 5
298000 4
298100 2
298200 2
298300 4
298400 7
298500 7
298600 8
298700 21
298800 291
298900 2289
299000 5814
299100 4836
299200 1202
299300 117
299400 10
299500 8
299600 7
299700 6
299800 3
299900 2
300000 2
300100 8
300200 1
300300 5
300400 4
300500 4
300600 4
300700 4
300800 4
300900 4
301000 4
301100 2
301200 3
301300 3
301400 0
301500 2
301600 4
301700 0
301800 2
301900 7
302000 4
302100 1
302200 5
302300 5
302400 5
302500 3
302600 4
302700 4
302800 1
302900 3
303000 3
303100 3
303200 3
303300 0
303400 5
303500 2
303600 5
303700 5
303800 19
303900 20
304000 21
304100 11
304200 3
304300 3
304400 4
304500 7
304600 4
304700 2
304800 4
304900 1
305000 1
305100 4
305200 3
305300 0
305400 3
305500 5
305600 5
305700 5
305800 2
305900 5
306000 10
306100 6
306200 0
306300 4
306400 5
306500 5
306600 1
306700 1
306800 6
306900 2
307000 3
307100 1
307200 3
307300 3
307400 7
307500 7
307600 2
307700 3
307800 2
307900 6
308000 8
308100 2
308200 3
308300 1
308400 2
308500 6
308600 3
308700 0
308800 1
308900 1
309000 4
309100 2
309200 5
309300 5
309400 6
309500 3
309600 3
309700 3
309800 0
309900 4
