-290000 7
-289900 1
-289800 3
-289700 6
-289600 3
-289500 3
-289400 2
-289300 1
-289200 4
-289100 3
-289000 7
-288900 1
-288800 1
-288700 1
-288600 1
-288500 3
-288400 2
-288300 2
-288200 2
-288100 0
-288000 2
-287900 2
-287800 6
-287700 4
-287600 1
-287500 1
-287400 1
-287300 9
-287200 20
-287100 15
-287000 10
-286900 5
-286800 4
-286700 4
-286600 3
-286500 0
-286400 2
-286300 3
-286200 1
-286100 2
-286000 4
-285900 3
-285800 3
-285700 3
-285600 3
-285500 0
-285400 2
-285300 3
-285200 1
-285100 2
-285000 3
-284900 3
-284800 2
-284700 4
-284600 1
-284500 4
-284400 2
-284300 4
-284200 5
-284100 2
-284000 3
-283900 2
-283800 2
-283700 4
-283600 4
-283500 4
-283400 2
-283300 2
-283200 6
-283100 2
-283000 3
-282900 3
-282800 1
-282700 4
-282600 2
-282500 4
-282400 3
-282300 2
-282200 0
-282100 3
-282000 3
-281900 2
-281800 0
-281700 4
-281600 2
-281500 3
-281400 4
-281300 2
-281200 1
-281100 1
-281000 1
-280900 1
-280800 1
-280700 3
-280600 2
-280500 2
-280400 3
-280300 3
-280200 8
-280100 1
-280000 2
-279900 2
-279800 2
-279700 2
-279600 2
-279500 5
-279400 2
-279300 4
-279200 38
-279100 389
-279000 2062
-278900 3558
-278800 1900
-278700 314
-278600 22
-278500 7
-278400 4
-278300 9
-278200 4
-278100 6
-278000 4
-277900 2
-277800 0
-277700 1
-277600 1
-277500 2
-277400 3
-277300 6
-277200 7
-277100 2
-277000 0
-276900 3
-276800 2
-276700 6
-276600 2
-276500 1
-276400 4
-276300 3
-276200 1
-276100 2
-276000 5
-275900 1
-275800 2
-275700 2
-275600 1
-275500 4
-275400 3
-275300 2
-275200 1
-275100 1
-275000 5
-274900 2
-274800 2
-274700 1
-274600 4
-274500 1
-274400 1
-274300 2
-274200 5
-274100 8
-274000 13
-273900 11
-273800 4
-273700 3
-273600 5
-273500 2
-273400 4
-273300 4
-273200 0
-273100 5
-273000 3
-272900 0
-272800 3
-272700 3
-272600 5
-272500 1
-272400 2
-272300 0
-272200 1
-272100 2
-272000 1
-271900 0
-271800 1
-271700 3
-271600 6
-271500 6
-271400 5
-271300 2
-271200 4
-271100 4
-271000 4
-270900 3
-270800 5
-270700 4
-270600 2
-270500 1
-270400 2
-270300 2
-270200 2
-270100 3
-270000 1
-269900 1
-269800 2
-269700 1
-269600 3
-269500 1
-269400 0
-269300 5
-269200 2
-269100 2
-269000 2
-268900 2
-268800 4
-268700 1
-268600 2
-268500 2
-268400 0
-268300 3
-268200 3
-268100 3
-268000 1
-267900 3
-267800 2
-267700 3
-267600 0
-267500 2
-267400 3
-267300 3
-267200 4
-267100 6
-267000 0
-266900 3
-266800 1
-266700 3
-266600 1
-266500 0
-266400 2
-266300 4
-266200 8
-266100 12
-266000 194
-265900 1329
-265800 3436
-265700 2612
-265600 613
-265500 64
-265400 3
-265300 3
-265200 4
-265100 6
-265000 3
-264900 0
-264800 1
-264700 2
-264600 4
-264500 3
-264400 1
-264300 3
-264200 3
-264100 4
-264000 0
-263900 1
-263800 6
-263700 3
-263600 2
-263500 1
-263400 3
-263300 6
-263200 3
-263100 1
-263000 3
-262900 1
-262800 2
-262700 0
-262600 2
-262500 5
-262400 1
-262300 1
-262200 2
-262100 2
-262000 4
-261900 4
-261800 3
-261700 2
-261600 2
-261500 2
-261400 2
-261300 3
-261200 4
-261100 5
-261000 15
-260900 18
-260800 16
-260700 2
-260600 3
-260500 2
-260400 3
-260300 1
-260200 3
-260100 1
-260000 2
-259900 1
-259800 3
-259700 3
-259600 2
-259500 3
-259400 2
-259300 1
-259200 2
-259100 1
-259000 3
-258900 5
-258800 4
-258700 2
-258600 3
-258500 3
-258400 2
-258300 3
-258200 6
-258100 0
-258000 2
-257900 5
-257800 4
-257700 4
-257600 2
-257500 3
-257400 3
-257300 2
-257200 1
-257100 2
-257000 2
-256900 4
-256800 1
-256700 5
-256600 3
-256500 1
-256400 3
-256300 1
-256200 2
-256100 3
-256000 3
-255900 1
-255800 3
-255700 2
-255600 0
-255500 2
-255400 6
-255300 2
-255200 1
-255100 3
-255000 2
-254900 4
-254800 0
-254700 2
-254600 4
-254500 0
-254400 1
-254300 6
-254200 5
-254100 3
-254000 1
-253900 2
-253800 4
-253700 0
-253600 2
-253500 2
-253400 0
-253300 1
-253200 1
-253100 8
-253000 15
-252900 82
-252800 795
-252700 2987
-252600 3292
-252500 1090
-252400 113
-252300 11
-252200 4
-252100 3
-252000 3
-251900 1
-251800 0
-251700 3
-251600 7
-251500 4
-251400 2
-251300 2
-251200 4
-251100 2
-251000 4
-250900 5
-250800 2
-250700 1
-250600 1
-250500 1
-250400 3
-250300 3
-250200 2
-250100 3
-250000 2
-249900 2
-249800 4
-249700 1
-249600 1
-249500 5
-249400 3
-249300 2
-249200 1
-249100 1
-249000 2
-248900 5
-248800 1
-248700 0
-248600 2
-248500 4
-248400 2
-248300 3
-248200 5
-248100 5
-248000 5
-247900 9
-247800 18
-247700 10
-247600 4
-247500 3
-247400 4
-247300 2
-247200 4
-247100 2
-247000 0
-246900 5
-246800 2
-246700 2
-246600 2
-246500 2
-246400 3
-246300 2
-246200 1
-246100 1
-246000 0
-245900 0
-245800 3
-245700 3
-245600 3
-245500 4
-245400 3
-245300 3
-245200 8
-245100 2
-245000 1
-244900 2
-244800 5
-244700 2
-244600 2
-244500 2
-244400 5
-244300 1
-244200 2
-244100 1
-244000 1
-243900 0
-243800 1
-243700 2
-243600 3
-243500 1
-243400 5
-243300 5
-243200 3
-243100 5
-243000 0
-242900 2
-242800 2
-242700 5
-242600 5
-242500 2
-242400 2
-242300 1
-242200 5
-242100 2
-242000 2
-241900 1
-241800 4
-241700 3
-241600 2
-241500 4
-241400 0
-241300 1
-241200 3
-241100 1
-241000 2
-240900 5
-240800 1
-240700 2
-240600 1
-240500 1
-240400 3
-240300 2
-240200 6
-240100 1
-240000 3
-239900 6
-239800 23
-239700 304
-239600 2012
-239500 3638
-239400 1959
-239300 335
-239200 28
-239100 6
-239000 3
-238900 2
-238800 1
-238700 3
-238600 2
-238500 4
-238400 2
-238300 3
-238200 3
-238100 2
-238000 2
-237900 1
-237800 0
-237700 6
-237600 1
-237500 3
-237400 4
-237300 3
-237200 3
-237100 2
-237000 4
-236900 0
-236800 2
-236700 0
-236600 3
-236500 2
-236400 3
-236300 3
-236200 2
-236100 1
-236000 5
-235900 0
-235800 4
-235700 3
-235600 3
-235500 2
-235400 3
-235300 2
-235200 2
-235100 2
-235000 2
-234900 5
-234800 2
-234700 16
-234600 24
-234500 6
-234400 2
-234300 1
-234200 3
-234100 3
-234000 2
-233900 2
-233800 2
-233700 1
-233600 2
-233500 1
-233400 1
-233300 4
-233200 0
-233100 4
-233000 3
-232900 5
-232800 2
-232700 5
-232600 0
-232500 3
-232400 2
-232300 3
-232200 2
-232100 6
-232000 4
-231900 0
-231800 5
-231700 2
-231600 6
-231500 3
-231400 2
-231300 3
-231200 4
-231100 4
-231000 1
-230900 4
-230800 0
-230700 4
-230600 3
-230500 1
-230400 1
-230300 1
-230200 7
-230100 3
-230000 1
-229900 0
-229800 4
-229700 1
-229600 1
-229500 4
-229400 2
-229300 2
-229200 3
-229100 5
-229000 1
-228900 4
-228800 5
-228700 2
-228600 0
-228500 1
-228400 2
-228300 4
-228200 2
-228100 7
-228000 3
-227900 7
-227800 3
-227700 3
-227600 2
-227500 3
-227400 3
-227300 3
-227200 3
-227100 2
-227000 2
-226900 1
-226800 2
-226700 12
-226600 130
-226500 1089
-226400 3372
-226300 2841
-226200 728
-226100 71
-226000 7
-225900 7
-225800 2
-225700 2
-225600 2
-225500 2
-225400 2
-225300 1
-225200 4
-225100 4
-225000 1
-224900 3
-224800 4
-224700 0
-224600 3
-224500 2
-224400 1
-224300 5
-224200 0
-224100 4
-224000 2
-223900 1
-223800 3
-223700 7
-223600 1
-223500 3
-223400 3
-223300 2
-223200 3
-223100 2
-223000 8
-222900 6
-222800 2
-222700 0
-222600 4
-222500 6
-222400 1
-222300 2
-222200 3
-222100 0
-222000 2
-221900 3
-221800 2
-221700 6
-221600 18
-221500 21
-221400 10
-221300 4
-221200 1
-221100 5
-221000 5
-220900 3
-220800 1
-220700 4
-220600 5
-220500 0
-220400 1
-220300 5
-220200 2
-220100 2
-220000 4
-219900 0
-219800 2
-219700 3
-219600 5
-219500 0
-219400 4
-219300 2
-219200 4
-219100 0
-219000 0
-218900 0
-218800 4
-218700 2
-218600 1
-218500 2
-218400 3
-218300 2
-218200 1
-218100 2
-218000 1
-217900 1
-217800 0
-217700 1
-217600 4
-217500 2
-217400 2
-217300 0
-217200 1
-217100 3
-217000 5
-216900 1
-216800 3
-216700 3
-216600 2
-216500 4
-216400 1
-216300 3
-216200 1
-216100 2
-216000 2
-215900 3
-215800 2
-215700 3
-215600 2
-215500 2
-215400 3
-215300 0
-215200 4
-215100 3
-215000 2
-214900 0
-214800 3
-214700 3
-214600 2
-214500 2
-214400 5
-214300 2
-214200 5
-214100 4
-214000 2
-213900 0
-213800 6
-213700 4
-213600 3
-213500 76
-213400 789
-213300 2916
-213200 3353
-213100 1127
-213000 119
-212900 11
-212800 7
-212700 3
-212600 4
-212500 3
-212400 4
-212300 1
-212200 3
-212100 3
-212000 0
-211900 3
-211800 3
-211700 5
-211600 2
-211500 7
-211400 3
-211300 0
-211200 5
-211100 2
-211000 3
-210900 8
-210800 3
-210700 4
-210600 3
-210500 2
-210400 2
-210300 2
-210200 5
-210100 0
-210000 3
-209900 3
-209800 2
-209700 4
-209600 4
-209500 0
-209400 4
-209300 2
-209200 3
-209100 3
-209000 3
-208900 4
-208800 2
-208700 0
-208600 3
-208500 2
-208400 10
-208300 15
-208200 10
-208100 6
-208000 1
-207900 3
-207800 2
-207700 3
-207600 2
-207500 3
-207400 0
-207300 3
-207200 5
-207100 2
-207000 5
-206900 1
-206800 1
-206700 3
-206600 8
-206500 2
-206400 1
-206300 3
-206200 4
-206100 4
-206000 1
-205900 2
-205800 2
-205700 3
-205600 4
-205500 0
-205400 3
-205300 5
-205200 2
-205100 2
-205000 1
-204900 2
-204800 0
-204700 2
-204600 1
-204500 3
-204400 2
-204300 5
-204200 1
-204100 0
-204000 1
-203900 5
-203800 3
-203700 6
-203600 6
-203500 5
-203400 5
-203300 6
-203200 1
-203100 2
-203000 3
-202900 3
-202800 4
-202700 4
-202600 2
-202500 1
-202400 3
-202300 1
-202200 2
-202100 1
-202000 4
-201900 3
-201800 0
-201700 4
-201600 2
-201500 2
-201400 0
-201300 3
-201200 1
-201100 3
-201000 1
-200900 1
-200800 3
-200700 3
-200600 7
-200500 7
-200400 33
-200300 459
-200200 2309
-200100 3557
-200000 1622
-199900 225
-199800 18
-199700 7
-199600 6
-199500 2
-199400 2
-199300 3
-199200 4
-199100 5
-199000 2
-198900 0
-198800 3
-198700 2
-198600 7
-198500 6
-198400 1
-198300 5
-198200 3
-198100 0
-198000 1
-197900 2
-197800 6
-197700 2
-197600 3
-197500 2
-197400 2
-197300 2
-197200 2
-197100 3
-197000 3
-196900 3
-196800 4
-196700 0
-196600 1
-196500 2
-196400 3
-196300 3
-196200 0
-196100 3
-196000 1
-195900 1
-195800 4
-195700 4
-195600 2
-195500 2
-195400 4
-195300 10
-195200 19
-195100 7
-195000 2
-194900 1
-194800 1
-194700 3
-194600 3
-194500 0
-194400 1
-194300 4
-194200 3
-194100 6
-194000 0
-193900 5
-193800 0
-193700 4
-193600 4
-193500 3
-193400 1
-193300 1
-193200 2
-193100 1
-193000 3
-192900 2
-192800 1
-192700 6
-192600 4
-192500 0
-192400 2
-192300 5
-192200 3
-192100 2
-192000 1
-191900 5
-191800 2
-191700 1
-191600 4
-191500 0
-191400 2
-191300 4
-191200 3
-191100 2
-191000 4
-190900 0
-190800 3
-190700 1
-190600 3
-190500 2
-190400 2
-190300 2
-190200 3
-190100 2
-190000 2
-189900 2
-189800 2
-189700 4
-189600 2
-189500 4
-189400 3
-189300 4
-189200 4
-189100 4
-189000 3
-188900 2
-188800 4
-188700 2
-188600 1
-188500 1
-188400 5
-188300 0
-188200 10
-188100 1
-188000 0
-187900 4
-187800 5
-187700 2
-187600 2
-187500 5
-187400 4
-187300 15
-187200 154
-187100 1329
-187000 3538
-186900 2767
-186800 599
-186700 63
-186600 8
-186500 4
-186400 3
-186300 5
-186200 4
-186100 5
-186000 5
-185900 1
-185800 2
-185700 2
-185600 1
-185500 5
-185400 3
-185300 1
-185200 6
-185100 1
-185000 2
-184900 1
-184800 3
-184700 2
-184600 2
-184500 2
-184400 2
-184300 5
-184200 1
-184100 5
-184000 0
-183900 0
-183800 3
-183700 1
-183600 1
-183500 4
-183400 3
-183300 2
-183200 0
-183100 2
-183000 2
-182900 1
-182800 2
-182700 2
-182600 1
-182500 3
-182400 4
-182300 3
-182200 8
-182100 23
-182000 10
-181900 5
-181800 4
-181700 0
-181600 3
-181500 1
-181400 1
-181300 4
-181200 4
-181100 3
-181000 4
-180900 5
-180800 3
-180700 2
-180600 2
-180500 3
-180400 3
-180300 2
-180200 4
-180100 3
-180000 2
-179900 1
-179800 4
-179700 3
-179600 3
-179500 3
-179400 2
-179300 3
-179200 1
-179100 4
-179000 1
-178900 2
-178800 1
-178700 3
-178600 4
-178500 2
-178400 1
-178300 3
-178200 3
-178100 3
-178000 3
-177900 0
-177800 3
-177700 0
-177600 2
-177500 0
-177400 2
-177300 1
-177200 1
-177100 3
-177000 1
-176900 3
-176800 4
-176700 1
-176600 3
-176500 3
-176400 4
-176300 2
-176200 4
-176100 5
-176000 4
-175900 5
-175800 0
-175700 2
-175600 3
-175500 4
-175400 3
-175300 3
-175200 3
-175100 0
-175000 4
-174900 2
-174800 2
-174700 4
-174600 3
-174500 3
-174400 4
-174300 8
-174200 5
-174100 53
-174000 645
-173900 2720
-173800 3463
-173700 1206
-173600 141
-173500 9
-173400 2
-173300 6
-173200 5
-173100 4
-173000 3
-172900 1
-172800 2
-172700 4
-172600 3
-172500 2
-172400 4
-172300 2
-172200 4
-172100 2
-172000 4
-171900 2
-171800 3
-171700 4
-171600 4
-171500 1
-171400 3
-171300 2
-171200 5
-171100 0
-171000 0
-170900 4
-170800 0
-170700 5
-170600 2
-170500 0
-170400 2
-170300 3
-170200 4
-170100 3
-170000 4
-169900 2
-169800 3
-169700 3
-169600 1
-169500 2
-169400 3
-169300 4
-169200 2
-169100 8
-169000 13
-168900 10
-168800 6
-168700 1
-168600 5
-168500 1
-168400 5
-168300 2
-168200 3
-168100 3
-168000 2
-167900 0
-167800 4
-167700 3
-167600 2
-167500 2
-167400 3
-167300 3
-167200 8
-167100 1
-167000 4
-166900 0
-166800 4
-166700 1
-166600 3
-166500 2
-166400 5
-166300 4
-166200 2
-166100 2
-166000 1
-165900 4
-165800 5
-165700 3
-165600 1
-165500 7
-165400 4
-165300 4
-165200 0
-165100 4
-165000 2
-164900 3
-164800 3
-164700 2
-164600 2
-164500 2
-164400 3
-164300 3
-164200 2
-164100 3
-164000 2
-163900 1
-163800 1
-163700 9
-163600 4
-163500 2
-163400 2
-163300 1
-163200 5
-163100 2
-163000 3
-162900 3
-162800 4
-162700 2
-162600 4
-162500 6
-162400 5
-162300 16
-162200 7
-162100 8
-162000 2
-161900 0
-161800 2
-161700 1
-161600 4
-161500 3
-161400 3
-161300 5
-161200 2
-161100 8
-161000 19
-160900 288
-160800 1982
-160700 3657
-160600 2076
-160500 309
-160400 21
-160300 6
-160200 9
-160100 7
-160000 5
-159900 4
-159800 0
-159700 2
-159600 2
-159500 1
-159400 4
-159300 0
-159200 4
-159100 5
-159000 3
-158900 2
-158800 1
-158700 0
-158600 1
-158500 1
-158400 0
-158300 0
-158200 1
-158100 0
-158000 2
-157900 0
-157800 1
-157700 3
-157600 3
-157500 1
-157400 1
-157300 0
-157200 3
-157100 2
-157000 3
-156900 1
-156800 4
-156700 3
-156600 1
-156500 4
-156400 2
-156300 5
-156200 2
-156100 1
-156000 7
-155900 12
-155800 14
-155700 5
-155600 5
-155500 1
-155400 3
-155300 4
-155200 2
-155100 2
-155000 2
-154900 1
-154800 3
-154700 4
-154600 2
-154500 1
-154400 2
-154300 2
-154200 1
-154100 2
-154000 3
-153900 4
-153800 1
-153700 0
-153600 4
-153500 1
-153400 3
-153300 2
-153200 4
-153100 2
-153000 3
-152900 1
-152800 0
-152700 2
-152600 2
-152500 3
-152400 1
-152300 2
-152200 3
-152100 1
-152000 5
-151900 2
-151800 6
-151700 3
-151600 2
-151500 3
-151400 4
-151300 2
-151200 0
-151100 1
-151000 5
-150900 2
-150800 3
-150700 7
-150600 1
-150500 3
-150400 3
-150300 3
-150200 3
-150100 1
-150000 1
-149900 4
-149800 5
-149700 7
-149600 4
-149500 3
-149400 5
-149300 6
-149200 5
-149100 3
-149000 1
-148900 3
-148800 2
-148700 2
-148600 3
-148500 2
-148400 4
-148300 3
-148200 2
-148100 3
-148000 3
-147900 15
-147800 134
-147700 1116
-147600 3309
-147500 2786
-147400 723
-147300 53
-147200 4
-147100 3
-147000 1
-146900 2
-146800 3
-146700 3
-146600 4
-146500 2
-146400 4
-146300 2
-146200 2
-146100 1
-146000 2
-145900 3
-145800 3
-145700 2
-145600 3
-145500 3
-145400 2
-145300 1
-145200 2
-145100 2
-145000 3
-144900 1
-144800 0
-144700 2
-144600 3
-144500 4
-144400 3
-144300 3
-144200 5
-144100 4
-144000 4
-143900 4
-143800 2
-143700 2
-143600 0
-143500 2
-143400 2
-143300 4
-143200 0
-143100 3
-143000 3
-142900 4
-142800 12
-142700 18
-142600 14
-142500 6
-142400 4
-142300 6
-142200 2
-142100 4
-142000 2
-141900 5
-141800 3
-141700 3
-141600 3
-141500 2
-141400 2
-141300 3
-141200 4
-141100 2
-141000 0
-140900 2
-140800 2
-140700 3
-140600 2
-140500 3
-140400 5
-140300 3
-140200 5
-140100 2
-140000 1
-139900 6
-139800 3
-139700 2
-139600 2
-139500 2
-139400 5
-139300 2
-139200 1
-139100 5
-139000 4
-138900 4
-138800 0
-138700 6
-138600 1
-138500 1
-138400 1
-138300 7
-138200 1
-138100 3
-138000 3
-137900 3
-137800 1
-137700 7
-137600 1
-137500 2
-137400 2
-137300 3
-137200 2
-137100 5
-137000 2
-136900 3
-136800 3
-136700 2
-136600 6
-136500 3
-136400 3
-136300 3
-136200 1
-136100 3
-136000 6
-135900 5
-135800 5
-135700 2
-135600 1
-135500 3
-135400 0
-135300 0
-135200 2
-135100 3
-135000 8
-134900 6
-134800 7
-134700 35
-134600 532
-134500 2706
-134400 3588
-134300 1375
-134200 154
-134100 9
-134000 3
-133900 4
-133800 3
-133700 0
-133600 4
-133500 0
-133400 3
-133300 0
-133200 3
-133100 2
-133000 2
-132900 6
-132800 7
-132700 6
-132600 3
-132500 2
-132400 1
-132300 2
-132200 1
-132100 1
-132000 1
-131900 1
-131800 0
-131700 1
-131600 1
-131500 3
-131400 0
-131300 2
-131200 3
-131100 3
-131000 1
-130900 5
-130800 2
-130700 1
-130600 2
-130500 4
-130400 1
-130300 2
-130200 0
-130100 3
-130000 3
-129900 2
-129800 4
-129700 4
-129600 12
-129500 17
-129400 6
-129300 3
-129200 1
-129100 3
-129000 4
-128900 0
-128800 3
-128700 2
-128600 3
-128500 2
-128400 2
-128300 1
-128200 4
-128100 1
-128000 6
-127900 0
-127800 2
-127700 1
-127600 3
-127500 2
-127400 2
-127300 2
-127200 0
-127100 1
-127000 1
-126900 5
-126800 2
-126700 4
-126600 4
-126500 2
-126400 2
-126300 5
-126200 2
-126100 2
-126000 2
-125900 1
-125800 1
-125700 7
-125600 2
-125500 1
-125400 1
-125300 1
-125200 4
-125100 1
-125000 3
-124900 4
-124800 2
-124700 3
-124600 1
-124500 3
-124400 4
-124300 3
-124200 3
-124100 0
-124000 2
-123900 2
-123800 2
-123700 3
-123600 1
-123500 1
-123400 3
-123300 4
-123200 2
-123100 3
-123000 5
-122900 1
-122800 2
-122700 4
-122600 1
-122500 1
-122400 1
-122300 1
-122200 4
-122100 4
-122000 0
-121900 1
-121800 5
-121700 8
-121600 11
-121500 225
-121400 1707
-121300 3659
-121200 2227
-121100 385
-121000 21
-120900 8
-120800 5
-120700 2
-120600 4
-120500 4
-120400 2
-120300 3
-120200 2
-120100 1
-120000 3
-119900 2
-119800 2
-119700 2
-119600 2
-119500 4
-119400 1
-119300 2
-119200 1
-119100 3
-119000 1
-118900 2
-118800 1
-118700 4
-118600 4
-118500 3
-118400 1
-118300 3
-118200 6
-118100 1
-118000 2
-117900 2
-117800 4
-117700 3
-117600 3
-117500 1
-117400 5
-117300 3
-117200 3
-117100 4
-117000 0
-116900 2
-116800 5
-116700 0
-116600 3
-116500 18
-116400 14
-116300 5
-116200 6
-116100 2
-116000 4
-115900 1
-115800 1
-115700 7
-115600 4
-115500 2
-115400 1
-115300 5
-115200 4
-115100 2
-115000 1
-114900 4
-114800 1
-114700 2
-114600 3
-114500 2
-114400 1
-114300 1
-114200 2
-114100 2
-114000 1
-113900 2
-113800 1
-113700 3
-113600 2
-113500 3
-113400 1
-113300 1
-113200 4
-113100 2
-113000 2
-112900 1
-112800 1
-112700 2
-112600 1
-112500 1
-112400 3
-112300 2
-112200 2
-112100 3
-112000 1
-111900 4
-111800 2
-111700 7
-111600 2
-111500 2
-111400 5
-111300 4
-111200 8
-111100 0
-111000 4
-110900 1
-110800 0
-110700 4
-110600 5
-110500 5
-110400 5
-110300 3
-110200 3
-110100 3
-110000 3
-109900 1
-109800 4
-109700 4
-109600 2
-109500 4
-109400 2
-109300 2
-109200 1
-109100 2
-109000 1
-108900 0
-108800 4
-108700 2
-108600 6
-108500 10
-108400 105
-108300 1054
-108200 3482
-108100 3002
-108000 718
-107900 69
-107800 12
-107700 6
-107600 1
-107500 5
-107400 4
-107300 1
-107200 5
-107100 2
-107000 2
-106900 5
-106800 3
-106700 4
-106600 4
-106500 3
-106400 3
-106300 4
-106200 2
-106100 1
-106000 6
-105900 5
-105800 3
-105700 4
-105600 1
-105500 4
-105400 4
-105300 3
-105200 6
-105100 2
-105000 3
-104900 5
-104800 3
-104700 3
-104600 1
-104500 0
-104400 0
-104300 2
-104200 4
-104100 2
-104000 4
-103900 4
-103800 1
-103700 2
-103600 1
-103500 1
-103400 8
-103300 21
-103200 9
-103100 6
-103000 3
-102900 3
-102800 2
-102700 3
-102600 3
-102500 2
-102400 3
-102300 4
-102200 2
-102100 2
-102000 4
-101900 3
-101800 2
-101700 2
-101600 3
-101500 2
-101400 2
-101300 1
-101200 2
-101100 2
-101000 3
-100900 4
-100800 4
-100700 4
-100600 1
-100500 4
-100400 1
-100300 0
-100200 2
-100100 2
-100000 2
-99900 0
-99800 3
-99700 0
-99600 2
-99500 3
-99400 1
-99300 1
-99200 2
-99100 3
-99000 3
-98900 6
-98800 3
-98700 3
-98600 1
-98500 4
-98400 5
-98300 3
-98200 2
-98100 2
-98000 1
-97900 1
-97800 2
-97700 2
-97600 2
-97500 0
-97400 4
-97300 3
-97200 5
-97100 2
-97000 2
-96900 4
-96800 1
-96700 2
-96600 4
-96500 3
-96400 3
-96300 1
-96200 2
-96100 5
-96000 2
-95900 3
-95800 4
-95700 1
-95600 4
-95500 3
-95400 8
-95300 28
-95200 419
-95100 2255
-95000 3725
-94900 1615
-94800 244
-94700 14
-94600 2
-94500 5
-94400 2
-94300 1
-94200 3
-94100 1
-94000 1
-93900 3
-93800 1
-93700 3
-93600 1
-93500 4
-93400 0
-93300 1
-93200 2
-93100 6
-93000 1
-92900 2
-92800 2
-92700 2
-92600 0
-92500 4
-92400 4
-92300 1
-92200 1
-92100 2
-92000 5
-91900 3
-91800 3
-91700 2
-91600 2
-91500 1
-91400 1
-91300 3
-91200 6
-91100 2
-91000 2
-90900 4
-90800 2
-90700 2
-90600 1
-90500 2
-90400 1
-90300 5
-90200 17
-90100 16
-90000 7
-89900 3
-89800 3
-89700 3
-89600 0
-89500 3
-89400 2
-89300 2
-89200 0
-89100 3
-89000 3
-88900 1
-88800 0
-88700 2
-88600 3
-88500 1
-88400 4
-88300 1
-88200 3
-88100 3
-88000 8
-87900 6
-87800 2
-87700 4
-87600 1
-87500 3
-87400 2
-87300 3
-87200 2
-87100 1
-87000 3
-86900 3
-86800 1
-86700 2
-86600 3
-86500 2
-86400 2
-86300 3
-86200 2
-86100 0
-86000 0
-85900 0
-85800 3
-85700 4
-85600 3
-85500 3
-85400 0
-85300 3
-85200 3
-85100 2
-85000 3
-84900 3
-84800 1
-84700 4
-84600 4
-84500 4
-84400 5
-84300 1
-84200 2
-84100 2
-84000 5
-83900 2
-83800 2
-83700 3
-83600 1
-83500 4
-83400 9
-83300 4
-83200 3
-83100 1
-83000 0
-82900 0
-82800 3
-82700 1
-82600 4
-82500 1
-82400 6
-82300 1
-82200 9
-82100 113
-82000 1126
-81900 3400
-81800 2947
-81700 602
-81600 56
-81500 5
-81400 7
-81300 5
-81200 4
-81100 0
-81000 2
-80900 1
-80800 0
-80700 3
-80600 4
-80500 2
-80400 3
-80300 2
-80200 6
-80100 2
-80000 4
-79900 2
-79800 1
-79700 2
-79600 2
-79500 0
-79400 3
-79300 1
-79200 4
-79100 3
-79000 4
-78900 2
-78800 1
-78700 2
-78600 3
-78500 2
-78400 1
-78300 3
-78200 1
-78100 4
-78000 4
-77900 1
-77800 0
-77700 2
-77600 2
-77500 2
-77400 1
-77300 2
-77200 5
-77100 10
-77000 18
-76900 16
-76800 7
-76700 4
-76600 2
-76500 1
-76400 2
-76300 1
-76200 1
-76100 3
-76000 1
-75900 2
-75800 3
-75700 3
-75600 3
-75500 3
-75400 0
-75300 1
-75200 2
-75100 0
-75000 3
-74900 5
-74800 6
-74700 4
-74600 2
-74500 2
-74400 4
-74300 2
-74200 2
-74100 2
-74000 3
-73900 5
-73800 3
-73700 0
-73600 2
-73500 2
-73400 2
-73300 3
-73200 0
-73100 1
-73000 2
-72900 2
-72800 2
-72700 1
-72600 0
-72500 0
-72400 2
-72300 2
-72200 2
-72100 3
-72000 1
-71900 0
-71800 5
-71700 3
-71600 0
-71500 1
-71400 3
-71300 4
-71200 3
-71100 2
-71000 3
-70900 2
-70800 3
-70700 2
-70600 1
-70500 3
-70400 7
-70300 3
-70200 7
-70100 5
-70000 1
-69900 1
-69800 3
-69700 4
-69600 2
-69500 3
-69400 0
-69300 3
-69200 5
-69100 12
-69000 100
-68900 1090
-68800 3335
-68700 3040
-68600 743
-68500 65
-68400 8
-68300 6
-68200 3
-68100 4
-68000 4
-67900 1
-67800 1
-67700 6
-67600 2
-67500 1
-67400 4
-67300 7
-67200 2
-67100 4
-67000 2
-66900 1
-66800 1
-66700 1
-66600 1
-66500 3
-66400 1
-66300 1
-66200 3
-66100 2
-66000 3
-65900 0
-65800 3
-65700 5
-65600 4
-65500 2
-65400 0
-65300 1
-65200 2
-65100 2
-65000 4
-64900 2
-64800 1
-64700 3
-64600 2
-64500 4
-64400 1
-64300 5
-64200 3
-64100 3
-64000 6
-63900 24
-63800 11
-63700 8
-63600 4
-63500 0
-63400 1
-63300 1
-63200 3
-63100 0
-63000 4
-62900 2
-62800 6
-62700 4
-62600 5
-62500 0
-62400 2
-62300 1
-62200 3
-62100 5
-62000 0
-61900 1
-61800 4
-61700 1
-61600 1
-61500 2
-61400 1
-61300 5
-61200 4
-61100 3
-61000 2
-60900 0
-60800 3
-60700 6
-60600 4
-60500 3
-60400 4
-60300 2
-60200 5
-60100 2
-60000 4
-59900 3
-59800 4
-59700 4
-59600 1
-59500 1
-59400 3
-59300 4
-59200 5
-59100 0
-59000 5
-58900 1
-58800 4
-58700 2
-58600 2
-58500 2
-58400 2
-58300 4
-58200 2
-58100 0
-58000 2
-57900 1
-57800 2
-57700 3
-57600 1
-57500 1
-57400 2
-57300 2
-57200 7
-57100 0
-57000 2
-56900 3
-56800 0
-56700 2
-56600 1
-56500 2
-56400 1
-56300 0
-56200 3
-56100 6
-56000 6
-55900 57
-55800 586
-55700 2867
-55600 3556
-55500 1172
-55400 136
-55300 14
-55200 1
-55100 2
-55000 2
-54900 6
-54800 3
-54700 1
-54600 3
-54500 2
-54400 4
-54300 0
-54200 5
-54100 6
-54000 2
-53900 3
-53800 3
-53700 6
-53600 2
-53500 2
-53400 5
-53300 4
-53200 3
-53100 3
-53000 2
-52900 1
-52800 2
-52700 2
-52600 3
-52500 0
-52400 2
-52300 2
-52200 2
-52100 3
-52000 3
-51900 5
-51800 2
-51700 6
-51600 1
-51500 1
-51400 3
-51300 2
-51200 2
-51100 2
-51000 7
-50900 11
-50800 11
-50700 15
-50600 6
-50500 4
-50400 2
-50300 1
-50200 2
-50100 7
-50000 3
-49900 2
-49800 3
-49700 6
-49600 3
-49500 2
-49400 5
-49300 4
-49200 3
-49100 6
-49000 3
-48900 2
-48800 2
-48700 0
-48600 0
-48500 4
-48400 1
-48300 3
-48200 2
-48100 1
-48000 2
-47900 2
-47800 2
-47700 2
-47600 4
-47500 1
-47400 2
-47300 3
-47200 5
-47100 1
-47000 3
-46900 6
-46800 2
-46700 2
-46600 4
-46500 4
-46400 2
-46300 4
-46200 3
-46100 3
-46000 2
-45900 4
-45800 1
-45700 4
-45600 0
-45500 4
-45400 1
-45300 0
-45200 1
-45100 0
-45000 2
-44900 2
-44800 4
-44700 1
-44600 3
-44500 2
-44400 2
-44300 3
-44200 3
-44100 7
-44000 2
-43900 4
-43800 1
-43700 1
-43600 1
-43500 2
-43400 0
-43300 4
-43200 3
-43100 1
-43000 5
-42900 10
-42800 37
-42700 167
-42600 1208
-42500 3544
-42400 2678
-42300 562
-42200 34
-42100 8
-42000 6
-41900 1
-41800 7
-41700 1
-41600 1
-41500 2
-41400 2
-41300 4
-41200 0
-41100 3
-41000 6
-40900 1
-40800 8
-40700 5
-40600 4
-40500 2
-40400 6
-40300 4
-40200 2
-40100 0
-40000 1
-39900 4
-39800 2
-39700 1
-39600 4
-39500 2
-39400 0
-39300 2
-39200 1
-39100 3
-39000 1
-38900 2
-38800 2
-38700 1
-38600 1
-38500 3
-38400 2
-38300 1
-38200 3
-38100 2
-38000 1
-37900 2
-37800 1
-37700 3
-37600 15
-37500 19
-37400 6
-37300 2
-37200 3
-37100 3
-37000 4
-36900 5
-36800 1
-36700 2
-36600 5
-36500 2
-36400 1
-36300 3
-36200 1
-36100 6
-36000 2
-35900 1
-35800 2
-35700 1
-35600 2
-35500 3
-35400 2
-35300 1
-35200 0
-35100 4
-35000 2
-34900 6
-34800 4
-34700 0
-34600 6
-34500 3
-34400 2
-34300 2
-34200 3
-34100 3
-34000 1
-33900 1
-33800 1
-33700 2
-33600 1
-33500 2
-33400 4
-33300 4
-33200 1
-33100 4
-33000 2
-32900 2
-32800 3
-32700 8
-32600 2
-32500 3
-32400 3
-32300 2
-32200 5
-32100 1
-32000 2
-31900 5
-31800 2
-31700 5
-31600 3
-31500 2
-31400 4
-31300 4
-31200 0
-31100 3
-31000 5
-30900 4
-30800 4
-30700 1
-30600 2
-30500 1
-30400 4
-30300 4
-30200 3
-30100 2
-30000 2
-29900 6
-29800 13
-29700 16
-29600 62
-29500 683
-29400 2963
-29300 3486
-29200 1053
-29100 104
-29000 10
-28900 6
-28800 4
-28700 5
-28600 5
-28500 3
-28400 1
-28300 2
-28200 3
-28100 0
-28000 2
-27900 2
-27800 2
-27700 5
-27600 4
-27500 4
-27400 2
-27300 2
-27200 4
-27100 2
-27000 3
-26900 4
-26800 2
-26700 2
-26600 1
-26500 3
-26400 2
-26300 1
-26200 1
-26100 3
-26000 2
-25900 2
-25800 3
-25700 3
-25600 4
-25500 1
-25400 3
-25300 2
-25200 1
-25100 2
-25000 2
-24900 6
-24800 1
-24700 5
-24600 9
-24500 24
-24400 16
-24300 5
-24200 2
-24100 2
-24000 2
-23900 0
-23800 2
-23700 5
-23600 2
-23500 1
-23400 2
-23300 2
-23200 3
-23100 2
-23000 1
-22900 3
-22800 3
-22700 1
-22600 4
-22500 3
-22400 3
-22300 1
-22200 0
-22100 1
-22000 2
-21900 3
-21800 0
-21700 4
-21600 0
-21500 3
-21400 3
-21300 6
-21200 1
-21100 3
-21000 3
-20900 4
-20800 2
-20700 1
-20600 2
-20500 1
-20400 0
-20300 3
-20200 2
-20100 2
-20000 4
-19900 1
-19800 5
-19700 2
-19600 6
-19500 4
-19400 2
-19300 1
-19200 0
-19100 0
-19000 2
-18900 1
-18800 1
-18700 5
-18600 3
-18500 3
-18400 4
-18300 2
-18200 6
-18100 2
-18000 0
-17900 4
-17800 2
-17700 2
-17600 2
-17500 2
-17400 2
-17300 0
-17200 3
-17100 3
-17000 1
-16900 3
-16800 2
-16700 6
-16600 9
-16500 117
-16400 1021
-16300 3234
-16200 2900
-16100 800
-16000 66
-15900 7
-15800 9
-15700 7
-15600 4
-15500 4
-15400 2
-15300 2
-15200 4
-15100 5
-15000 6
-14900 2
-14800 2
-14700 5
-14600 3
-14500 2
-14400 3
-14300 3
-14200 1
-14100 3
-14000 2
-13900 4
-13800 3
-13700 5
-13600 0
-13500 1
-13400 3
-13300 1
-13200 2
-13100 1
-13000 3
-12900 0
-12800 1
-12700 2
-12600 1
-12500 1
-12400 4
-12300 3
-12200 6
-12100 4
-12000 4
-11900 2
-11800 2
-11700 2
-11600 3
-11500 4
-11400 20
-11300 15
-11200 8
-11100 1
-11000 4
-10900 1
-10800 6
-10700 2
-10600 4
-10500 2
-10400 0
-10300 3
-10200 3
-10100 4
-10000 5
-9900 3
-9800 6
-9700 2
-9600 2
-9500 2
-9400 2
-9300 5
-9200 3
-9100 3
-9000 3
-8900 2
-8800 3
-8700 3
-8600 2
-8500 4
-8400 3
-8300 0
-8200 4
-8100 1
-8000 2
-7900 3
-7800 3
-7700 2
-7600 3
-7500 1
-7400 1
-7300 0
-7200 0
-7100 1
-7000 2
-6900 3
-6800 4
-6700 1
-6600 2
-6500 6
-6400 1
-6300 1
-6200 3
-6100 2
-6000 1
-5900 4
-5800 3
-5700 3
-5600 3
-5500 2
-5400 0
-5300 0
-5200 3
-5100 2
-5000 2
-4900 1
-4800 1
-4700 2
-4600 2
-4500 6
-4400 3
-4300 3
-4200 6
-4100 2
-4000 2
-3900 2
-3800 1
-3700 2
-3600 1
-3500 7
-3400 20
-3300 160
-3200 1526
-3100 3575
-3000 2421
-2900 469
-2800 31
-2700 5
-2600 8
-2500 5
-2400 2
-2300 2
-2200 1
-2100 4
-2000 2
-1900 2
-1800 0
-1700 4
-1600 1
-1500 5
-1400 5
-1300 3
-1200 1
-1100 0
-1000 1
-900 2
-800 3
-700 6
-600 2
-500 3
-400 1
-300 4
-200 0
-100 2
0 5
100 4
200 4
300 2
400 1
500 1
600 2
700 1
800 0
900 0
1000 1
1100 3
1200 1
1300 3
1400 3
1500 0
1600 4
1700 8
1800 18
1900 15
2000 3
2100 3
2200 7
2300 6
2400 1
2500 4
2600 2
2700 4
2800 3
2900 5
3000 5
3100 4
3200 4
3300 0
3400 2
3500 1
3600 2
3700 3
3800 2
3900 1
4000 2
4100 2
4200 0
4300 2
4400 0
4500 2
4600 2
4700 0
4800 2
4900 6
5000 3
5100 4
5200 2
5300 3
5400 4
5500 6
5600 2
5700 2
5800 3
5900 1
6000 1
6100 2
6200 0
6300 5
6400 3
6500 2
6600 6
6700 2
6800 0
6900 6
7000 1
7100 3
7200 4
7300 2
7400 3
7500 3
7600 0
7700 3
7800 1
7900 3
8000 2
8100 3
8200 2
8300 1
8400 4
8500 2
8600 1
8700 1
8800 2
8900 3
9000 3
9100 2
9200 2
9300 0
9400 3
9500 10
9600 29
9700 25
9800 243
9900 3898
10000 22835
10100 38946
10200 18301
10300 2520
10400 134
10500 27
10600 26
10700 9
10800 4
10900 2
11000 1
11100 2
11200 1
11300 5
11400 4
11500 8
11600 3
11700 4
11800 2
11900 5
12000 2
12100 2
12200 3
12300 2
12400 2
12500 1
12600 3
12700 3
12800 3
12900 3
13000 1
13100 2
13200 3
13300 3
13400 1
13500 3
13600 1
13700 0
13800 2
13900 3
14000 1
14100 2
14200 1
14300 2
14400 4
14500 1
14600 2
14700 4
14800 3
14900 15
15000 8
15100 8
15200 7
15300 0
15400 4
15500 2
15600 1
15700 4
15800 3
15900 1
16000 4
16100 3
16200 0
16300 3
16400 2
16500 3
16600 4
16700 3
16800 7
16900 1
17000 3
17100 1
17200 0
17300 2
17400 4
17500 5
17600 3
17700 2
17800 5
17900 4
18000 1
18100 4
18200 3
18300 2
18400 2
18500 1
18600 1
18700 1
18800 1
18900 2
19000 1
19100 1
19200 5
19300 4
19400 2
19500 3
19600 0
19700 1
19800 2
19900 2
20000 1
20100 5
20200 2
20300 2
20400 2
20500 1
20600 3
20700 1
20800 2
20900 4
21000 4
21100 3
21200 2
21300 3
21400 3
21500 4
21600 6
21700 0
21800 5
21900 3
22000 0
22100 1
22200 2
22300 4
22400 2
22500 3
22600 2
22700 6
22800 7
22900 18
23000 151
23100 1372
23200 3559
23300 2555
23400 528
23500 54
23600 5
23700 1
23800 5
23900 3
24000 1
24100 2
24200 5
24300 0
24400 2
24500 2
24600 5
24700 2
24800 3
24900 1
25000 3
25100 3
25200 1
25300 1
25400 1
25500 1
25600 2
25700 0
25800 4
25900 3
26000 4
26100 1
26200 3
26300 2
26400 3
26500 3
26600 8
26700 5
26800 2
26900 3
27000 1
27100 2
27200 2
27300 0
27400 3
27500 1
27600 5
27700 7
27800 2
27900 7
28000 14
28100 13
28200 8
28300 0
28400 4
28500 3
28600 4
28700 4
28800 0
28900 3
29000 2
29100 1
29200 3
29300 0
29400 2
29500 1
29600 3
29700 2
29800 2
29900 2
30000 2
30100 2
30200 3
30300 1
30400 5
30500 5
30600 1
30700 4
30800 1
30900 3
31000 3
31100 1
31200 0
31300 3
31400 1
31500 2
31600 0
31700 2
31800 1
31900 2
32000 3
32100 1
32200 3
32300 5
32400 5
32500 1
32600 1
32700 0
32800 4
32900 2
33000 1
33100 1
33200 0
33300 3
33400 4
33500 1
33600 1
33700 2
33800 2
33900 0
34000 1
34100 2
34200 2
34300 5
34400 0
34500 3
34600 7
34700 2
34800 2
34900 3
35000 5
35100 1
35200 2
35300 4
35400 4
35500 2
35600 3
35700 5
35800 7
35900 4
36000 18
36100 191
36200 1557
36300 3740
36400 2386
36500 415
36600 30
36700 7
36800 5
36900 1
37000 1
37100 1
37200 2
37300 2
37400 3
37500 5
37600 5
37700 1
37800 6
37900 4
38000 3
38100 2
38200 0
38300 5
38400 2
38500 2
38600 4
38700 2
38800 3
38900 1
39000 2
39100 3
39200 1
39300 1
39400 5
39500 1
39600 3
39700 0
39800 2
39900 1
40000 1
40100 0
40200 5
40300 3
40400 4
40500 2
40600 1
40700 4
40800 2
40900 1
41000 6
41100 13
41200 15
41300 15
41400 5
41500 0
41600 2
41700 1
41800 1
41900 2
42000 0
42100 4
42200 4
42300 4
42400 2
42500 2
42600 3
42700 3
42800 1
42900 0
43000 0
43100 3
43200 5
43300 4
43400 2
43500 2
43600 3
43700 5
43800 2
43900 6
44000 4
44100 2
44200 2
44300 3
44400 1
44500 1
44600 2
44700 4
44800 5
44900 2
45000 2
45100 0
45200 1
45300 4
45400 2
45500 1
45600 2
45700 5
45800 3
45900 3
46000 1
46100 3
46200 2
46300 2
46400 3
46500 3
46600 5
46700 3
46800 5
46900 1
47000 2
47100 2
47200 2
47300 2
47400 4
47500 2
47600 0
47700 2
47800 6
47900 4
48000 3
48100 2
48200 3
48300 2
48400 4
48500 2
48600 3
48700 4
48800 2
48900 4
49000 2
49100 7
49200 46
49300 579
49400 2682
49500 3513
49600 1185
49700 122
49800 11
49900 28
50000 24
50100 9
50200 5
50300 4
50400 0
50500 0
50600 1
50700 4
50800 1
50900 3
51000 3
51100 2
51200 5
51300 1
51400 2
51500 2
51600 3
51700 1
51800 2
51900 5
52000 2
52100 2
52200 3
52300 5
52400 1
52500 2
52600 3
52700 2
52800 2
52900 2
53000 1
53100 10
53200 2
53300 0
53400 1
53500 1
53600 0
53700 3
53800 1
53900 2
54000 3
54100 4
54200 29
54300 140
54400 153
54500 51
54600 6
54700 1
54800 3
54900 1
55000 0
55100 2
55200 5
55300 5
55400 2
55500 5
55600 4
55700 3
55800 4
55900 2
56000 4
56100 2
56200 3
56300 0
56400 4
56500 4
56600 8
56700 3
56800 1
56900 3
57000 2
57100 1
57200 3
57300 3
57400 1
57500 2
57600 1
57700 3
57800 1
57900 1
58000 4
58100 1
58200 1
58300 2
58400 5
58500 4
58600 3
58700 3
58800 2
58900 5
59000 0
59100 3
59200 3
59300 2
59400 2
59500 1
59600 2
59700 2
59800 3
59900 3
60000 4
60100 3
60200 2
60300 1
60400 3
60500 4
60600 3
60700 5
60800 2
60900 4
61000 2
61100 7
61200 4
61300 2
61400 1
61500 3
61600 1
61700 3
61800 3
61900 1
62000 6
62100 3
62200 2
62300 13
62400 200
62500 1589
62600 3598
62700 2402
62800 466
62900 73
63000 12
63100 5
63200 7
63300 6
63400 4
63500 2
63600 2
63700 1
63800 3
63900 3
64000 2
64100 3
64200 7
64300 1
64400 2
64500 3
64600 1
64700 1
64800 4
64900 2
65000 3
65100 1
65200 3
65300 2
65400 5
65500 0
65600 6
65700 4
65800 2
65900 2
66000 5
66100 3
66200 4
66300 1
66400 0
66500 0
66600 0
66700 2
66800 2
66900 3
67000 4
67100 1
67200 1
67300 2
67400 12
67500 19
67600 6
67700 5
67800 4
67900 4
68000 2
68100 2
68200 6
68300 0
68400 2
68500 1
68600 3
68700 3
68800 2
68900 0
69000 1
69100 3
69200 1
69300 3
69400 0
69500 3
69600 7
69700 3
69800 1
69900 0
70000 4
70100 3
70200 3
70300 3
70400 2
70500 1
70600 1
70700 4
70800 5
70900 3
71000 1
71100 2
71200 4
71300 3
71400 2
71500 2
71600 4
71700 3
71800 5
71900 5
72000 1
72100 0
72200 2
72300 4
72400 4
72500 5
72600 1
72700 0
72800 1
72900 3
73000 6
73100 1
73200 2
73300 2
73400 3
73500 1
73600 4
73700 3
73800 1
73900 1
74000 1
74100 1
74200 5
74300 2
74400 2
74500 2
74600 0
74700 2
74800 3
74900 3
75000 4
75100 3
75200 3
75300 5
75400 13
75500 126
75600 1171
75700 3513
75800 2868
75900 624
76000 58
76100 10
76200 4
76300 4
76400 4
76500 4
76600 2
76700 0
76800 1
76900 3
77000 2
77100 1
77200 6
77300 2
77400 3
77500 4
77600 3
77700 5
77800 3
77900 2
78000 4
78100 3
78200 1
78300 3
78400 5
78500 2
78600 2
78700 0
78800 7
78900 0
79000 2
79100 2
79200 5
79300 4
79400 1
79500 1
79600 4
79700 2
79800 1
79900 0
80000 1
80100 6
80200 2
80300 2
80400 5
80500 9
80600 14
80700 8
80800 3
80900 3
81000 7
81100 2
81200 1
81300 6
81400 3
81500 0
81600 4
81700 2
81800 2
81900 3
82000 2
82100 5
82200 2
82300 1
82400 2
82500 6
82600 1
82700 1
82800 1
82900 4
83000 2
83100 1
83200 5
83300 2
83400 4
83500 1
83600 3
83700 2
83800 4
83900 0
84000 1
84100 2
84200 1
84300 2
84400 2
84500 3
84600 7
84700 3
84800 4
84900 4
85000 0
85100 1
85200 3
85300 8
85400 3
85500 2
85600 1
85700 1
85800 2
85900 3
86000 4
86100 5
86200 0
86300 2
86400 2
86500 2
86600 3
86700 5
86800 2
86900 0
87000 3
87100 2
87200 1
87300 3
87400 2
87500 0
87600 3
87700 1
87800 3
87900 1
88000 0
88100 2
88200 3
88300 4
88400 3
88500 5
88600 67
88700 703
88800 2915
88900 3441
89000 1027
89100 91
89200 6
89300 1
89400 5
89500 3
89600 4
89700 1
89800 2
89900 3
90000 2
90100 1
90200 4
90300 4
90400 8
90500 7
90600 1
90700 3
90800 5
90900 4
91000 0
91100 4
91200 4
91300 5
91400 2
91500 3
91600 4
91700 1
91800 4
91900 1
92000 1
92100 3
92200 0
92300 1
92400 3
92500 3
92600 2
92700 0
92800 2
92900 1
93000 2
93100 1
93200 1
93300 6
93400 1
93500 3
93600 4
93700 20
93800 9
93900 13
94000 0
94100 5
94200 3
94300 3
94400 6
94500 1
94600 2
94700 3
94800 2
94900 3
95000 0
95100 4
95200 1
95300 2
95400 1
95500 7
95600 1
95700 3
95800 3
95900 4
96000 2
96100 3
96200 1
96300 3
96400 2
96500 1
96600 1
96700 4
96800 1
96900 6
97000 4
97100 2
97200 5
97300 3
97400 1
97500 2
97600 3
97700 3
97800 6
97900 4
98000 1
98100 3
98200 2
98300 4
98400 3
98500 8
98600 5
98700 9
98800 3
98900 1
99000 3
99100 3
99200 3
99300 4
99400 4
99500 1
99600 4
99700 1
99800 7
99900 4
100000 1
100100 1
100200 4
100300 3
100400 6
100500 2
100600 3
100700 6
100800 5
100900 5
101000 1
101100 3
101200 2
101300 2
101400 6
101500 4
101600 5
101700 22
101800 225
101900 1659
102000 3794
102100 2207
102200 398
102300 22
102400 5
102500 3
102600 4
102700 2
102800 3
102900 3
103000 0
103100 4
103200 5
103300 1
103400 5
103500 1
103600 6
103700 1
103800 5
103900 2
104000 1
104100 1
104200 1
104300 1
104400 1
104500 1
104600 2
104700 4
104800 4
104900 2
105000 3
105100 1
105200 3
105300 5
105400 2
105500 2
105600 0
105700 3
105800 2
105900 4
106000 5
106100 4
106200 2
106300 2
106400 4
106500 4
106600 2
106700 6
106800 13
106900 21
107000 8
107100 4
107200 3
107300 2
107400 1
107500 3
107600 2
107700 2
107800 4
107900 0
108000 0
108100 4
108200 3
108300 3
108400 4
108500 6
108600 2
108700 4
108800 2
108900 2
109000 2
109100 1
109200 5
109300 0
109400 3
109500 0
109600 3
109700 3
109800 1
109900 1
110000 4
110100 3
110200 0
110300 2
110400 4
110500 1
110600 1
110700 3
110800 5
110900 2
111000 4
111100 3
111200 2
111300 3
111400 2
111500 1
111600 3
111700 2
111800 4
111900 2
112000 0
112100 4
112200 2
112300 2
112400 3
112500 4
112600 2
112700 1
112800 1
112900 4
113000 4
113100 2
113200 2
113300 5
113400 3
113500 3
113600 2
113700 1
113800 2
113900 0
114000 2
114100 4
114200 1
114300 1
114400 1
114500 2
114600 3
114700 6
114800 14
114900 113
115000 1053
115100 3302
115200 3006
115300 818
115400 56
115500 9
115600 8
115700 3
115800 2
115900 2
116000 6
116100 7
116200 3
116300 3
116400 2
116500 1
116600 0
116700 3
116800 3
116900 3
117000 2
117100 0
117200 4
117300 3
117400 2
117500 4
117600 3
117700 3
117800 3
117900 4
118000 1
118100 3
118200 2
118300 5
118400 2
118500 4
118600 2
118700 3
118800 3
118900 5
119000 3
119100 1
119200 5
119300 3
119400 2
119500 1
119600 2
119700 2
119800 4
119900 12
120000 18
120100 15
120200 4
120300 4
120400 3
120500 2
120600 1
120700 0
120800 0
120900 3
121000 4
121100 2
121200 0
121300 8
121400 5
121500 3
121600 2
121700 2
121800 5
121900 0
122000 1
122100 1
122200 1
122300 1
122400 3
122500 3
122600 1
122700 0
122800 0
122900 1
123000 5
123100 2
123200 4
123300 2
123400 6
123500 4
123600 0
123700 3
123800 2
123900 2
124000 2
124100 1
124200 1
124300 2
124400 4
124500 4
124600 5
124700 1
124800 1
124900 6
125000 5
125100 3
125200 1
125300 4
125400 6
125500 2
125600 0
125700 1
125800 3
125900 2
126000 1
126100 2
126200 1
126300 3
126400 3
126500 2
126600 3
126700 3
126800 2
126900 3
127000 3
127100 6
127200 1
127300 1
127400 5
127500 3
127600 3
127700 3
127800 4
127900 10
128000 52
128100 573
128200 2523
128300 3512
128400 1417
128500 135
128600 8
128700 3
128800 2
128900 5
129000 3
129100 1
129200 0
129300 1
129400 3
129500 2
129600 3
129700 2
129800 4
129900 3
130000 0
130100 3
130200 1
130300 2
130400 5
130500 2
130600 1
130700 0
130800 1
130900 0
131000 5
131100 3
131200 5
131300 0
131400 2
131500 1
131600 1
131700 3
131800 2
131900 5
132000 5
132100 4
132200 2
132300 4
132400 7
132500 6
132600 5
132700 2
132800 2
132900 3
133000 5
133100 14
133200 17
133300 7
133400 2
133500 4
133600 3
133700 2
133800 3
133900 5
134000 3
134100 0
134200 1
134300 2
134400 4
134500 5
134600 3
134700 3
134800 3
134900 3
135000 1
135100 2
135200 1
135300 5
135400 3
135500 2
135600 1
135700 1
135800 2
135900 4
136000 8
136100 2
136200 1
136300 3
136400 2
136500 4
136600 1
136700 3
136800 2
136900 3
137000 3
137100 3
137200 2
137300 1
137400 3
137500 0
137600 1
137700 1
137800 1
137900 2
138000 5
138100 4
138200 4
138300 1
138400 3
138500 3
138600 1
138700 3
138800 2
138900 4
139000 3
139100 2
139200 4
139300 1
139400 3
139500 1
139600 4
139700 7
139800 3
139900 1
140000 1
140100 1
140200 1
140300 3
140400 3
140500 3
140600 1
140700 2
140800 2
140900 3
141000 3
141100 19
141200 238
141300 1655
141400 3617
141500 2290
141600 416
141700 27
141800 6
141900 5
142000 2
142100 0
142200 3
142300 5
142400 2
142500 2
142600 2
142700 1
142800 3
142900 3
143000 3
143100 4
143200 4
143300 3
143400 0
143500 3
143600 2
143700 5
143800 3
143900 0
144000 4
144100 0
144200 2
144300 2
144400 0
144500 6
144600 4
144700 2
144800 2
144900 3
145000 6
145100 2
145200 1
145300 1
145400 2
145500 3
145600 2
145700 2
145800 2
145900 2
146000 2
146100 1
146200 14
146300 18
146400 11
146500 4
146600 1
146700 5
146800 0
146900 2
147000 3
147100 2
147200 2
147300 2
147400 2
147500 1
147600 1
147700 2
147800 2
147900 2
148000 1
148100 2
148200 2
148300 1
148400 1
148500 4
148600 5
148700 3
148800 0
148900 0
149000 3
149100 1
149200 4
149300 3
149400 5
149500 3
149600 4
149700 2
149800 7
149900 3
150000 3
150100 3
150200 1
150300 2
150400 4
150500 4
150600 6
150700 3
150800 1
150900 2
151000 4
151100 1
151200 2
151300 1
151400 2
151500 5
151600 4
151700 0
151800 3
151900 2
152000 5
152100 2
152200 3
152300 1
152400 0
152500 1
152600 1
152700 1
152800 3
152900 4
153000 2
153100 3
153200 3
153300 2
153400 0
153500 6
153600 2
153700 1
153800 4
153900 5
154000 2
154100 4
154200 5
154300 81
154400 843
154500 3046
154600 3169
154700 931
154800 97
154900 7
155000 5
155100 1
155200 8
155300 3
155400 2
155500 4
155600 0
155700 1
155800 0
155900 1
156000 3
156100 3
156200 1
156300 0
156400 2
156500 0
156600 3
156700 1
156800 3
156900 2
157000 1
157100 1
157200 4
157300 3
157400 1
157500 2
157600 1
157700 1
157800 1
157900 1
158000 2
158100 0
158200 2
158300 2
158400 0
158500 2
158600 2
158700 4
158800 1
158900 3
159000 2
159100 5
159200 4
159300 2
159400 10
159500 19
159600 5
159700 2
159800 6
159900 2
160000 3
160100 3
160200 3
160300 3
160400 1
160500 2
160600 2
160700 3
160800 3
160900 3
161000 6
161100 0
161200 0
161300 5
161400 2
161500 3
161600 2
161700 1
161800 2
161900 3
162000 6
162100 2
162200 3
162300 1
162400 4
162500 3
162600 2
162700 3
162800 1
162900 2
163000 4
163100 1
163200 3
163300 1
163400 2
163500 3
163600 0
163700 4
163800 2
163900 2
164000 3
164100 1
164200 3
164300 2
164400 5
164500 0
164600 1
164700 1
164800 2
164900 2
165000 4
165100 4
165200 2
165300 2
165400 2
165500 0
165600 0
165700 1
165800 2
165900 5
166000 4
166100 4
166200 4
166300 5
166400 0
166500 4
166600 3
166700 3
166800 0
166900 2
167000 3
167100 4
167200 6
167300 8
167400 39
167500 410
167600 2343
167700 3596
167800 1660
167900 209
168000 20
168100 3
168200 3
168300 1
168400 3
168500 0
168600 0
168700 3
168800 6
168900 2
169000 1
169100 3
169200 5
169300 5
169400 0
169500 3
169600 1
169700 0
169800 3
169900 2
170000 3
170100 3
170200 3
170300 2
170400 3
170500 1
170600 4
170700 2
170800 4
170900 2
171000 3
171100 3
171200 1
171300 3
171400 1
171500 1
171600 4
171700 1
171800 1
171900 2
172000 4
172100 4
172200 0
172300 2
172400 5
172500 16
172600 27
172700 12
172800 2
172900 5
173000 1
173100 2
173200 5
173300 2
173400 4
173500 2
173600 1
173700 1
173800 0
173900 2
174000 2
174100 1
174200 5
174300 5
174400 1
174500 1
174600 5
174700 3
174800 5
174900 3
175000 2
175100 3
175200 1
175300 4
175400 4
175500 3
175600 2
175700 0
175800 2
175900 2
176000 2
176100 2
176200 2
176300 1
176400 5
176500 1
176600 2
176700 2
176800 1
176900 3
177000 1
177100 1
177200 5
177300 1
177400 2
177500 2
177600 1
177700 5
177800 3
177900 3
178000 2
178100 3
178200 2
178300 2
178400 0
178500 2
178600 2
178700 2
178800 5
178900 2
179000 4
179100 5
179200 2
179300 2
179400 2
179500 3
179600 5
179700 0
179800 2
179900 3
180000 0
180100 4
180200 7
180300 5
180400 4
180500 18
180600 179
180700 1500
180800 3531
180900 2473
181000 528
181100 34
181200 9
181300 8
181400 5
181500 4
181600 3
181700 2
181800 1
181900 3
182000 3
182100 3
182200 2
182300 7
182400 16
182500 7
182600 3
182700 4
182800 2
182900 5
183000 2
183100 1
183200 2
183300 5
183400 2
183500 3
183600 0
183700 3
183800 4
183900 2
184000 3
184100 5
184200 2
184300 0
184400 2
184500 1
184600 0
184700 1
184800 5
184900 2
185000 5
185100 2
185200 1
185300 1
185400 4
185500 8
185600 11
185700 19
185800 11
185900 3
186000 4
186100 1
186200 2
186300 1
186400 4
186500 3
186600 2
186700 4
186800 2
186900 4
187000 0
187100 6
187200 5
187300 0
187400 2
187500 2
187600 3
187700 3
187800 3
187900 3
188000 5
188100 6
188200 3
188300 1
188400 2
188500 2
188600 1
188700 2
188800 3
188900 3
189000 2
189100 4
189200 4
189300 1
189400 2
189500 0
189600 1
189700 2
189800 1
189900 2
190000 4
190100 2
190200 3
190300 3
190400 5
190500 3
190600 2
190700 6
190800 0
190900 3
191000 4
191100 2
191200 2
191300 4
191400 2
191500 0
191600 2
191700 2
191800 0
191900 2
192000 2
192100 2
192200 1
192300 3
192400 3
192500 4
192600 1
192700 1
192800 1
192900 1
193000 1
193100 2
193200 4
193300 1
193400 8
193500 7
193600 4
193700 56
193800 727
193900 2820
194000 3395
194100 1187
194200 120
194300 13
194400 8
194500 5
194600 4
194700 1
194800 4
194900 0
195000 3
195100 1
195200 1
195300 2
195400 3
195500 4
195600 6
195700 3
195800 1
195900 4
196000 4
196100 2
196200 1
196300 4
196400 2
196500 2
196600 3
196700 3
196800 1
196900 0
197000 2
197100 3
197200 2
197300 5
197400 4
197500 3
197600 3
197700 4
197800 1
197900 2
198000 1
198100 3
198200 3
198300 2
198400 4
198500 3
198600 1
198700 4
198800 9
198900 17
199000 5
199100 5
199200 0
199300 2
199400 6
199500 1
199600 2
199700 2
199800 1
199900 5
200000 2
200100 4
200200 2
200300 0
200400 5
200500 4
200600 5
200700 4
200800 1
200900 2
201000 8
201100 3
201200 4
201300 3
201400 1
201500 1
201600 5
201700 0
201800 1
201900 2
202000 3
202100 4
202200 5
202300 2
202400 2
202500 4
202600 0
202700 2
202800 1
202900 2
203000 2
203100 5
203200 2
203300 1
203400 4
203500 2
203600 1
203700 6
203800 2
203900 3
204000 3
204100 2
204200 5
204300 2
204400 2
204500 1
204600 3
204700 2
204800 3
204900 2
205000 2
205100 0
205200 6
205300 6
205400 1
205500 1
205600 2
205700 2
205800 3
205900 3
206000 1
206100 5
206200 1
206300 3
206400 1
206500 3
206600 4
206700 9
206800 43
206900 402
207000 2178
207100 3691
207200 1762
207300 270
207400 21
207500 7
207600 7
207700 1
207800 2
207900 3
208000 2
208100 1
208200 0
208300 3
208400 2
208500 1
208600 8
208700 2
208800 3
208900 1
209000 3
209100 1
209200 1
209300 4
209400 2
209500 2
209600 1
209700 6
209800 1
209900 0
210000 4
210100 3
210200 3
210300 1
210400 1
210500 3
210600 3
210700 0
210800 0
210900 0
211000 0
211100 2
211200 1
211300 3
211400 4
211500 4
211600 1
211700 3
211800 9
211900 17
212000 17
212100 4
212200 2
212300 3
212400 5
212500 3
212600 3
212700 1
212800 0
212900 4
213000 3
213100 2
213200 2
213300 5
213400 2
213500 2
213600 3
213700 2
213800 6
213900 2
214000 2
214100 2
214200 1
214300 1
214400 6
214500 1
214600 1
214700 2
214800 6
214900 3
215000 3
215100 3
215200 1
215300 1
215400 2
215500 1
215600 4
215700 2
215800 2
215900 2
216000 3
216100 4
216200 1
216300 4
216400 4
216500 2
216600 1
216700 2
216800 4
216900 2
217000 4
217100 2
217200 2
217300 6
217400 3
217500 4
217600 3
217700 2
217800 3
217900 3
218000 3
218100 1
218200 6
218300 4
218400 2
218500 1
218600 5
218700 2
218800 1
218900 1
219000 1
219100 0
219200 2
219300 2
219400 2
219500 1
219600 3
219700 4
219800 6
219900 15
220000 169
220100 1358
220200 3519
220300 2681
220400 603
220500 47
220600 12
220700 16
220800 5
220900 4
221000 2
221100 4
221200 1
221300 1
221400 4
221500 1
221600 2
221700 1
221800 3
221900 0
222000 2
222100 3
222200 5
222300 2
222400 3
222500 1
222600 2
222700 2
222800 3
222900 2
223000 1
223100 5
223200 1
223300 2
223400 3
223500 4
223600 4
223700 4
223800 1
223900 3
224000 3
224100 2
224200 2
224300 1
224400 2
224500 3
224600 2
224700 3
224800 3
224900 2
225000 10
225100 15
225200 14
225300 3
225400 5
225500 4
225600 2
225700 3
225800 2
225900 1
226000 2
226100 3
226200 1
226300 3
226400 3
226500 6
226600 3
226700 2
226800 1
226900 4
227000 0
227100 3
227200 0
227300 6
227400 3
227500 1
227600 9
227700 1
227800 4
227900 4
228000 0
228100 4
228200 0
228300 2
228400 0
228500 5
228600 2
228700 4
228800 2
228900 1
229000 1
229100 3
229200 6
229300 5
229400 2
229500 3
229600 2
229700 1
229800 2
229900 2
230000 0
230100 1
230200 0
230300 0
230400 3
230500 2
230600 0
230700 4
230800 2
230900 1
231000 2
231100 1
231200 2
231300 1
231400 2
231500 4
231600 3
231700 4
231800 3
231900 4
232000 6
232100 2
232200 2
232300 2
232400 1
232500 5
232600 1
232700 5
232800 3
232900 5
233000 12
233100 112
233200 919
233300 3037
233400 3068
233500 908
233600 107
233700 11
233800 5
233900 4
234000 7
234100 2
234200 3
234300 1
234400 1
234500 1
234600 3
234700 3
234800 3
234900 5
235000 2
235100 2
235200 4
235300 4
235400 2
235500 2
235600 2
235700 1
235800 2
235900 3
236000 2
236100 1
236200 3
236300 4
236400 2
236500 2
236600 3
236700 5
236800 4
236900 2
237000 0
237100 2
237200 4
237300 2
237400 2
237500 4
237600 4
237700 6
237800 1
237900 1
238000 1
238100 7
238200 24
238300 19
238400 7
238500 6
238600 5
238700 4
238800 1
238900 2
239000 1
239100 1
239200 1
239300 2
239400 2
239500 3
239600 2
239700 2
239800 1
239900 5
240000 4
240100 0
240200 2
240300 3
240400 5
240500 2
240600 6
240700 4
240800 0
240900 2
241000 4
241100 0
241200 5
241300 1
241400 2
241500 4
241600 4
241700 5
241800 3
241900 5
242000 0
242100 2
242200 3
242300 7
242400 1
242500 3
242600 2
242700 5
242800 2
242900 0
243000 4
243100 2
243200 1
243300 2
243400 3
243500 1
243600 3
243700 3
243800 2
243900 2
244000 1
244100 2
244200 1
244300 1
244400 0
244500 1
244600 6
244700 2
244800 6
244900 0
245000 6
245100 1
245200 1
245300 0
245400 1
245500 3
245600 0
245700 0
245800 1
245900 5
246000 6
246100 1
246200 41
246300 412
246400 2191
246500 3585
246600 1862
246700 274
246800 30
246900 5
247000 10
247100 5
247200 0
247300 1
247400 6
247500 6
247600 1
247700 2
247800 3
247900 3
248000 1
248100 3
248200 3
248300 3
248400 4
248500 2
248600 3
248700 0
248800 3
248900 3
249000 3
249100 7
249200 1
249300 1
249400 5
249500 2
249600 3
249700 2
249800 1
249900 1
250000 3
250100 2
250200 0
250300 2
250400 1
250500 4
250600 1
250700 1
250800 3
250900 1
251000 1
251100 7
251200 5
251300 10
251400 17
251500 6
251600 3
251700 3
251800 1
251900 3
252000 3
252100 3
252200 2
252300 5
252400 3
252500 4
252600 3
252700 3
252800 3
252900 2
253000 0
253100 1
253200 3
253300 1
253400 4
253500 2
253600 4
253700 5
253800 4
253900 4
254000 3
254100 0
254200 3
254300 5
254400 3
254500 1
254600 1
254700 1
254800 3
254900 0
255000 1
255100 0
255200 1
255300 3
255400 2
255500 6
255600 4
255700 1
255800 4
255900 4
256000 4
256100 2
256200 0
256300 1
256400 1
256500 1
256600 3
256700 0
256800 2
256900 3
257000 2
257100 2
257200 5
257300 3
257400 0
257500 3
257600 3
257700 1
257800 5
257900 2
258000 3
258100 3
258200 3
258300 2
258400 3
258500 2
258600 6
258700 2
258800 1
258900 1
259000 4
259100 5
259200 6
259300 21
259400 211
259500 1367
259600 3453
259700 2602
259800 600
259900 59
260000 6
260100 4
260200 5
260300 1
260400 4
260500 2
260600 3
260700 4
260800 3
260900 1
261000 2
261100 2
261200 3
261300 3
261400 3
261500 1
261600 2
261700 0
261800 3
261900 0
262000 2
262100 3
262200 3
262300 4
262400 1
262500 3
262600 7
262700 1
262800 3
262900 3
263000 4
263100 1
263200 1
263300 0
263400 2
263500 5
263600 6
263700 4
263800 3
263900 2
264000 2
264100 2
264200 2
264300 5
264400 8
264500 19
264600 14
264700 4
264800 1
264900 1
265000 4
265100 1
265200 2
265300 0
265400 3
265500 4
265600 6
265700 3
265800 4
265900 2
266000 6
266100 2
266200 0
266300 1
266400 5
266500 3
266600 3
266700 0
266800 4
266900 3
267000 5
267100 1
267200 1
267300 0
267400 2
267500 1
267600 2
267700 3
267800 3
267900 3
268000 3
268100 1
268200 3
268300 4
268400 2
268500 1
268600 1
268700 2
268800 0
268900 0
269000 2
269100 3
269200 2
269300 2
269400 0
269500 2
269600 3
269700 3
269800 3
269900 2
270000 3
270100 2
270200 3
270300 2
270400 5
270500 1
270600 2
270700 4
270800 4
270900 2
271000 4
271100 5
271200 5
271300 0
271400 1
271500 4
271600 1
271700 1
271800 2
271900 5
272000 3
272100 1
272200 4
272300 7
272400 8
272500 86
272600 836
272700 3047
272800 3196
272900 1013
273000 107
273100 9
273200 6
273300 4
273400 3
273500 1
273600 4
273700 1
273800 1
273900 0
274000 2
274100 1
274200 7
274300 2
274400 3
274500 6
274600 5
274700 1
274800 2
274900 2
275000 3
275100 4
275200 4
275300 4
275400 2
275500 1
275600 2
275700 1
275800 3
275900 2
276000 1
276100 1
276200 1
276300 3
276400 1
276500 3
276600 2
276700 3
276800 1
276900 3
277000 2
277100 2
277200 0
277300 2
277400 1
277500 8
277600 21
277700 21
277800 4
277900 2
278000 8
278100 4
278200 2
278300 1
278400 3
278500 3
278600 3
278700 4
278800 0
278900 2
279000 3
279100 2
279200 0
279300 3
279400 3
279500 3
279600 1
279700 3
279800 3
279900 4
280000 5
280100 2
280200 1
280300 3
280400 6
280500 1
280600 3
280700 5
280800 2
280900 3
281000 2
281100 3
281200 1
281300 2
281400 4
281500 1
281600 3
281700 4
281800 4
281900 2
282000 0
282100 1
282200 0
282300 1
282400 4
282500 3
282600 0
282700 1
282800 2
282900 3
283000 0
283100 5
283200 2
283300 0
283400 3
283500 3
283600 0
283700 4
283800 2
283900 2
284000 4
284100 1
284200 3
284300 2
284400 5
284500 7
284600 2
284700 5
284800 2
284900 4
285000 4
285100 2
285200 1
285300 4
285400 3
285500 8
285600 29
285700 418
285800 2200
285900 3567
286000 1895
286100 281
286200 16
286300 5
286400 8
286500 4
286600 2
286700 3
286800 4
286900 5
287000 2
287100 2
287200 4
287300 3
287400 1
287500 5
287600 7
287700 5
287800 4
287900 2
288000 0
288100 3
288200 1
288300 2
288400 2
288500 1
288600 4
288700 0
288800 3
288900 3
289000 0
289100 1
289200 2
289300 3
289400 5
289500 3
289600 2
289700 4
289800 3
289900 2
290000 1
290100 3
290200 1
290300 2
290400 2
290500 1
290600 2
290700 11
290800 14
290900 8
291000 4
291100 3
291200 1
291300 0
291400 4
291500 1
291600 3
291700 0
291800 3
291900 1
292000 3
292100 1
292200 5
292300 2
292400 4
292500 1
292600 1
292700 2
292800 5
292900 4
293000 4
293100 3
293200 1
293300 3
293400 1
293500 1
293600 6
293700 1
293800 4
293900 3
294000 2
294100 1
294200 4
294300 1
294400 3
294500 1
294600 3
294700 3
294800 1
294900 1
295000 3
295100 3
295200 2
295300 1
295400 0
295500 1
295600 7
295700 2
295800 3
295900 0
296000 5
296100 5
296200 3
296300 1
296400 0
296500 2
296600 3
296700 5
296800 3
296900 2
297000 3
297100 5
297200 4
297300 3
297400 4
297500 3
297600 1
297700 4
297800 1
297900 2
298000 3
298100 3
298200 3
298300 4
298400 6
298500 3
298600 3
298700 15
298800 192
298900 1252
299000 3336
299100 2676
299200 686
299300 70
299400 6
299500 7
299600 5
299700 3
299800 0
299900 1
300000 0
300100 1
300200 2
300300 0
300400 2
300500 1
300600 3
300700 5
300800 2
300900 6
301000 0
301100 0
301200 1
301300 1
301400 4
301500 5
301600 2
301700 3
301800 3
301900 1
302000 5
302100 5
302200 1
302300 2
302400 2
302500 2
302600 5
302700 1
302800 2
302900 2
303000 2
303100 1
303200 2
303300 0
303400 0
303500 2
303600 3
303700 3
303800 7
303900 14
304000 9
304100 8
304200 3
304300 2
304400 1
304500 2
304600 0
304700 2
304800 1
304900 2
305000 1
305100 0
305200 3
305300 3
305400 2
305500 1
305600 4
305700 2
305800 2
305900 3
306000 2
306100 3
306200 3
306300 0
306400 2
306500 4
306600 2
306700 2
306800 2
306900 1
307000 4
307100 2
307200 1
307300 5
307400 3
307500 3
307600 2
307700 1
307800 2
307900 6
308000 3
308100 5
308200 4
308300 4
308400 1
308500 1
308600 2
308700 4
308800 1
308900 1
309000 4
309100 2
309200 3
309300 3
309400 2
309500 1
309600 6
309700 1
309800 2
309900 5
