-290000 3
-289900 1
-289800 0
-289700 0
-289600 1
-289500 3
-289400 0
-289300 0
-289200 0
-289100 1
-289000 0
-288900 0
-288800 1
-288700 1
-288600 0
-288500 1
-288400 1
-288300 0
-288200 2
-288100 0
-288000 2
-287900 3
-287800 0
-287700 0
-287600 0
-287500 1
-287400 2
-287300 0
-287200 3
-287100 4
-287000 1
-286900 3
-286800 2
-286700 1
-286600 1
-286500 1
-286400 2
-286300 2
-286200 2
-286100 0
-286000 2
-285900 0
-285800 1
-285700 0
-285600 0
-285500 1
-285400 1
-285300 1
-285200 1
-285100 2
-285000 0
-284900 2
-284800 2
-284700 0
-284600 0
-284500 2
-284400 0
-284300 0
-284200 1
-284100 0
-284000 1
-283900 2
-283800 0
-283700 1
-283600 1
-283500 3
-283400 0
-283300 1
-283200 2
-283100 0
-283000 3
-282900 0
-282800 2
-282700 0
-282600 3
-282500 3
-282400 1
-282300 1
-282200 1
-282100 0
-282000 1
-281900 1
-281800 1
-281700 0
-281600 0
-281500 2
-281400 1
-281300 0
-281200 0
-281100 1
-281000 2
-280900 0
-280800 0
-280700 0
-280600 1
-280500 2
-280400 0
-280300 3
-280200 2
-280100 0
-280000 1
-279900 1
-279800 0
-279700 0
-279600 2
-279500 1
-279400 0
-279300 2
-279200 5
-279100 36
-279000 246
-278900 392
-278800 240
-278700 36
-278600 4
-278500 1
-278400 1
-278300 0
-278200 2
-278100 0
-278000 1
-277900 2
-277800 2
-277700 2
-277600 1
-277500 1
-277400 0
-277300 1
-277200 0
-277100 0
-277000 2
-276900 0
-276800 0
-276700 0
-276600 3
-276500 1
-276400 1
-276300 1
-276200 1
-276100 1
-276000 1
-275900 0
-275800 0
-275700 1
-275600 2
-275500 2
-275400 1
-275300 1
-275200 0
-275100 1
-275000 1
-274900 1
-274800 0
-274700 1
-274600 0
-274500 1
-274400 0
-274300 0
-274200 0
-274100 1
-274000 3
-273900 3
-273800 1
-273700 0
-273600 1
-273500 1
-273400 0
-273300 0
-273200 0
-273100 0
-273000 1
-272900 0
-272800 1
-272700 2
-272600 1
-272500 1
-272400 2
-272300 0
-272200 1
-272100 0
-272000 2
-271900 1
-271800 0
-271700 1
-271600 0
-271500 2
-271400 0
-271300 0
-271200 1
-271100 1
-271000 0
-270900 1
-270800 1
-270700 1
-270600 0
-270500 0
-270400 2
-270300 2
-270200 0
-270100 1
-270000 0
-269900 2
-269800 0
-269700 1
-269600 1
-269500 0
-269400 1
-269300 1
-269200 1
-269100 5
-269000 1
-268900 1
-268800 2
-268700 1
-268600 1
-268500 2
-268400 0
-268300 1
-268200 0
-268100 1
-268000 0
-267900 2
-267800 0
-267700 0
-267600 2
-267500 0
-267400 0
-267300 0
-267200 1
-267100 1
-267000 1
-266900 2
-266800 1
-266700 1
-266600 1
-266500 0
-266400 0
-266300 1
-266200 3
-266100 0
-266000 21
-265900 165
-265800 398
-265700 308
-265600 73
-265500 9
-265400 0
-265300 0
-265200 1
-265100 0
-265000 0
-264900 0
-264800 1
-264700 0
-264600 2
-264500 1
-264400 1
-264300 1
-264200 2
-264100 0
-264000 1
-263900 2
-263800 1
-263700 0
-263600 1
-263500 2
-263400 1
-263300 2
-263200 1
-263100 1
-263000 3
-262900 0
-262800 1
-262700 3
-262600 0
-262500 1
-262400 2
-262300 1
-262200 0
-262100 0
-262000 1
-261900 0
-261800 0
-261700 0
-261600 1
-261500 1
-261400 0
-261300 0
-261200 1
-261100 0
-261000 3
-260900 1
-260800 2
-260700 1
-260600 1
-260500 0
-260400 2
-260300 3
-260200 1
-260100 0
-260000 0
-259900 2
-259800 1
-259700 1
-259600 0
-259500 1
-259400 0
-259300 2
-259200 2
-259100 1
-259000 1
-258900 0
-258800 1
-258700 2
-258600 2
-258500 0
-258400 3
-258300 1
-258200 1
-258100 2
-258000 0
-257900 3
-257800 4
-257700 2
-257600 0
-257500 0
-257400 1
-257300 0
-257200 0
-257100 1
-257000 0
-256900 0
-256800 2
-256700 3
-256600 0
-256500 1
-256400 0
-256300 2
-256200 2
-256100 1
-256000 2
-255900 2
-255800 0
-255700 6
-255600 0
-255500 1
-255400 1
-255300 0
-255200 0
-255100 0
-255000 1
-254900 1
-254800 0
-254700 1
-254600 1
-254500 0
-254400 0
-254300 3
-254200 2
-254100 1
-254000 0
-253900 1
-253800 1
-253700 1
-253600 1
-253500 3
-253400 1
-253300 0
-253200 0
-253100 1
-253000 2
-252900 7
-252800 93
-252700 320
-252600 392
-252500 148
-252400 16
-252300 3
-252200 0
-252100 1
-252000 0
-251900 1
-251800 2
-251700 1
-251600 0
-251500 1
-251400 1
-251300 1
-251200 4
-251100 1
-251000 1
-250900 1
-250800 0
-250700 1
-250600 1
-250500 1
-250400 0
-250300 0
-250200 2
-250100 1
-250000 1
-249900 1
-249800 0
-249700 1
-249600 1
-249500 1
-249400 1
-249300 0
-249200 0
-249100 1
-249000 2
-248900 1
-248800 1
-248700 0
-248600 0
-248500 0
-248400 0
-248300 2
-248200 0
-248100 3
-248000 0
-247900 3
-247800 5
-247700 4
-247600 0
-247500 1
-247400 1
-247300 1
-247200 0
-247100 1
-247000 0
-246900 1
-246800 0
-246700 0
-246600 0
-246500 3
-246400 0
-246300 1
-246200 0
-246100 0
-246000 1
-245900 0
-245800 2
-245700 2
-245600 0
-245500 1
-245400 0
-245300 1
-245200 2
-245100 1
-245000 1
-244900 0
-244800 1
-244700 0
-244600 2
-244500 1
-244400 1
-244300 0
-244200 0
-244100 1
-244000 2
-243900 1
-243800 0
-243700 0
-243600 0
-243500 0
-243400 1
-243300 1
-243200 0
-243100 0
-243000 1
-242900 1
-242800 1
-242700 0
-242600 0
-242500 0
-242400 1
-242300 1
-242200 1
-242100 1
-242000 1
-241900 0
-241800 3
-241700 0
-241600 0
-241500 0
-241400 0
-241300 1
-241200 0
-241100 0
-241000 2
-240900 0
-240800 1
-240700 1
-240600 0
-240500 0
-240400 2
-240300 0
-240200 1
-240100 1
-240000 1
-239900 0
-239800 2
-239700 46
-239600 213
-239500 444
-239400 228
-239300 45
-239200 6
-239100 1
-239000 0
-238900 1
-238800 3
-238700 1
-238600 0
-238500 2
-238400 2
-238300 0
-238200 0
-238100 2
-238000 1
-237900 1
-237800 0
-237700 2
-237600 0
-237500 1
-237400 2
-237300 1
-237200 0
-237100 0
-237000 1
-236900 0
-236800 0
-236700 0
-236600 0
-236500 2
-236400 1
-236300 1
-236200 3
-236100 0
-236000 0
-235900 0
-235800 1
-235700 0
-235600 0
-235500 1
-235400 3
-235300 2
-235200 1
-235100 0
-235000 1
-234900 0
-234800 0
-234700 0
-234600 4
-234500 3
-234400 1
-234300 2
-234200 0
-234100 2
-234000 0
-233900 0
-233800 2
-233700 2
-233600 0
-233500 3
-233400 0
-233300 4
-233200 2
-233100 0
-233000 1
-232900 2
-232800 1
-232700 2
-232600 2
-232500 1
-232400 1
-232300 0
-232200 1
-232100 1
-232000 0
-231900 1
-231800 0
-231700 1
-231600 2
-231500 0
-231400 0
-231300 1
-231200 2
-231100 0
-231000 2
-230900 0
-230800 1
-230700 2
-230600 1
-230500 1
-230400 3
-230300 1
-230200 3
-230100 1
-230000 0
-229900 1
-229800 1
-229700 1
-229600 2
-229500 0
-229400 0
-229300 0
-229200 3
-229100 0
-229000 1
-228900 0
-228800 1
-228700 0
-228600 0
-228500 0
-228400 1
-228300 0
-228200 0
-228100 0
-228000 0
-227900 1
-227800 1
-227700 2
-227600 2
-227500 0
-227400 0
-227300 0
-227200 0
-227100 0
-227000 1
-226900 0
-226800 2
-226700 1
-226600 14
-226500 138
-226400 401
-226300 348
-226200 77
-226100 7
-226000 0
-225900 2
-225800 0
-225700 1
-225600 0
-225500 0
-225400 0
-225300 0
-225200 1
-225100 4
-225000 0
-224900 3
-224800 1
-224700 0
-224600 0
-224500 0
-224400 1
-224300 1
-224200 2
-224100 0
-224000 3
-223900 1
-223800 0
-223700 2
-223600 1
-223500 1
-223400 2
-223300 1
-223200 0
-223100 2
-223000 0
-222900 0
-222800 1
-222700 0
-222600 0
-222500 3
-222400 0
-222300 1
-222200 0
-222100 1
-222000 1
-221900 1
-221800 3
-221700 0
-221600 2
-221500 5
-221400 0
-221300 0
-221200 2
-221100 0
-221000 4
-220900 0
-220800 0
-220700 1
-220600 0
-220500 1
-220400 1
-220300 0
-220200 2
-220100 1
-220000 0
-219900 0
-219800 3
-219700 0
-219600 3
-219500 0
-219400 1
-219300 0
-219200 1
-219100 0
-219000 0
-218900 0
-218800 2
-218700 1
-218600 1
-218500 1
-218400 1
-218300 1
-218200 0
-218100 1
-218000 1
-217900 3
-217800 1
-217700 2
-217600 2
-217500 0
-217400 2
-217300 1
-217200 1
-217100 0
-217000 1
-216900 2
-216800 1
-216700 2
-216600 1
-216500 2
-216400 0
-216300 0
-216200 1
-216100 0
-216000 2
-215900 1
-215800 0
-215700 1
-215600 2
-215500 2
-215400 0
-215300 1
-215200 1
-215100 2
-215000 1
-214900 2
-214800 2
-214700 0
-214600 1
-214500 0
-214400 0
-214300 1
-214200 1
-214100 0
-214000 1
-213900 0
-213800 1
-213700 0
-213600 1
-213500 5
-213400 104
-213300 367
-213200 361
-213100 124
-213000 11
-212900 2
-212800 1
-212700 0
-212600 0
-212500 2
-212400 2
-212300 0
-212200 0
-212100 0
-212000 0
-211900 0
-211800 0
-211700 1
-211600 4
-211500 2
-211400 0
-211300 0
-211200 1
-211100 0
-211000 0
-210900 1
-210800 0
-210700 1
-210600 1
-210500 1
-210400 2
-210300 2
-210200 0
-210100 1
-210000 2
-209900 0
-209800 2
-209700 0
-209600 2
-209500 1
-209400 1
-209300 1
-209200 0
-209100 1
-209000 3
-208900 0
-208800 0
-208700 1
-208600 1
-208500 1
-208400 1
-208300 3
-208200 1
-208100 2
-208000 1
-207900 0
-207800 2
-207700 0
-207600 2
-207500 1
-207400 0
-207300 0
-207200 1
-207100 1
-207000 2
-206900 0
-206800 1
-206700 0
-206600 2
-206500 0
-206400 1
-206300 2
-206200 1
-206100 0
-206000 0
-205900 1
-205800 0
-205700 0
-205600 0
-205500 1
-205400 1
-205300 1
-205200 0
-205100 2
-205000 1
-204900 0
-204800 1
-204700 1
-204600 3
-204500 1
-204400 1
-204300 1
-204200 0
-204100 0
-204000 2
-203900 1
-203800 0
-203700 1
-203600 0
-203500 2
-203400 2
-203300 2
-203200 0
-203100 0
-203000 1
-202900 0
-202800 1
-202700 4
-202600 0
-202500 1
-202400 0
-202300 0
-202200 0
-202100 0
-202000 0
-201900 2
-201800 1
-201700 1
-201600 4
-201500 0
-201400 1
-201300 1
-201200 0
-201100 1
-201000 0
-200900 0
-200800 0
-200700 1
-200600 2
-200500 1
-200400 6
-200300 36
-200200 257
-200100 481
-200000 181
-199900 37
-199800 6
-199700 0
-199600 1
-199500 1
-199400 1
-199300 1
-199200 0
-199100 1
-199000 1
-198900 2
-198800 0
-198700 0
-198600 1
-198500 1
-198400 0
-198300 0
-198200 0
-198100 2
-198000 0
-197900 0
-197800 1
-197700 1
-197600 1
-197500 2
-197400 1
-197300 1
-197200 1
-197100 0
-197000 2
-196900 1
-196800 1
-196700 2
-196600 1
-196500 1
-196400 2
-196300 1
-196200 0
-196100 2
-196000 1
-195900 3
-195800 0
-195700 0
-195600 1
-195500 2
-195400 3
-195300 1
-195200 3
-195100 5
-195000 0
-194900 0
-194800 1
-194700 0
-194600 0
-194500 0
-194400 2
-194300 0
-194200 1
-194100 0
-194000 2
-193900 0
-193800 0
-193700 2
-193600 1
-193500 0
-193400 0
-193300 1
-193200 0
-193100 1
-193000 1
-192900 0
-192800 0
-192700 0
-192600 1
-192500 1
-192400 1
-192300 0
-192200 2
-192100 0
-192000 1
-191900 2
-191800 1
-191700 0
-191600 0
-191500 2
-191400 1
-191300 1
-191200 1
-191100 1
-191000 1
-190900 1
-190800 1
-190700 2
-190600 2
-190500 0
-190400 0
-190300 2
-190200 0
-190100 0
-190000 3
-189900 0
-189800 0
-189700 1
-189600 0
-189500 2
-189400 2
-189300 1
-189200 0
-189100 1
-189000 1
-188900 1
-188800 1
-188700 0
-188600 0
-188500 1
-188400 1
-188300 2
-188200 1
-188100 2
-188000 1
-187900 1
-187800 0
-187700 1
-187600 2
-187500 0
-187400 1
-187300 2
-187200 19
-187100 159
-187000 369
-186900 327
-186800 79
-186700 0
-186600 0
-186500 1
-186400 2
-186300 1
-186200 1
-186100 1
-186000 1
-185900 1
-185800 2
-185700 0
-185600 0
-185500 2
-185400 1
-185300 2
-185200 1
-185100 0
-185000 0
-184900 0
-184800 1
-184700 1
-184600 2
-184500 0
-184400 0
-184300 0
-184200 1
-184100 1
-184000 0
-183900 0
-183800 3
-183700 1
-183600 2
-183500 1
-183400 0
-183300 2
-183200 1
-183100 1
-183000 1
-182900 1
-182800 2
-182700 0
-182600 1
-182500 0
-182400 2
-182300 2
-182200 1
-182100 1
-182000 2
-181900 4
-181800 0
-181700 0
-181600 3
-181500 2
-181400 0
-181300 0
-181200 0
-181100 1
-181000 0
-180900 0
-180800 0
-180700 0
-180600 0
-180500 0
-180400 2
-180300 1
-180200 1
-180100 1
-180000 0
-179900 1
-179800 1
-179700 1
-179600 2
-179500 2
-179400 2
-179300 1
-179200 1
-179100 0
-179000 0
-178900 0
-178800 1
-178700 0
-178600 0
-178500 0
-178400 0
-178300 1
-178200 0
-178100 2
-178000 0
-177900 1
-177800 0
-177700 1
-177600 2
-177500 2
-177400 0
-177300 3
-177200 0
-177100 3
-177000 2
-176900 1
-176800 2
-176700 1
-176600 2
-176500 1
-176400 0
-176300 0
-176200 1
-176100 1
-176000 2
-175900 0
-175800 1
-175700 1
-175600 0
-175500 1
-175400 1
-175300 2
-175200 0
-175100 0
-175000 0
-174900 0
-174800 0
-174700 0
-174600 0
-174500 4
-174400 0
-174300 2
-174200 3
-174100 5
-174000 73
-173900 285
-173800 414
-173700 144
-173600 14
-173500 2
-173400 1
-173300 3
-173200 0
-173100 0
-173000 3
-172900 2
-172800 2
-172700 1
-172600 0
-172500 0
-172400 0
-172300 0
-172200 1
-172100 1
-172000 3
-171900 1
-171800 2
-171700 0
-171600 0
-171500 2
-171400 0
-171300 0
-171200 0
-171100 0
-171000 0
-170900 2
-170800 1
-170700 0
-170600 1
-170500 0
-170400 0
-170300 0
-170200 2
-170100 0
-170000 0
-169900 1
-169800 1
-169700 3
-169600 0
-169500 0
-169400 1
-169300 0
-169200 0
-169100 2
-169000 2
-168900 3
-168800 2
-168700 1
-168600 0
-168500 0
-168400 1
-168300 0
-168200 0
-168100 0
-168000 0
-167900 1
-167800 3
-167700 1
-167600 0
-167500 0
-167400 2
-167300 0
-167200 1
-167100 0
-167000 2
-166900 0
-166800 1
-166700 0
-166600 0
-166500 1
-166400 2
-166300 0
-166200 2
-166100 3
-166000 1
-165900 2
-165800 2
-165700 2
-165600 0
-165500 2
-165400 1
-165300 2
-165200 1
-165100 0
-165000 1
-164900 0
-164800 0
-164700 0
-164600 1
-164500 0
-164400 2
-164300 0
-164200 1
-164100 1
-164000 0
-163900 1
-163800 1
-163700 0
-163600 1
-163500 0
-163400 0
-163300 0
-163200 1
-163100 0
-163000 1
-162900 0
-162800 0
-162700 1
-162600 2
-162500 2
-162400 5
-162300 3
-162200 2
-162100 1
-162000 1
-161900 1
-161800 2
-161700 0
-161600 1
-161500 0
-161400 0
-161300 0
-161200 0
-161100 4
-161000 4
-160900 25
-160800 217
-160700 407
-160600 211
-160500 44
-160400 1
-160300 2
-160200 0
-160100 0
-160000 1
-159900 1
-159800 1
-159700 0
-159600 1
-159500 0
-159400 0
-159300 0
-159200 0
-159100 1
-159000 0
-158900 0
-158800 2
-158700 1
-158600 2
-158500 1
-158400 1
-158300 1
-158200 0
-158100 0
-158000 0
-157900 1
-157800 0
-157700 1
-157600 0
-157500 0
-157400 1
-157300 1
-157200 2
-157100 0
-157000 1
-156900 1
-156800 0
-156700 0
-156600 1
-156500 1
-156400 1
-156300 0
-156200 0
-156100 1
-156000 1
-155900 1
-155800 1
-155700 1
-155600 2
-155500 0
-155400 1
-155300 0
-155200 1
-155100 0
-155000 2
-154900 2
-154800 1
-154700 1
-154600 0
-154500 1
-154400 0
-154300 1
-154200 2
-154100 2
-154000 1
-153900 1
-153800 0
-153700 1
-153600 0
-153500 0
-153400 1
-153300 0
-153200 0
-153100 0
-153000 0
-152900 2
-152800 2
-152700 0
-152600 1
-152500 1
-152400 1
-152300 1
-152200 2
-152100 0
-152000 1
-151900 2
-151800 1
-151700 0
-151600 0
-151500 0
-151400 0
-151300 1
-151200 0
-151100 0
-151000 0
-150900 0
-150800 2
-150700 1
-150600 3
-150500 1
-150400 0
-150300 1
-150200 2
-150100 0
-150000 1
-149900 1
-149800 1
-149700 0
-149600 0
-149500 2
-149400 1
-149300 1
-149200 0
-149100 1
-149000 0
-148900 0
-148800 1
-148700 2
-148600 2
-148500 2
-148400 1
-148300 0
-148200 1
-148100 1
-148000 0
-147900 2
-147800 10
-147700 102
-147600 376
-147500 362
-147400 86
-147300 9
-147200 4
-147100 0
-147000 1
-146900 0
-146800 1
-146700 0
-146600 0
-146500 1
-146400 2
-146300 0
-146200 0
-146100 0
-146000 0
-145900 1
-145800 1
-145700 0
-145600 1
-145500 0
-145400 0
-145300 2
-145200 0
-145100 1
-145000 0
-144900 1
-144800 0
-144700 0
-144600 1
-144500 1
-144400 1
-144300 1
-144200 1
-144100 1
-144000 0
-143900 1
-143800 1
-143700 1
-143600 0
-143500 0
-143400 0
-143300 1
-143200 3
-143100 1
-143000 1
-142900 1
-142800 1
-142700 2
-142600 5
-142500 1
-142400 1
-142300 1
-142200 0
-142100 0
-142000 0
-141900 1
-141800 2
-141700 1
-141600 1
-141500 0
-141400 0
-141300 1
-141200 2
-141100 0
-141000 1
-140900 2
-140800 0
-140700 1
-140600 3
-140500 1
-140400 0
-140300 1
-140200 1
-140100 3
-140000 2
-139900 1
-139800 0
-139700 0
-139600 1
-139500 2
-139400 0
-139300 0
-139200 1
-139100 2
-139000 2
-138900 2
-138800 2
-138700 0
-138600 0
-138500 1
-138400 0
-138300 1
-138200 0
-138100 2
-138000 0
-137900 2
-137800 0
-137700 1
-137600 0
-137500 2
-137400 1
-137300 1
-137200 0
-137100 1
-137000 1
-136900 0
-136800 1
-136700 0
-136600 1
-136500 1
-136400 0
-136300 1
-136200 0
-136100 2
-136000 1
-135900 1
-135800 0
-135700 0
-135600 0
-135500 0
-135400 1
-135300 0
-135200 1
-135100 1
-135000 0
-134900 0
-134800 3
-134700 4
-134600 71
-134500 284
-134400 434
-134300 183
-134200 24
-134100 1
-134000 1
-133900 0
-133800 0
-133700 0
-133600 3
-133500 2
-133400 0
-133300 1
-133200 0
-133100 2
-133000 1
-132900 0
-132800 1
-132700 0
-132600 0
-132500 0
-132400 0
-132300 1
-132200 1
-132100 0
-132000 1
-131900 0
-131800 0
-131700 1
-131600 0
-131500 0
-131400 0
-131300 0
-131200 0
-131100 1
-131000 0
-130900 1
-130800 1
-130700 0
-130600 0
-130500 2
-130400 0
-130300 1
-130200 2
-130100 2
-130000 1
-129900 1
-129800 1
-129700 1
-129600 4
-129500 6
-129400 2
-129300 1
-129200 0
-129100 4
-129000 1
-128900 0
-128800 0
-128700 2
-128600 0
-128500 3
-128400 0
-128300 1
-128200 1
-128100 1
-128000 2
-127900 0
-127800 0
-127700 0
-127600 2
-127500 2
-127400 2
-127300 1
-127200 0
-127100 2
-127000 0
-126900 0
-126800 2
-126700 1
-126600 0
-126500 1
-126400 0
-126300 0
-126200 0
-126100 0
-126000 0
-125900 2
-125800 0
-125700 0
-125600 0
-125500 0
-125400 0
-125300 0
-125200 2
-125100 1
-125000 1
-124900 1
-124800 1
-124700 1
-124600 2
-124500 0
-124400 1
-124300 0
-124200 0
-124100 3
-124000 0
-123900 3
-123800 0
-123700 3
-123600 0
-123500 0
-123400 1
-123300 0
-123200 1
-123100 1
-123000 1
-122900 0
-122800 1
-122700 2
-122600 1
-122500 0
-122400 2
-122300 1
-122200 1
-122100 0
-122000 0
-121900 0
-121800 1
-121700 1
-121600 2
-121500 20
-121400 199
-121300 484
-121200 267
-121100 41
-121000 5
-120900 2
-120800 4
-120700 3
-120600 0
-120500 2
-120400 0
-120300 0
-120200 1
-120100 1
-120000 1
-119900 0
-119800 5
-119700 0
-119600 1
-119500 1
-119400 0
-119300 0
-119200 2
-119100 0
-119000 3
-118900 0
-118800 1
-118700 2
-118600 0
-118500 0
-118400 0
-118300 1
-118200 1
-118100 1
-118000 1
-117900 0
-117800 4
-117700 1
-117600 0
-117500 0
-117400 0
-117300 0
-117200 1
-117100 0
-117000 0
-116900 1
-116800 0
-116700 1
-116600 1
-116500 2
-116400 2
-116300 3
-116200 0
-116100 0
-116000 1
-115900 0
-115800 0
-115700 1
-115600 2
-115500 1
-115400 0
-115300 3
-115200 0
-115100 2
-115000 1
-114900 1
-114800 1
-114700 1
-114600 0
-114500 3
-114400 2
-114300 0
-114200 0
-114100 1
-114000 2
-113900 0
-113800 0
-113700 3
-113600 0
-113500 1
-113400 1
-113300 0
-113200 0
-113100 1
-113000 0
-112900 0
-112800 0
-112700 0
-112600 1
-112500 0
-112400 2
-112300 1
-112200 1
-112100 1
-112000 2
-111900 2
-111800 2
-111700 0
-111600 1
-111500 1
-111400 0
-111300 0
-111200 3
-111100 2
-111000 1
-110900 0
-110800 2
-110700 1
-110600 0
-110500 0
-110400 0
-110300 0
-110200 1
-110100 0
-110000 1
-109900 0
-109800 1
-109700 0
-109600 0
-109500 0
-109400 1
-109300 1
-109200 1
-109100 2
-109000 1
-108900 1
-108800 1
-108700 0
-108600 0
-108500 2
-108400 11
-108300 123
-108200 401
-108100 328
-108000 69
-107900 6
-107800 1
-107700 0
-107600 2
-107500 2
-107400 2
-107300 3
-107200 1
-107100 1
-107000 1
-106900 0
-106800 2
-106700 0
-106600 1
-106500 1
-106400 0
-106300 1
-106200 1
-106100 2
-106000 0
-105900 2
-105800 2
-105700 1
-105600 2
-105500 1
-105400 1
-105300 0
-105200 2
-105100 1
-105000 1
-104900 1
-104800 2
-104700 0
-104600 0
-104500 1
-104400 1
-104300 0
-104200 1
-104100 0
-104000 2
-103900 0
-103800 1
-103700 2
-103600 0
-103500 1
-103400 2
-103300 2
-103200 2
-103100 0
-103000 0
-102900 2
-102800 2
-102700 0
-102600 1
-102500 0
-102400 0
-102300 0
-102200 1
-102100 1
-102000 1
-101900 1
-101800 1
-101700 3
-101600 0
-101500 1
-101400 1
-101300 0
-101200 1
-101100 1
-101000 2
-100900 2
-100800 0
-100700 2
-100600 2
-100500 0
-100400 1
-100300 2
-100200 1
-100100 0
-100000 1
-99900 0
-99800 1
-99700 2
-99600 0
-99500 1
-99400 1
-99300 0
-99200 0
-99100 2
-99000 1
-98900 0
-98800 0
-98700 1
-98600 1
-98500 2
-98400 0
-98300 0
-98200 1
-98100 0
-98000 1
-97900 1
-97800 0
-97700 1
-97600 1
-97500 3
-97400 3
-97300 1
-97200 0
-97100 0
-97000 0
-96900 2
-96800 1
-96700 0
-96600 1
-96500 2
-96400 3
-96300 2
-96200 0
-96100 2
-96000 2
-95900 2
-95800 1
-95700 1
-95600 0
-95500 2
-95400 0
-95300 3
-95200 55
-95100 243
-95000 468
-94900 190
-94800 33
-94700 5
-94600 2
-94500 2
-94400 3
-94300 0
-94200 0
-94100 0
-94000 0
-93900 0
-93800 1
-93700 3
-93600 0
-93500 1
-93400 0
-93300 2
-93200 1
-93100 0
-93000 1
-92900 0
-92800 1
-92700 0
-92600 0
-92500 0
-92400 1
-92300 2
-92200 0
-92100 2
-92000 1
-91900 1
-91800 1
-91700 0
-91600 0
-91500 1
-91400 0
-91300 2
-91200 0
-91100 0
-91000 0
-90900 0
-90800 2
-90700 0
-90600 1
-90500 1
-90400 2
-90300 1
-90200 0
-90100 2
-90000 2
-89900 1
-89800 0
-89700 3
-89600 3
-89500 0
-89400 0
-89300 1
-89200 0
-89100 2
-89000 1
-88900 1
-88800 0
-88700 1
-88600 0
-88500 1
-88400 0
-88300 0
-88200 0
-88100 1
-88000 0
-87900 1
-87800 0
-87700 1
-87600 0
-87500 0
-87400 1
-87300 0
-87200 1
-87100 1
-87000 1
-86900 0
-86800 0
-86700 2
-86600 1
-86500 0
-86400 0
-86300 3
-86200 1
-86100 1
-86000 0
-85900 0
-85800 3
-85700 2
-85600 1
-85500 0
-85400 0
-85300 1
-85200 1
-85100 1
-85000 0
-84900 1
-84800 1
-84700 0
-84600 3
-84500 2
-84400 0
-84300 0
-84200 2
-84100 0
-84000 0
-83900 2
-83800 0
-83700 2
-83600 1
-83500 1
-83400 3
-83300 1
-83200 1
-83100 0
-83000 1
-82900 1
-82800 3
-82700 0
-82600 0
-82500 2
-82400 1
-82300 0
-82200 1
-82100 11
-82000 123
-81900 378
-81800 335
-81700 79
-81600 10
-81500 0
-81400 1
-81300 0
-81200 0
-81100 5
-81000 2
-80900 0
-80800 1
-80700 2
-80600 0
-80500 0
-80400 0
-80300 1
-80200 2
-80100 1
-80000 1
-79900 1
-79800 0
-79700 0
-79600 3
-79500 0
-79400 0
-79300 2
-79200 3
-79100 0
-79000 3
-78900 1
-78800 2
-78700 1
-78600 1
-78500 0
-78400 0
-78300 0
-78200 0
-78100 1
-78000 2
-77900 2
-77800 0
-77700 2
-77600 2
-77500 2
-77400 0
-77300 3
-77200 0
-77100 3
-77000 3
-76900 2
-76800 0
-76700 1
-76600 0
-76500 0
-76400 2
-76300 2
-76200 1
-76100 1
-76000 0
-75900 1
-75800 1
-75700 2
-75600 0
-75500 2
-75400 1
-75300 0
-75200 3
-75100 0
-75000 0
-74900 1
-74800 2
-74700 0
-74600 2
-74500 0
-74400 1
-74300 0
-74200 4
-74100 1
-74000 2
-73900 0
-73800 0
-73700 1
-73600 0
-73500 2
-73400 2
-73300 2
-73200 0
-73100 2
-73000 1
-72900 0
-72800 1
-72700 0
-72600 1
-72500 1
-72400 3
-72300 1
-72200 2
-72100 0
-72000 2
-71900 0
-71800 1
-71700 1
-71600 1
-71500 2
-71400 0
-71300 2
-71200 0
-71100 4
-71000 0
-70900 0
-70800 1
-70700 0
-70600 2
-70500 1
-70400 0
-70300 0
-70200 1
-70100 0
-70000 0
-69900 1
-69800 1
-69700 0
-69600 1
-69500 0
-69400 0
-69300 3
-69200 0
-69100 1
-69000 16
-68900 125
-68800 381
-68700 345
-68600 104
-68500 6
-68400 1
-68300 1
-68200 2
-68100 0
-68000 0
-67900 1
-67800 0
-67700 2
-67600 1
-67500 2
-67400 0
-67300 1
-67200 1
-67100 2
-67000 1
-66900 0
-66800 3
-66700 1
-66600 0
-66500 2
-66400 3
-66300 0
-66200 1
-66100 0
-66000 0
-65900 0
-65800 3
-65700 1
-65600 0
-65500 1
-65400 1
-65300 2
-65200 2
-65100 1
-65000 1
-64900 0
-64800 2
-64700 0
-64600 1
-64500 0
-64400 0
-64300 0
-64200 1
-64100 4
-64000 3
-63900 4
-63800 6
-63700 2
-63600 1
-63500 2
-63400 0
-63300 1
-63200 0
-63100 1
-63000 0
-62900 0
-62800 0
-62700 2
-62600 0
-62500 1
-62400 1
-62300 2
-62200 2
-62100 0
-62000 1
-61900 2
-61800 1
-61700 1
-61600 0
-61500 0
-61400 0
-61300 0
-61200 1
-61100 1
-61000 2
-60900 0
-60800 1
-60700 1
-60600 0
-60500 4
-60400 2
-60300 0
-60200 0
-60100 2
-60000 1
-59900 0
-59800 0
-59700 0
-59600 2
-59500 2
-59400 0
-59300 1
-59200 0
-59100 0
-59000 0
-58900 0
-58800 0
-58700 0
-58600 1
-58500 1
-58400 1
-58300 1
-58200 1
-58100 1
-58000 2
-57900 0
-57800 1
-57700 1
-57600 0
-57500 1
-57400 2
-57300 0
-57200 1
-57100 0
-57000 1
-56900 0
-56800 0
-56700 0
-56600 0
-56500 2
-56400 2
-56300 1
-56200 3
-56100 0
-56000 3
-55900 5
-55800 74
-55700 343
-55600 413
-55500 154
-55400 10
-55300 4
-55200 2
-55100 0
-55000 1
-54900 1
-54800 2
-54700 0
-54600 1
-54500 2
-54400 0
-54300 2
-54200 0
-54100 0
-54000 3
-53900 2
-53800 0
-53700 2
-53600 2
-53500 1
-53400 0
-53300 2
-53200 0
-53100 0
-53000 4
-52900 0
-52800 4
-52700 1
-52600 2
-52500 2
-52400 1
-52300 3
-52200 2
-52100 0
-52000 1
-51900 0
-51800 1
-51700 0
-51600 1
-51500 1
-51400 1
-51300 0
-51200 0
-51100 2
-51000 3
-50900 0
-50800 2
-50700 3
-50600 0
-50500 2
-50400 2
-50300 2
-50200 1
-50100 0
-50000 1
-49900 1
-49800 0
-49700 1
-49600 0
-49500 1
-49400 0
-49300 0
-49200 0
-49100 1
-49000 1
-48900 0
-48800 0
-48700 1
-48600 0
-48500 1
-48400 3
-48300 1
-48200 0
-48100 2
-48000 1
-47900 3
-47800 0
-47700 2
-47600 1
-47500 2
-47400 0
-47300 0
-47200 1
-47100 1
-47000 0
-46900 0
-46800 1
-46700 1
-46600 0
-46500 0
-46400 0
-46300 1
-46200 1
-46100 0
-46000 1
-45900 0
-45800 0
-45700 0
-45600 1
-45500 1
-45400 2
-45300 1
-45200 0
-45100 0
-45000 1
-44900 2
-44800 1
-44700 0
-44600 2
-44500 2
-44400 1
-44300 2
-44200 1
-44100 0
-44000 1
-43900 3
-43800 0
-43700 1
-43600 0
-43500 1
-43400 1
-43300 1
-43200 1
-43100 0
-43000 0
-42900 1
-42800 2
-42700 17
-42600 139
-42500 440
-42400 301
-42300 55
-42200 4
-42100 0
-42000 0
-41900 0
-41800 0
-41700 3
-41600 0
-41500 0
-41400 0
-41300 0
-41200 3
-41100 0
-41000 0
-40900 0
-40800 1
-40700 0
-40600 0
-40500 2
-40400 3
-40300 1
-40200 0
-40100 3
-40000 0
-39900 1
-39800 1
-39700 0
-39600 0
-39500 1
-39400 1
-39300 4
-39200 1
-39100 0
-39000 1
-38900 0
-38800 0
-38700 1
-38600 3
-38500 1
-38400 2
-38300 2
-38200 0
-38100 2
-38000 1
-37900 0
-37800 0
-37700 2
-37600 3
-37500 2
-37400 1
-37300 1
-37200 0
-37100 0
-37000 2
-36900 1
-36800 0
-36700 1
-36600 2
-36500 0
-36400 1
-36300 1
-36200 1
-36100 0
-36000 0
-35900 1
-35800 0
-35700 1
-35600 0
-35500 2
-35400 0
-35300 0
-35200 0
-35100 5
-35000 0
-34900 1
-34800 1
-34700 1
-34600 2
-34500 3
-34400 1
-34300 2
-34200 1
-34100 0
-34000 1
-33900 1
-33800 0
-33700 1
-33600 0
-33500 0
-33400 2
-33300 3
-33200 1
-33100 3
-33000 2
-32900 0
-32800 0
-32700 0
-32600 0
-32500 2
-32400 4
-32300 1
-32200 0
-32100 0
-32000 3
-31900 1
-31800 3
-31700 0
-31600 1
-31500 0
-31400 2
-31300 1
-31200 0
-31100 0
-31000 0
-30900 1
-30800 0
-30700 0
-30600 1
-30500 1
-30400 0
-30300 1
-30200 2
-30100 0
-30000 3
-29900 2
-29800 1
-29700 3
-29600 5
-29500 84
-29400 340
-29300 375
-29200 129
-29100 6
-29000 5
-28900 1
-28800 1
-28700 1
-28600 0
-28500 1
-28400 1
-28300 1
-28200 0
-28100 0
-28000 0
-27900 0
-27800 2
-27700 0
-27600 0
-27500 1
-27400 0
-27300 2
-27200 1
-27100 3
-27000 1
-26900 2
-26800 1
-26700 0
-26600 1
-26500 0
-26400 1
-26300 0
-26200 1
-26100 1
-26000 0
-25900 1
-25800 2
-25700 1
-25600 2
-25500 0
-25400 1
-25300 0
-25200 0
-25100 0
-25000 1
-24900 0
-24800 3
-24700 0
-24600 2
-24500 2
-24400 2
-24300 2
-24200 1
-24100 0
-24000 0
-23900 0
-23800 0
-23700 0
-23600 0
-23500 1
-23400 0
-23300 1
-23200 0
-23100 0
-23000 0
-22900 2
-22800 2
-22700 0
-22600 1
-22500 2
-22400 1
-22300 0
-22200 0
-22100 1
-22000 0
-21900 1
-21800 0
-21700 1
-21600 2
-21500 1
-21400 1
-21300 0
-21200 1
-21100 2
-21000 3
-20900 2
-20800 1
-20700 1
-20600 0
-20500 1
-20400 2
-20300 2
-20200 1
-20100 1
-20000 0
-19900 0
-19800 0
-19700 0
-19600 2
-19500 1
-19400 1
-19300 2
-19200 0
-19100 0
-19000 0
-18900 0
-18800 0
-18700 1
-18600 1
-18500 0
-18400 0
-18300 2
-18200 0
-18100 1
-18000 2
-17900 0
-17800 0
-17700 2
-17600 0
-17500 0
-17400 1
-17300 0
-17200 2
-17100 2
-17000 1
-16900 0
-16800 0
-16700 0
-16600 3
-16500 19
-16400 127
-16300 365
-16200 315
-16100 91
-16000 8
-15900 1
-15800 1
-15700 0
-15600 0
-15500 1
-15400 1
-15300 3
-15200 1
-15100 0
-15000 2
-14900 2
-14800 0
-14700 1
-14600 0
-14500 1
-14400 0
-14300 1
-14200 0
-14100 1
-14000 2
-13900 0
-13800 1
-13700 1
-13600 0
-13500 1
-13400 1
-13300 2
-13200 2
-13100 1
-13000 3
-12900 0
-12800 1
-12700 0
-12600 1
-12500 0
-12400 1
-12300 0
-12200 2
-12100 1
-12000 0
-11900 0
-11800 0
-11700 1
-11600 0
-11500 1
-11400 3
-11300 2
-11200 1
-11100 0
-11000 0
-10900 1
-10800 1
-10700 0
-10600 0
-10500 0
-10400 1
-10300 2
-10200 1
-10100 2
-10000 1
-9900 3
-9800 1
-9700 1
-9600 0
-9500 0
-9400 0
-9300 0
-9200 0
-9100 0
-9000 0
-8900 0
-8800 0
-8700 1
-8600 1
-8500 1
-8400 0
-8300 1
-8200 0
-8100 0
-8000 0
-7900 1
-7800 2
-7700 2
-7600 0
-7500 2
-7400 0
-7300 1
-7200 1
-7100 0
-7000 1
-6900 1
-6800 0
-6700 1
-6600 1
-6500 0
-6400 3
-6300 1
-6200 1
-6100 0
-6000 0
-5900 1
-5800 1
-5700 0
-5600 2
-5500 0
-5400 0
-5300 2
-5200 0
-5100 0
-5000 0
-4900 2
-4800 1
-4700 1
-4600 1
-4500 1
-4400 0
-4300 1
-4200 1
-4100 4
-4000 2
-3900 1
-3800 0
-3700 0
-3600 0
-3500 1
-3400 5
-3300 21
-3200 168
-3100 467
-3000 298
-2900 56
-2800 3
-2700 1
-2600 1
-2500 0
-2400 2
-2300 1
-2200 0
-2100 0
-2000 1
-1900 3
-1800 0
-1700 3
-1600 0
-1500 0
-1400 1
-1300 2
-1200 2
-1100 2
-1000 2
-900 0
-800 1
-700 1
-600 0
-500 0
-400 2
-300 0
-200 2
-100 1
0 1
100 1
200 2
300 2
400 1
500 2
600 1
700 1
800 1
900 1
1000 2
1100 1
1200 0
1300 3
1400 0
1500 1
1600 1
1700 1
1800 0
1900 2
2000 2
2100 1
2200 0
2300 0
2400 0
2500 0
2600 0
2700 0
2800 0
2900 0
3000 0
3100 1
3200 2
3300 1
3400 2
3500 1
3600 1
3700 0
3800 0
3900 0
4000 2
4100 0
4200 1
4300 1
4400 0
4500 0
4600 0
4700 0
4800 0
4900 0
5000 2
5100 1
5200 0
5300 1
5400 1
5500 0
5600 0
5700 0
5800 0
5900 0
6000 1
6100 2
6200 0
6300 1
6400 0
6500 0
6600 1
6700 0
6800 0
6900 0
7000 0
7100 0
7200 0
7300 1
7400 2
7500 0
7600 0
7700 1
7800 0
7900 1
8000 1
8100 1
8200 1
8300 1
8400 1
8500 1
8600 0
8700 1
8800 0
8900 0
9000 1
9100 0
9200 1
9300 1
9400 0
9500 0
9600 3
9700 3
9800 77
9900 1288
10000 7481
10100 12729
10200 5982
10300 771
10400 45
10500 5
10600 3
10700 0
10800 1
10900 0
11000 0
11100 1
11200 1
11300 1
11400 1
11500 0
11600 1
11700 1
11800 2
11900 0
12000 0
12100 3
12200 1
12300 0
12400 0
12500 3
12600 0
12700 1
12800 0
12900 2
13000 0
13100 3
13200 4
13300 1
13400 0
13500 0
13600 2
13700 2
13800 2
13900 1
14000 0
14100 0
14200 2
14300 1
14400 0
14500 1
14600 0
14700 0
14800 0
14900 2
15000 2
15100 1
15200 1
15300 0
15400 1
15500 0
15600 2
15700 2
15800 0
15900 1
16000 1
16100 1
16200 0
16300 0
16400 1
16500 0
16600 0
16700 2
16800 0
16900 0
17000 0
17100 1
17200 1
17300 0
17400 1
17500 1
17600 2
17700 0
17800 0
17900 0
18000 0
18100 0
18200 2
18300 2
18400 0
18500 1
18600 0
18700 1
18800 0
18900 0
19000 0
19100 3
19200 1
19300 1
19400 0
19500 0
19600 2
19700 3
19800 0
19900 1
20000 0
20100 0
20200 1
20300 1
20400 1
20500 1
20600 0
20700 0
20800 1
20900 0
21000 2
21100 2
21200 0
21300 0
21400 0
21500 0
21600 0
21700 0
21800 2
21900 2
22000 1
22100 0
22200 0
22300 0
22400 0
22500 2
22600 0
22700 2
22800 1
22900 1
23000 19
23100 181
23200 438
23300 286
23400 59
23500 3
23600 1
23700 0
23800 1
23900 0
24000 1
24100 4
24200 0
24300 0
24400 3
24500 1
24600 0
24700 0
24800 1
24900 2
25000 0
25100 0
25200 0
25300 1
25400 0
25500 0
25600 0
25700 1
25800 0
25900 2
26000 2
26100 0
26200 0
26300 0
26400 1
26500 0
26600 0
26700 0
26800 2
26900 1
27000 2
27100 0
27200 2
27300 0
27400 2
27500 0
27600 0
27700 0
27800 1
27900 0
28000 1
28100 2
28200 0
28300 2
28400 0
28500 0
28600 0
28700 1
28800 1
28900 2
29000 0
29100 0
29200 0
29300 0
29400 0
29500 1
29600 1
29700 0
29800 2
29900 3
30000 1
30100 1
30200 1
30300 2
30400 1
30500 0
30600 1
30700 2
30800 0
30900 2
31000 1
31100 1
31200 0
31300 0
31400 1
31500 0
31600 0
31700 0
31800 0
31900 0
32000 0
32100 1
32200 0
32300 1
32400 1
32500 0
32600 1
32700 1
32800 2
32900 0
33000 1
33100 3
33200 1
33300 2
33400 0
33500 0
33600 1
33700 1
33800 0
33900 1
34000 1
34100 1
34200 1
34300 4
34400 2
34500 2
34600 1
34700 0
34800 1
34900 0
35000 1
35100 0
35200 2
35300 1
35400 2
35500 0
35600 1
35700 0
35800 1
35900 3
36000 2
36100 23
36200 208
36300 479
36400 272
36500 46
36600 4
36700 4
36800 1
36900 0
37000 0
37100 1
37200 0
37300 3
37400 1
37500 2
37600 0
37700 0
37800 1
37900 1
38000 1
38100 1
38200 1
38300 0
38400 0
38500 0
38600 0
38700 0
38800 2
38900 1
39000 1
39100 0
39200 0
39300 0
39400 0
39500 3
39600 0
39700 1
39800 1
39900 0
40000 2
40100 2
40200 0
40300 1
40400 1
40500 0
40600 3
40700 1
40800 1
40900 1
41000 1
41100 3
41200 3
41300 4
41400 1
41500 1
41600 1
41700 1
41800 0
41900 1
42000 0
42100 4
42200 0
42300 0
42400 0
42500 2
42600 2
42700 0
42800 1
42900 1
43000 0
43100 2
43200 1
43300 2
43400 0
43500 1
43600 1
43700 1
43800 2
43900 1
44000 0
44100 2
44200 0
44300 0
44400 0
44500 0
44600 1
44700 0
44800 0
44900 0
45000 0
45100 0
45200 0
45300 0
45400 0
45500 0
45600 1
45700 2
45800 2
45900 0
46000 0
46100 2
46200 0
46300 1
46400 1
46500 1
46600 0
46700 0
46800 0
46900 0
47000 1
47100 1
47200 3
47300 0
47400 3
47500 0
47600 1
47700 0
47800 0
47900 4
48000 0
48100 0
48200 0
48300 2
48400 0
48500 0
48600 0
48700 0
48800 2
48900 1
49000 1
49100 2
49200 4
49300 75
49400 324
49500 428
49600 150
49700 18
49800 3
49900 2
50000 1
50100 3
50200 2
50300 1
50400 0
50500 0
50600 0
50700 4
50800 0
50900 1
51000 0
51100 0
51200 1
51300 2
51400 0
51500 1
51600 0
51700 2
51800 1
51900 0
52000 0
52100 3
52200 1
52300 0
52400 1
52500 0
52600 1
52700 2
52800 0
52900 3
53000 1
53100 1
53200 0
53300 0
53400 1
53500 2
53600 0
53700 1
53800 3
53900 1
54000 1
54100 0
54200 9
54300 55
54400 51
54500 14
54600 4
54700 1
54800 2
54900 1
55000 0
55100 1
55200 0
55300 1
55400 1
55500 0
55600 3
55700 1
55800 0
55900 0
56000 0
56100 2
56200 0
56300 1
56400 1
56500 3
56600 2
56700 1
56800 2
56900 1
57000 3
57100 1
57200 0
57300 0
57400 2
57500 0
57600 0
57700 0
57800 1
57900 1
58000 0
58100 3
58200 0
58300 1
58400 2
58500 1
58600 0
58700 0
58800 0
58900 3
59000 1
59100 1
59200 1
59300 1
59400 0
59500 3
59600 1
59700 0
59800 1
59900 1
60000 1
60100 0
60200 1
60300 1
60400 0
60500 0
60600 2
60700 1
60800 1
60900 2
61000 2
61100 0
61200 1
61300 0
61400 1
61500 1
61600 1
61700 1
61800 0
61900 2
62000 3
62100 0
62200 0
62300 2
62400 31
62500 179
62600 419
62700 292
62800 65
62900 8
63000 1
63100 0
63200 0
63300 0
63400 0
63500 0
63600 1
63700 0
63800 3
63900 1
64000 2
64100 0
64200 3
64300 1
64400 0
64500 3
64600 0
64700 0
64800 1
64900 1
65000 1
65100 0
65200 0
65300 0
65400 1
65500 0
65600 1
65700 2
65800 0
65900 0
66000 2
66100 2
66200 1
66300 0
66400 2
66500 0
66600 1
66700 0
66800 0
66900 0
67000 1
67100 0
67200 1
67300 3
67400 2
67500 5
67600 2
67700 0
67800 2
67900 0
68000 1
68100 0
68200 0
68300 0
68400 0
68500 0
68600 1
68700 0
68800 1
68900 0
69000 1
69100 1
69200 0
69300 1
69400 1
69500 0
69600 0
69700 0
69800 0
69900 1
70000 1
70100 0
70200 2
70300 2
70400 2
70500 0
70600 0
70700 2
70800 1
70900 1
71000 1
71100 2
71200 0
71300 1
71400 0
71500 0
71600 0
71700 0
71800 2
71900 1
72000 2
72100 4
72200 0
72300 2
72400 2
72500 1
72600 4
72700 0
72800 0
72900 0
73000 1
73100 1
73200 2
73300 1
73400 1
73500 1
73600 0
73700 0
73800 2
73900 3
74000 2
74100 1
74200 2
74300 1
74400 1
74500 4
74600 1
74700 1
74800 1
74900 0
75000 1
75100 0
75200 3
75300 0
75400 1
75500 8
75600 143
75700 390
75800 349
75900 70
76000 9
76100 2
76200 0
76300 0
76400 2
76500 0
76600 1
76700 0
76800 2
76900 1
77000 0
77100 1
77200 1
77300 0
77400 0
77500 0
77600 0
77700 1
77800 0
77900 1
78000 0
78100 2
78200 1
78300 2
78400 1
78500 2
78600 0
78700 2
78800 2
78900 1
79000 1
79100 3
79200 1
79300 1
79400 2
79500 0
79600 1
79700 0
79800 1
79900 0
80000 0
80100 1
80200 1
80300 0
80400 1
80500 1
80600 4
80700 2
80800 1
80900 0
81000 0
81100 3
81200 5
81300 1
81400 1
81500 1
81600 1
81700 1
81800 1
81900 1
82000 0
82100 0
82200 1
82300 0
82400 1
82500 2
82600 3
82700 0
82800 1
82900 0
83000 1
83100 0
83200 2
83300 1
83400 4
83500 0
83600 1
83700 0
83800 0
83900 1
84000 2
84100 0
84200 1
84300 3
84400 0
84500 1
84600 0
84700 1
84800 1
84900 0
85000 1
85100 1
85200 4
85300 3
85400 1
85500 0
85600 1
85700 0
85800 0
85900 1
86000 3
86100 0
86200 2
86300 1
86400 1
86500 0
86600 0
86700 0
86800 0
86900 1
87000 0
87100 1
87200 1
87300 1
87400 0
87500 0
87600 1
87700 0
87800 0
87900 1
88000 4
88100 1
88200 1
88300 0
88400 0
88500 0
88600 11
88700 88
88800 370
88900 375
89000 114
89100 17
89200 0
89300 1
89400 1
89500 2
89600 1
89700 3
89800 0
89900 2
90000 0
90100 0
90200 0
90300 0
90400 0
90500 1
90600 0
90700 1
90800 0
90900 1
91000 0
91100 2
91200 0
91300 0
91400 1
91500 0
91600 0
91700 2
91800 0
91900 0
92000 1
92100 1
92200 1
92300 0
92400 1
92500 4
92600 1
92700 1
92800 0
92900 1
93000 2
93100 2
93200 1
93300 0
93400 1
93500 0
93600 3
93700 2
93800 0
93900 4
94000 2
94100 0
94200 2
94300 0
94400 0
94500 1
94600 0
94700 2
94800 1
94900 0
95000 0
95100 1
95200 1
95300 0
95400 0
95500 0
95600 1
95700 3
95800 0
95900 0
96000 1
96100 1
96200 0
96300 0
96400 1
96500 2
96600 0
96700 1
96800 2
96900 0
97000 1
97100 4
97200 0
97300 3
97400 3
97500 1
97600 0
97700 0
97800 1
97900 1
98000 1
98100 3
98200 0
98300 1
98400 1
98500 2
98600 4
98700 1
98800 2
98900 3
99000 0
99100 2
99200 0
99300 1
99400 0
99500 0
99600 1
99700 3
99800 0
99900 0
100000 0
100100 7
100200 2
100300 0
100400 0
100500 0
100600 0
100700 0
100800 0
100900 0
101000 0
101100 1
101200 0
101300 2
101400 0
101500 0
101600 0
101700 1
101800 26
101900 186
102000 453
102100 276
102200 32
102300 3
102400 1
102500 0
102600 2
102700 1
102800 0
102900 0
103000 1
103100 0
103200 0
103300 0
103400 2
103500 2
103600 1
103700 1
103800 0
103900 2
104000 0
104100 2
104200 1
104300 0
104400 0
104500 1
104600 4
104700 0
104800 2
104900 1
105000 1
105100 0
105200 1
105300 0
105400 0
105500 2
105600 2
105700 1
105800 1
105900 1
106000 2
106100 0
106200 0
106300 2
106400 0
106500 1
106600 1
106700 0
106800 2
106900 6
107000 0
107100 0
107200 1
107300 0
107400 1
107500 4
107600 1
107700 0
107800 0
107900 1
108000 2
108100 1
108200 0
108300 1
108400 3
108500 0
108600 0
108700 1
108800 0
108900 0
109000 0
109100 4
109200 3
109300 1
109400 0
109500 0
109600 1
109700 1
109800 0
109900 2
110000 1
110100 1
110200 2
110300 0
110400 0
110500 0
110600 0
110700 0
110800 1
110900 0
111000 1
111100 0
111200 2
111300 0
111400 2
111500 2
111600 1
111700 1
111800 1
111900 0
112000 0
112100 2
112200 1
112300 1
112400 1
112500 0
112600 1
112700 0
112800 1
112900 2
113000 1
113100 2
113200 1
113300 3
113400 2
113500 0
113600 2
113700 0
113800 0
113900 1
114000 1
114100 1
114200 2
114300 1
114400 1
114500 0
114600 3
114700 1
114800 2
114900 11
115000 123
115100 415
115200 350
115300 70
115400 12
115500 0
115600 1
115700 0
115800 0
115900 3
116000 0
116100 2
116200 0
116300 0
116400 0
116500 0
116600 2
116700 1
116800 2
116900 1
117000 1
117100 0
117200 2
117300 0
117400 0
117500 2
117600 0
117700 3
117800 5
117900 0
118000 0
118100 3
118200 2
118300 1
118400 0
118500 2
118600 3
118700 0
118800 2
118900 1
119000 1
119100 0
119200 1
119300 0
119400 2
119500 1
119600 1
119700 2
119800 1
119900 1
120000 1
120100 2
120200 6
120300 0
120400 1
120500 1
120600 0
120700 0
120800 0
120900 1
121000 0
121100 0
121200 0
121300 1
121400 0
121500 0
121600 1
121700 1
121800 0
121900 1
122000 2
122100 1
122200 0
122300 2
122400 2
122500 0
122600 0
122700 1
122800 1
122900 3
123000 0
123100 0
123200 1
123300 1
123400 0
123500 1
123600 1
123700 0
123800 1
123900 1
124000 0
124100 1
124200 2
124300 0
124400 0
124500 2
124600 2
124700 2
124800 2
124900 0
125000 2
125100 1
125200 0
125300 0
125400 2
125500 2
125600 2
125700 2
125800 1
125900 1
126000 4
126100 0
126200 1
126300 3
126400 0
126500 0
126600 0
126700 1
126800 2
126900 1
127000 1
127100 1
127200 1
127300 2
127400 0
127500 0
127600 2
127700 1
127800 2
127900 0
128000 3
128100 58
128200 287
128300 406
128400 151
128500 11
128600 1
128700 1
128800 0
128900 0
129000 0
129100 0
129200 0
129300 1
129400 0
129500 1
129600 0
129700 1
129800 3
129900 1
130000 1
130100 2
130200 2
130300 1
130400 1
130500 0
130600 3
130700 0
130800 1
130900 0
131000 1
131100 1
131200 1
131300 0
131400 2
131500 2
131600 1
131700 0
131800 3
131900 1
132000 1
132100 2
132200 1
132300 1
132400 0
132500 1
132600 2
132700 2
132800 1
132900 0
133000 0
133100 2
133200 1
133300 2
133400 0
133500 1
133600 0
133700 2
133800 1
133900 1
134000 0
134100 3
134200 0
134300 0
134400 0
134500 1
134600 0
134700 0
134800 2
134900 2
135000 0
135100 0
135200 1
135300 0
135400 0
135500 1
135600 2
135700 1
135800 0
135900 3
136000 1
136100 0
136200 4
136300 0
136400 3
136500 0
136600 1
136700 2
136800 2
136900 2
137000 1
137100 0
137200 1
137300 2
137400 0
137500 0
137600 0
137700 0
137800 0
137900 0
138000 1
138100 0
138200 1
138300 0
138400 1
138500 1
138600 4
138700 1
138800 2
138900 3
139000 0
139100 0
139200 1
139300 0
139400 1
139500 0
139600 2
139700 1
139800 0
139900 2
140000 3
140100 0
140200 0
140300 1
140400 0
140500 1
140600 0
140700 0
140800 0
140900 0
141000 0
141100 2
141200 22
141300 210
141400 406
141500 284
141600 49
141700 2
141800 0
141900 2
142000 1
142100 0
142200 0
142300 0
142400 0
142500 1
142600 2
142700 2
142800 0
142900 0
143000 1
143100 0
143200 0
143300 0
143400 2
143500 0
143600 0
143700 0
143800 2
143900 0
144000 0
144100 2
144200 2
144300 1
144400 2
144500 2
144600 1
144700 0
144800 1
144900 0
145000 1
145100 1
145200 1
145300 0
145400 1
145500 2
145600 1
145700 2
145800 2
145900 1
146000 0
146100 1
146200 0
146300 4
146400 2
146500 1
146600 2
146700 0
146800 1
146900 1
147000 1
147100 0
147200 2
147300 1
147400 0
147500 0
147600 1
147700 0
147800 1
147900 0
148000 1
148100 0
148200 2
148300 0
148400 1
148500 1
148600 1
148700 0
148800 0
148900 1
149000 1
149100 0
149200 1
149300 1
149400 1
149500 0
149600 0
149700 1
149800 1
149900 0
150000 1
150100 0
150200 1
150300 4
150400 0
150500 0
150600 1
150700 1
150800 2
150900 2
151000 1
151100 1
151200 1
151300 1
151400 1
151500 2
151600 0
151700 3
151800 0
151900 1
152000 0
152100 1
152200 1
152300 2
152400 0
152500 0
152600 1
152700 0
152800 2
152900 0
153000 1
153100 2
153200 0
153300 1
153400 0
153500 0
153600 0
153700 2
153800 0
153900 1
154000 1
154100 0
154200 4
154300 12
154400 101
154500 363
154600 398
154700 91
154800 11
154900 1
155000 2
155100 3
155200 1
155300 0
155400 1
155500 2
155600 1
155700 2
155800 1
155900 1
156000 1
156100 0
156200 1
156300 0
156400 1
156500 0
156600 1
156700 1
156800 1
156900 3
157000 1
157100 1
157200 1
157300 2
157400 0
157500 2
157600 1
157700 1
157800 2
157900 1
158000 2
158100 1
158200 0
158300 0
158400 1
158500 0
158600 0
158700 2
158800 0
158900 1
159000 1
159100 2
159200 2
159300 1
159400 1
159500 3
159600 1
159700 0
159800 2
159900 1
160000 1
160100 1
160200 1
160300 0
160400 1
160500 0
160600 1
160700 0
160800 1
160900 1
161000 1
161100 0
161200 0
161300 2
161400 1
161500 1
161600 1
161700 2
161800 1
161900 0
162000 1
162100 2
162200 1
162300 0
162400 0
162500 1
162600 0
162700 1
162800 1
162900 2
163000 2
163100 0
163200 0
163300 2
163400 0
163500 0
163600 1
163700 0
163800 0
163900 1
164000 1
164100 0
164200 1
164300 1
164400 1
164500 0
164600 0
164700 1
164800 0
164900 2
165000 2
165100 1
165200 0
165300 0
165400 0
165500 0
165600 2
165700 0
165800 1
165900 1
166000 1
166100 0
166200 1
166300 0
166400 1
166500 1
166600 0
166700 1
166800 0
166900 1
167000 4
167100 2
167200 2
167300 2
167400 5
167500 49
167600 321
167700 430
167800 175
167900 20
168000 3
168100 0
168200 1
168300 1
168400 1
168500 1
168600 0
168700 0
168800 0
168900 1
169000 1
169100 1
169200 2
169300 1
169400 0
169500 1
169600 0
169700 0
169800 0
169900 1
170000 1
170100 0
170200 2
170300 0
170400 0
170500 0
170600 0
170700 0
170800 1
170900 0
171000 1
171100 0
171200 2
171300 2
171400 0
171500 1
171600 1
171700 0
171800 0
171900 0
172000 0
172100 2
172200 1
172300 0
172400 1
172500 1
172600 1
172700 1
172800 1
172900 0
173000 0
173100 0
173200 0
173300 1
173400 3
173500 1
173600 2
173700 1
173800 1
173900 0
174000 3
174100 2
174200 3
174300 0
174400 2
174500 2
174600 2
174700 0
174800 1
174900 3
175000 2
175100 2
175200 1
175300 0
175400 0
175500 0
175600 1
175700 1
175800 0
175900 0
176000 0
176100 1
176200 1
176300 1
176400 0
176500 0
176600 0
176700 1
176800 0
176900 0
177000 0
177100 0
177200 1
177300 2
177400 1
177500 1
177600 1
177700 1
177800 3
177900 0
178000 0
178100 1
178200 0
178300 0
178400 0
178500 0
178600 2
178700 0
178800 1
178900 0
179000 1
179100 2
179200 1
179300 0
179400 0
179500 1
179600 0
179700 0
179800 2
179900 0
180000 2
180100 2
180200 1
180300 0
180400 3
180500 2
180600 24
180700 209
180800 433
180900 261
181000 64
181100 5
181200 0
181300 1
181400 1
181500 0
181600 1
181700 1
181800 0
181900 0
182000 0
182100 2
182200 2
182300 4
182400 1
182500 3
182600 1
182700 1
182800 3
182900 0
183000 0
183100 0
183200 1
183300 1
183400 1
183500 0
183600 4
183700 3
183800 1
183900 2
184000 0
184100 1
184200 0
184300 0
184400 3
184500 1
184600 1
184700 3
184800 0
184900 0
185000 0
185100 4
185200 1
185300 1
185400 0
185500 1
185600 3
185700 1
185800 3
185900 1
186000 1
186100 0
186200 0
186300 2
186400 0
186500 0
186600 1
186700 2
186800 1
186900 0
187000 0
187100 0
187200 0
187300 1
187400 0
187500 0
187600 0
187700 1
187800 1
187900 1
188000 0
188100 0
188200 0
188300 1
188400 0
188500 0
188600 0
188700 2
188800 0
188900 1
189000 2
189100 0
189200 3
189300 0
189400 0
189500 0
189600 2
189700 2
189800 1
189900 1
190000 0
190100 0
190200 2
190300 0
190400 3
190500 3
190600 1
190700 1
190800 1
190900 0
191000 1
191100 0
191200 0
191300 0
191400 0
191500 0
191600 0
191700 0
191800 1
191900 0
192000 2
192100 0
192200 1
192300 0
192400 0
192500 0
192600 0
192700 2
192800 3
192900 2
193000 0
193100 0
193200 1
193300 1
193400 2
193500 0
193600 4
193700 7
193800 94
193900 321
194000 391
194100 118
194200 9
194300 3
194400 3
194500 0
194600 0
194700 1
194800 0
194900 1
195000 0
195100 1
195200 2
195300 0
195400 2
195500 0
195600 1
195700 0
195800 0
195900 0
196000 1
196100 1
196200 0
196300 1
196400 0
196500 0
196600 3
196700 0
196800 0
196900 0
197000 1
197100 1
197200 1
197300 0
197400 2
197500 0
197600 0
197700 0
197800 0
197900 1
198000 1
198100 0
198200 0
198300 1
198400 1
198500 1
198600 0
198700 0
198800 6
198900 1
199000 1
199100 1
199200 0
199300 2
199400 0
199500 2
199600 1
199700 2
199800 0
199900 1
200000 0
200100 0
200200 1
200300 0
200400 0
200500 0
200600 3
200700 1
200800 1
200900 2
201000 1
201100 0
201200 0
201300 0
201400 0
201500 0
201600 0
201700 1
201800 0
201900 0
202000 0
202100 0
202200 2
202300 1
202400 1
202500 0
202600 0
202700 0
202800 1
202900 0
203000 1
203100 0
203200 0
203300 1
203400 0
203500 0
203600 0
203700 1
203800 2
203900 0
204000 0
204100 1
204200 1
204300 1
204400 2
204500 0
204600 2
204700 0
204800 0
204900 0
205000 0
205100 1
205200 1
205300 1
205400 0
205500 0
205600 0
205700 0
205800 0
205900 2
206000 0
206100 0
206200 1
206300 0
206400 1
206500 0
206600 0
206700 0
206800 4
206900 41
207000 281
207100 396
207200 205
207300 19
207400 6
207500 3
207600 1
207700 1
207800 1
207900 0
208000 0
208100 0
208200 2
208300 0
208400 0
208500 2
208600 1
208700 1
208800 0
208900 0
209000 0
209100 0
209200 1
209300 0
209400 0
209500 1
209600 0
209700 1
209800 1
209900 1
210000 0
210100 1
210200 1
210300 0
210400 1
210500 2
210600 1
210700 0
210800 2
210900 3
211000 0
211100 1
211200 0
211300 1
211400 1
211500 1
211600 0
211700 0
211800 1
211900 2
212000 0
212100 0
212200 2
212300 1
212400 1
212500 1
212600 1
212700 5
212800 2
212900 1
213000 2
213100 3
213200 2
213300 0
213400 1
213500 1
213600 1
213700 1
213800 2
213900 0
214000 1
214100 0
214200 1
214300 2
214400 0
214500 0
214600 1
214700 0
214800 1
214900 1
215000 0
215100 0
215200 1
215300 0
215400 1
215500 0
215600 0
215700 0
215800 3
215900 1
216000 1
216100 0
216200 0
216300 1
216400 2
216500 2
216600 1
216700 0
216800 2
216900 0
217000 0
217100 0
217200 0
217300 1
217400 0
217500 2
217600 0
217700 1
217800 0
217900 0
218000 2
218100 1
218200 1
218300 1
218400 1
218500 0
218600 1
218700 1
218800 0
218900 0
219000 1
219100 0
219200 2
219300 0
219400 1
219500 1
219600 1
219700 1
219800 1
219900 3
220000 26
220100 168
220200 396
220300 289
220400 65
220500 10
220600 1
220700 2
220800 0
220900 0
221000 2
221100 0
221200 2
221300 0
221400 0
221500 1
221600 0
221700 1
221800 3
221900 4
222000 1
222100 1
222200 0
222300 0
222400 2
222500 2
222600 0
222700 1
222800 0
222900 3
223000 1
223100 0
223200 1
223300 1
223400 0
223500 0
223600 2
223700 1
223800 1
223900 2
224000 1
224100 1
224200 1
224300 0
224400 1
224500 1
224600 1
224700 3
224800 0
224900 3
225000 4
225100 3
225200 0
225300 1
225400 0
225500 1
225600 2
225700 1
225800 2
225900 0
226000 0
226100 1
226200 0
226300 1
226400 2
226500 2
226600 3
226700 2
226800 0
226900 0
227000 2
227100 1
227200 1
227300 1
227400 0
227500 0
227600 1
227700 1
227800 0
227900 0
228000 1
228100 0
228200 0
228300 0
228400 0
228500 0
228600 0
228700 0
228800 0
228900 0
229000 0
229100 0
229200 0
229300 0
229400 0
229500 0
229600 0
229700 1
229800 1
229900 2
230000 3
230100 0
230200 0
230300 0
230400 0
230500 1
230600 0
230700 1
230800 1
230900 0
231000 0
231100 1
231200 0
231300 1
231400 0
231500 0
231600 1
231700 0
231800 0
231900 0
232000 3
232100 2
232200 0
232300 0
232400 1
232500 0
232600 1
232700 2
232800 0
232900 1
233000 1
233100 7
233200 137
233300 362
233400 320
233500 128
233600 8
233700 0
233800 3
233900 1
234000 0
234100 1
234200 0
234300 0
234400 0
234500 0
234600 0
234700 1
234800 0
234900 1
235000 1
235100 0
235200 0
235300 0
235400 0
235500 2
235600 0
235700 3
235800 0
235900 1
236000 0
236100 0
236200 1
236300 0
236400 0
236500 1
236600 1
236700 0
236800 0
236900 1
237000 0
237100 2
237200 0
237300 0
237400 1
237500 0
237600 0
237700 0
237800 1
237900 0
238000 4
238100 2
238200 1
238300 2
238400 1
238500 1
238600 2
238700 1
238800 0
238900 0
239000 0
239100 1
239200 0
239300 1
239400 1
239500 0
239600 0
239700 0
239800 2
239900 0
240000 0
240100 1
240200 1
240300 0
240400 1
240500 2
240600 0
240700 3
240800 0
240900 0
241000 0
241100 1
241200 1
241300 0
241400 2
241500 0
241600 1
241700 0
241800 0
241900 1
242000 2
242100 0
242200 1
242300 0
242400 3
242500 0
242600 2
242700 0
242800 1
242900 1
243000 0
243100 1
243200 1
243300 1
243400 1
243500 0
243600 0
243700 1
243800 2
243900 2
244000 1
244100 0
244200 0
244300 1
244400 1
244500 1
244600 1
244700 4
244800 0
244900 1
245000 2
245100 0
245200 1
245300 1
245400 0
245500 2
245600 1
245700 0
245800 0
245900 1
246000 1
246100 1
246200 2
246300 49
246400 254
246500 451
246600 210
246700 34
246800 2
246900 0
247000 1
247100 1
247200 0
247300 0
247400 1
247500 0
247600 0
247700 0
247800 3
247900 1
248000 0
248100 1
248200 0
248300 0
248400 0
248500 0
248600 0
248700 0
248800 2
248900 2
249000 1
249100 1
249200 0
249300 1
249400 2
249500 1
249600 0
249700 1
249800 0
249900 2
250000 0
250100 0
250200 0
250300 1
250400 0
250500 0
250600 1
250700 2
250800 3
250900 1
251000 1
251100 0
251200 1
251300 2
251400 4
251500 2
251600 0
251700 1
251800 0
251900 1
252000 0
252100 2
252200 0
252300 4
252400 0
252500 1
252600 1
252700 1
252800 1
252900 0
253000 0
253100 2
253200 1
253300 0
253400 1
253500 2
253600 1
253700 1
253800 2
253900 0
254000 1
254100 0
254200 2
254300 0
254400 0
254500 1
254600 1
254700 0
254800 1
254900 0
255000 2
255100 0
255200 2
255300 1
255400 1
255500 0
255600 1
255700 1
255800 1
255900 0
256000 2
256100 1
256200 0
256300 0
256400 1
256500 0
256600 1
256700 1
256800 0
256900 2
257000 2
257100 1
257200 1
257300 1
257400 1
257500 1
257600 0
257700 0
257800 2
257900 1
258000 2
258100 1
258200 2
258300 0
258400 1
258500 1
258600 0
258700 1
258800 0
258900 1
259000 1
259100 0
259200 1
259300 5
259400 22
259500 145
259600 413
259700 265
259800 61
259900 7
260000 2
260100 1
260200 1
260300 1
260400 0
260500 0
260600 0
260700 1
260800 0
260900 0
261000 2
261100 0
261200 1
261300 2
261400 2
261500 1
261600 2
261700 0
261800 2
261900 1
262000 1
262100 0
262200 1
262300 2
262400 1
262500 1
262600 1
262700 1
262800 0
262900 1
263000 2
263100 0
263200 1
263300 1
263400 1
263500 0
263600 0
263700 0
263800 2
263900 0
264000 0
264100 1
264200 0
264300 4
264400 0
264500 2
264600 1
264700 0
264800 1
264900 0
265000 0
265100 1
265200 0
265300 1
265400 2
265500 0
265600 0
265700 0
265800 1
265900 0
266000 0
266100 1
266200 1
266300 0
266400 1
266500 1
266600 0
266700 1
266800 0
266900 2
267000 1
267100 1
267200 0
267300 3
267400 2
267500 0
267600 1
267700 3
267800 3
267900 1
268000 0
268100 0
268200 1
268300 1
268400 2
268500 0
268600 0
268700 1
268800 2
268900 1
269000 1
269100 0
269200 1
269300 4
269400 4
269500 0
269600 0
269700 1
269800 1
269900 3
270000 0
270100 0
270200 0
270300 0
270400 1
270500 0
270600 0
270700 1
270800 2
270900 2
271000 0
271100 0
271200 1
271300 1
271400 0
271500 0
271600 0
271700 1
271800 0
271900 0
272000 1
272100 0
272200 0
272300 0
272400 1
272500 14
272600 110
272700 361
272800 393
272900 109
273000 14
273100 3
273200 0
273300 2
273400 0
273500 2
273600 1
273700 1
273800 2
273900 2
274000 0
274100 1
274200 1
274300 1
274400 0
274500 0
274600 2
274700 4
274800 1
274900 1
275000 0
275100 0
275200 1
275300 3
275400 1
275500 1
275600 0
275700 0
275800 2
275900 0
276000 1
276100 1
276200 1
276300 0
276400 1
276500 0
276600 1
276700 0
276800 0
276900 0
277000 0
277100 2
277200 0
277300 1
277400 0
277500 3
277600 5
277700 4
277800 1
277900 0
278000 1
278100 0
278200 0
278300 0
278400 1
278500 0
278600 0
278700 0
278800 0
278900 0
279000 2
279100 1
279200 0
279300 0
279400 1
279500 1
279600 1
279700 0
279800 0
279900 1
280000 0
280100 0
280200 1
280300 0
280400 1
280500 0
280600 1
280700 1
280800 1
280900 1
281000 2
281100 1
281200 1
281300 1
281400 2
281500 1
281600 1
281700 3
281800 1
281900 2
282000 2
282100 2
282200 1
282300 1
282400 1
282500 0
282600 1
282700 1
282800 0
282900 2
283000 2
283100 1
283200 0
283300 1
283400 0
283500 1
283600 1
283700 0
283800 0
283900 1
284000 0
284100 0
284200 1
284300 2
284400 1
284500 1
284600 1
284700 1
284800 0
284900 2
285000 0
285100 0
285200 0
285300 1
285400 2
285500 2
285600 6
285700 41
285800 233
285900 422
286000 220
286100 31
286200 4
286300 2
286400 0
286500 1
286600 0
286700 2
286800 1
286900 0
287000 1
287100 1
287200 0
287300 2
287400 0
287500 1
287600 1
287700 0
287800 1
287900 0
288000 0
288100 0
288200 0
288300 2
288400 3
288500 1
288600 0
288700 0
288800 1
288900 1
289000 0
289100 0
289200 1
289300 1
289400 3
289500 0
289600 0
289700 0
289800 1
289900 1
290000 1
290100 2
290200 0
290300 1
290400 1
290500 0
290600 1
290700 2
290800 4
290900 1
291000 1
291100 4
291200 1
291300 2
291400 0
291500 0
291600 1
291700 1
291800 1
291900 2
292000 2
292100 1
292200 0
292300 0
292400 2
292500 0
292600 1
292700 0
292800 1
292900 1
293000 1
293100 0
293200 0
293300 2
293400 1
293500 2
293600 0
293700 3
293800 0
293900 1
294000 0
294100 0
294200 1
294300 0
294400 0
294500 1
294600 0
294700 0
294800 0
294900 0
295000 0
295100 1
295200 0
295300 1
295400 1
295500 2
295600 0
295700 2
295800 2
295900 2
296000 0
296100 2
296200 0
296300 1
296400 0
296500 1
296600 0
296700 0
296800 0
296900 0
297000 0
297100 0
297200 1
297300 0
297400 0
297500 0
297600 1
297700 1
297800 1
297900 0
298000 0
298100 0
298200 1
298300 1
298400 0
298500 1
298600 0
298700 4
298800 26
298900 152
299000 387
299100 324
299200 63
299300 6
299400 0
299500 1
299600 1
299700 1
299800 1
299900 1
300000 2
300100 0
300200 0
300300 0
300400 0
300500 0
300600 3
300700 0
300800 0
300900 2
301000 3
301100 1
301200 2
301300 2
301400 0
301500 0
301600 0
301700 0
301800 1
301900 1
302000 1
302100 0
302200 3
302300 0
302400 2
302500 2
302600 0
302700 2
302800 1
302900 0
303000 1
303100 0
303200 0
303300 1
303400 0
303500 0
303600 2
303700 2
303800 0
303900 1
304000 5
304100 1
304200 0
304300 0
304400 1
304500 2
304600 1
304700 1
304800 2
304900 0
305000 1
305100 0
305200 1
305300 0
305400 1
305500 2
305600 1
305700 2
305800 1
305900 2
306000 0
306100 1
306200 0
306300 1
306400 1
306500 0
306600 0
306700 1
306800 2
306900 2
307000 1
307100 1
307200 2
307300 1
307400 0
307500 0
307600 2
307700 2
307800 0
307900 1
308000 3
308100 1
308200 1
308300 0
308400 3
308500 0
308600 1
308700 0
308800 2
308900 0
309000 0
309100 0
309200 1
309300 1
309400 2
309500 1
309600 0
309700 0
309800 0
309900 0
