-290000 0
-289900 0
-289800 0
-289700 0
-289600 3
-289500 0
-289400 1
-289300 0
-289200 1
-289100 1
-289000 3
-288900 1
-288800 4
-288700 2
-288600 3
-288500 1
-288400 0
-288300 1
-288200 2
-288100 2
-288000 2
-287900 0
-287800 1
-287700 2
-287600 1
-287500 1
-287400 1
-287300 4
-287200 4
-287100 2
-287000 0
-286900 3
-286800 0
-286700 3
-286600 0
-286500 2
-286400 3
-286300 1
-286200 1
-286100 1
-286000 2
-285900 1
-285800 1
-285700 2
-285600 3
-285500 0
-285400 1
-285300 2
-285200 1
-285100 3
-285000 2
-284900 2
-284800 1
-284700 3
-284600 2
-284500 0
-284400 0
-284300 1
-284200 0
-284100 1
-284000 1
-283900 3
-283800 1
-283700 0
-283600 1
-283500 2
-283400 1
-283300 1
-283200 0
-283100 2
-283000 1
-282900 2
-282800 2
-282700 1
-282600 1
-282500 0
-282400 0
-282300 2
-282200 0
-282100 2
-282000 2
-281900 0
-281800 1
-281700 3
-281600 1
-281500 1
-281400 1
-281300 2
-281200 0
-281100 1
-281000 1
-280900 1
-280800 0
-280700 1
-280600 1
-280500 2
-280400 1
-280300 2
-280200 1
-280100 2
-280000 1
-279900 2
-279800 1
-279700 0
-279600 1
-279500 1
-279400 1
-279300 1
-279200 10
-279100 93
-279000 583
-278900 919
-278800 504
-278700 85
-278600 4
-278500 1
-278400 2
-278300 3
-278200 1
-278100 0
-278000 2
-277900 1
-277800 3
-277700 1
-277600 2
-277500 3
-277400 2
-277300 2
-277200 3
-277100 1
-277000 2
-276900 3
-276800 3
-276700 1
-276600 2
-276500 1
-276400 1
-276300 1
-276200 3
-276100 1
-276000 0
-275900 2
-275800 2
-275700 2
-275600 2
-275500 2
-275400 1
-275300 1
-275200 1
-275100 1
-275000 1
-274900 3
-274800 1
-274700 1
-274600 1
-274500 1
-274400 2
-274300 0
-274200 2
-274100 1
-274000 6
-273900 5
-273800 0
-273700 3
-273600 1
-273500 1
-273400 1
-273300 1
-273200 1
-273100 1
-273000 0
-272900 2
-272800 3
-272700 0
-272600 1
-272500 1
-272400 0
-272300 0
-272200 3
-272100 0
-272000 1
-271900 0
-271800 1
-271700 0
-271600 1
-271500 2
-271400 0
-271300 2
-271200 4
-271100 1
-271000 1
-270900 5
-270800 0
-270700 0
-270600 1
-270500 0
-270400 1
-270300 2
-270200 2
-270100 0
-270000 3
-269900 0
-269800 2
-269700 0
-269600 2
-269500 0
-269400 1
-269300 2
-269200 2
-269100 1
-269000 1
-268900 4
-268800 0
-268700 0
-268600 2
-268500 1
-268400 4
-268300 0
-268200 0
-268100 3
-268000 1
-267900 1
-267800 3
-267700 3
-267600 2
-267500 0
-267400 2
-267300 2
-267200 2
-267100 1
-267000 0
-266900 0
-266800 1
-266700 1
-266600 1
-266500 1
-266400 2
-266300 0
-266200 3
-266100 6
-266000 54
-265900 358
-265800 922
-265700 685
-265600 145
-265500 11
-265400 4
-265300 1
-265200 1
-265100 3
-265000 1
-264900 2
-264800 1
-264700 0
-264600 3
-264500 3
-264400 2
-264300 2
-264200 2
-264100 2
-264000 2
-263900 3
-263800 1
-263700 0
-263600 0
-263500 1
-263400 0
-263300 1
-263200 0
-263100 0
-263000 1
-262900 1
-262800 0
-262700 0
-262600 0
-262500 2
-262400 1
-262300 0
-262200 2
-262100 3
-262000 0
-261900 0
-261800 5
-261700 0
-261600 0
-261500 2
-261400 1
-261300 3
-261200 1
-261100 3
-261000 4
-260900 4
-260800 6
-260700 5
-260600 0
-260500 1
-260400 3
-260300 2
-260200 1
-260100 1
-260000 1
-259900 0
-259800 0
-259700 2
-259600 1
-259500 0
-259400 2
-259300 3
-259200 1
-259100 0
-259000 1
-258900 1
-258800 2
-258700 1
-258600 1
-258500 1
-258400 3
-258300 5
-258200 1
-258100 1
-258000 1
-257900 2
-257800 1
-257700 2
-257600 4
-257500 1
-257400 2
-257300 1
-257200 2
-257100 1
-257000 1
-256900 1
-256800 2
-256700 1
-256600 1
-256500 3
-256400 1
-256300 1
-256200 2
-256100 1
-256000 0
-255900 0
-255800 1
-255700 4
-255600 0
-255500 1
-255400 0
-255300 2
-255200 4
-255100 0
-255000 2
-254900 3
-254800 1
-254700 3
-254600 0
-254500 2
-254400 3
-254300 2
-254200 2
-254100 1
-254000 0
-253900 1
-253800 0
-253700 3
-253600 1
-253500 2
-253400 0
-253300 4
-253200 1
-253100 2
-253000 2
-252900 17
-252800 201
-252700 783
-252600 878
-252500 313
-252400 31
-252300 3
-252200 1
-252100 3
-252000 2
-251900 2
-251800 1
-251700 2
-251600 1
-251500 0
-251400 1
-251300 2
-251200 0
-251100 2
-251000 1
-250900 1
-250800 0
-250700 0
-250600 1
-250500 2
-250400 2
-250300 5
-250200 1
-250100 1
-250000 1
-249900 1
-249800 0
-249700 1
-249600 2
-249500 1
-249400 3
-249300 1
-249200 0
-249100 1
-249000 0
-248900 1
-248800 5
-248700 0
-248600 0
-248500 0
-248400 1
-248300 0
-248200 2
-248100 3
-248000 0
-247900 1
-247800 4
-247700 5
-247600 2
-247500 1
-247400 3
-247300 1
-247200 0
-247100 0
-247000 2
-246900 0
-246800 1
-246700 1
-246600 1
-246500 1
-246400 0
-246300 1
-246200 1
-246100 1
-246000 2
-245900 2
-245800 0
-245700 3
-245600 4
-245500 1
-245400 0
-245300 1
-245200 1
-245100 2
-245000 1
-244900 2
-244800 2
-244700 0
-244600 1
-244500 0
-244400 1
-244300 1
-244200 3
-244100 0
-244000 0
-243900 2
-243800 2
-243700 2
-243600 1
-243500 2
-243400 0
-243300 0
-243200 1
-243100 1
-243000 1
-242900 0
-242800 2
-242700 0
-242600 1
-242500 0
-242400 3
-242300 1
-242200 1
-242100 0
-242000 2
-241900 0
-241800 2
-241700 1
-241600 2
-241500 1
-241400 1
-241300 0
-241200 2
-241100 4
-241000 2
-240900 1
-240800 0
-240700 1
-240600 1
-240500 1
-240400 3
-240300 0
-240200 0
-240100 1
-240000 0
-239900 1
-239800 11
-239700 87
-239600 484
-239500 932
-239400 508
-239300 93
-239200 7
-239100 3
-239000 1
-238900 1
-238800 0
-238700 2
-238600 1
-238500 0
-238400 0
-238300 1
-238200 1
-238100 1
-238000 2
-237900 1
-237800 2
-237700 1
-237600 2
-237500 2
-237400 0
-237300 3
-237200 0
-237100 1
-237000 1
-236900 0
-236800 0
-236700 0
-236600 3
-236500 4
-236400 3
-236300 0
-236200 3
-236100 1
-236000 3
-235900 0
-235800 2
-235700 2
-235600 1
-235500 1
-235400 1
-235300 2
-235200 3
-235100 4
-235000 1
-234900 3
-234800 1
-234700 4
-234600 3
-234500 4
-234400 1
-234300 0
-234200 0
-234100 3
-234000 1
-233900 0
-233800 2
-233700 3
-233600 1
-233500 2
-233400 1
-233300 1
-233200 0
-233100 0
-233000 1
-232900 1
-232800 2
-232700 0
-232600 1
-232500 0
-232400 3
-232300 0
-232200 0
-232100 1
-232000 3
-231900 1
-231800 1
-231700 0
-231600 0
-231500 1
-231400 0
-231300 1
-231200 1
-231100 1
-231000 0
-230900 4
-230800 0
-230700 2
-230600 2
-230500 2
-230400 0
-230300 2
-230200 0
-230100 1
-230000 2
-229900 2
-229800 2
-229700 2
-229600 1
-229500 2
-229400 2
-229300 0
-229200 0
-229100 1
-229000 4
-228900 1
-228800 2
-228700 0
-228600 0
-228500 2
-228400 0
-228300 4
-228200 1
-228100 0
-228000 2
-227900 1
-227800 1
-227700 1
-227600 0
-227500 2
-227400 0
-227300 1
-227200 3
-227100 2
-227000 0
-226900 4
-226800 0
-226700 3
-226600 35
-226500 285
-226400 925
-226300 729
-226200 204
-226100 16
-226000 2
-225900 2
-225800 4
-225700 0
-225600 1
-225500 1
-225400 0
-225300 1
-225200 0
-225100 0
-225000 1
-224900 2
-224800 2
-224700 1
-224600 3
-224500 1
-224400 0
-224300 1
-224200 2
-224100 2
-224000 0
-223900 2
-223800 1
-223700 2
-223600 1
-223500 2
-223400 0
-223300 2
-223200 0
-223100 3
-223000 2
-222900 1
-222800 2
-222700 4
-222600 3
-222500 2
-222400 2
-222300 1
-222200 0
-222100 1
-222000 0
-221900 1
-221800 1
-221700 3
-221600 3
-221500 6
-221400 2
-221300 3
-221200 1
-221100 3
-221000 3
-220900 1
-220800 0
-220700 2
-220600 0
-220500 2
-220400 3
-220300 2
-220200 1
-220100 0
-220000 1
-219900 0
-219800 4
-219700 1
-219600 0
-219500 1
-219400 1
-219300 2
-219200 3
-219100 1
-219000 1
-218900 2
-218800 5
-218700 3
-218600 0
-218500 0
-218400 3
-218300 1
-218200 1
-218100 1
-218000 1
-217900 1
-217800 1
-217700 3
-217600 2
-217500 1
-217400 1
-217300 2
-217200 1
-217100 3
-217000 3
-216900 3
-216800 1
-216700 0
-216600 2
-216500 0
-216400 2
-216300 1
-216200 2
-216100 0
-216000 0
-215900 1
-215800 1
-215700 4
-215600 3
-215500 0
-215400 2
-215300 4
-215200 3
-215100 3
-215000 3
-214900 2
-214800 1
-214700 1
-214600 1
-214500 2
-214400 1
-214300 0
-214200 0
-214100 4
-214000 3
-213900 2
-213800 0
-213700 1
-213600 3
-213500 28
-213400 207
-213300 766
-213200 874
-213100 317
-213000 22
-212900 5
-212800 0
-212700 0
-212600 0
-212500 0
-212400 1
-212300 1
-212200 2
-212100 0
-212000 1
-211900 2
-211800 2
-211700 1
-211600 0
-211500 1
-211400 1
-211300 0
-211200 1
-211100 0
-211000 0
-210900 2
-210800 1
-210700 1
-210600 2
-210500 2
-210400 0
-210300 1
-210200 0
-210100 3
-210000 1
-209900 3
-209800 1
-209700 2
-209600 0
-209500 1
-209400 0
-209300 0
-209200 2
-209100 4
-209000 1
-208900 3
-208800 1
-208700 0
-208600 1
-208500 2
-208400 4
-208300 8
-208200 2
-208100 3
-208000 0
-207900 1
-207800 0
-207700 0
-207600 1
-207500 1
-207400 2
-207300 0
-207200 4
-207100 1
-207000 3
-206900 1
-206800 0
-206700 6
-206600 2
-206500 1
-206400 1
-206300 1
-206200 0
-206100 1
-206000 1
-205900 0
-205800 3
-205700 2
-205600 0
-205500 0
-205400 1
-205300 1
-205200 0
-205100 0
-205000 1
-204900 1
-204800 1
-204700 2
-204600 0
-204500 1
-204400 1
-204300 0
-204200 1
-204100 1
-204000 2
-203900 3
-203800 4
-203700 1
-203600 1
-203500 0
-203400 4
-203300 4
-203200 1
-203100 1
-203000 3
-202900 2
-202800 1
-202700 3
-202600 2
-202500 2
-202400 1
-202300 3
-202200 2
-202100 0
-202000 1
-201900 1
-201800 1
-201700 1
-201600 0
-201500 3
-201400 1
-201300 0
-201200 1
-201100 3
-201000 2
-200900 1
-200800 1
-200700 1
-200600 4
-200500 2
-200400 10
-200300 116
-200200 616
-200100 1000
-200000 439
-199900 69
-199800 7
-199700 1
-199600 1
-199500 0
-199400 3
-199300 1
-199200 1
-199100 2
-199000 1
-198900 3
-198800 2
-198700 1
-198600 2
-198500 1
-198400 1
-198300 0
-198200 0
-198100 3
-198000 5
-197900 0
-197800 1
-197700 0
-197600 2
-197500 2
-197400 1
-197300 0
-197200 0
-197100 2
-197000 0
-196900 0
-196800 1
-196700 1
-196600 3
-196500 2
-196400 0
-196300 1
-196200 0
-196100 0
-196000 3
-195900 2
-195800 1
-195700 0
-195600 2
-195500 0
-195400 1
-195300 9
-195200 2
-195100 3
-195000 2
-194900 0
-194800 0
-194700 0
-194600 0
-194500 0
-194400 2
-194300 0
-194200 1
-194100 0
-194000 1
-193900 2
-193800 1
-193700 0
-193600 1
-193500 2
-193400 1
-193300 0
-193200 1
-193100 1
-193000 0
-192900 1
-192800 1
-192700 2
-192600 2
-192500 2
-192400 1
-192300 1
-192200 0
-192100 3
-192000 1
-191900 0
-191800 5
-191700 2
-191600 1
-191500 2
-191400 0
-191300 0
-191200 0
-191100 1
-191000 3
-190900 1
-190800 3
-190700 1
-190600 1
-190500 1
-190400 1
-190300 0
-190200 0
-190100 1
-190000 3
-189900 0
-189800 2
-189700 0
-189600 1
-189500 3
-189400 1
-189300 1
-189200 1
-189100 0
-189000 1
-188900 1
-188800 1
-188700 0
-188600 1
-188500 3
-188400 1
-188300 2
-188200 1
-188100 3
-188000 3
-187900 0
-187800 1
-187700 1
-187600 0
-187500 2
-187400 4
-187300 4
-187200 47
-187100 326
-187000 929
-186900 757
-186800 178
-186700 10
-186600 4
-186500 2
-186400 1
-186300 1
-186200 2
-186100 0
-186000 1
-185900 0
-185800 1
-185700 1
-185600 2
-185500 2
-185400 1
-185300 1
-185200 0
-185100 1
-185000 2
-184900 0
-184800 1
-184700 0
-184600 1
-184500 2
-184400 0
-184300 0
-184200 1
-184100 1
-184000 4
-183900 3
-183800 0
-183700 2
-183600 3
-183500 0
-183400 1
-183300 3
-183200 1
-183100 1
-183000 1
-182900 0
-182800 1
-182700 3
-182600 1
-182500 1
-182400 1
-182300 1
-182200 4
-182100 10
-182000 3
-181900 2
-181800 0
-181700 1
-181600 2
-181500 3
-181400 1
-181300 1
-181200 0
-181100 2
-181000 1
-180900 2
-180800 0
-180700 1
-180600 1
-180500 1
-180400 2
-180300 0
-180200 2
-180100 2
-180000 0
-179900 0
-179800 2
-179700 2
-179600 0
-179500 1
-179400 0
-179300 0
-179200 1
-179100 0
-179000 0
-178900 0
-178800 1
-178700 0
-178600 2
-178500 0
-178400 3
-178300 1
-178200 0
-178100 0
-178000 1
-177900 1
-177800 0
-177700 0
-177600 2
-177500 0
-177400 1
-177300 0
-177200 3
-177100 1
-177000 1
-176900 2
-176800 2
-176700 3
-176600 0
-176500 0
-176400 2
-176300 1
-176200 2
-176100 1
-176000 1
-175900 1
-175800 1
-175700 2
-175600 2
-175500 2
-175400 2
-175300 2
-175200 0
-175100 0
-175000 1
-174900 3
-174800 0
-174700 0
-174600 2
-174500 2
-174400 2
-174300 6
-174200 2
-174100 18
-174000 170
-173900 714
-173800 988
-173700 320
-173600 31
-173500 3
-173400 0
-173300 2
-173200 0
-173100 0
-173000 1
-172900 1
-172800 0
-172700 1
-172600 0
-172500 2
-172400 3
-172300 2
-172200 2
-172100 3
-172000 2
-171900 3
-171800 2
-171700 1
-171600 3
-171500 1
-171400 3
-171300 1
-171200 1
-171100 2
-171000 0
-170900 1
-170800 0
-170700 1
-170600 1
-170500 1
-170400 4
-170300 2
-170200 0
-170100 0
-170000 0
-169900 2
-169800 0
-169700 2
-169600 0
-169500 1
-169400 0
-169300 0
-169200 1
-169100 1
-169000 6
-168900 5
-168800 3
-168700 3
-168600 4
-168500 2
-168400 1
-168300 0
-168200 3
-168100 2
-168000 0
-167900 0
-167800 4
-167700 1
-167600 0
-167500 1
-167400 0
-167300 0
-167200 3
-167100 1
-167000 1
-166900 3
-166800 1
-166700 1
-166600 1
-166500 2
-166400 0
-166300 0
-166200 0
-166100 2
-166000 2
-165900 1
-165800 2
-165700 2
-165600 1
-165500 1
-165400 0
-165300 2
-165200 2
-165100 0
-165000 0
-164900 1
-164800 0
-164700 2
-164600 0
-164500 1
-164400 1
-164300 0
-164200 1
-164100 1
-164000 2
-163900 2
-163800 0
-163700 1
-163600 0
-163500 0
-163400 1
-163300 1
-163200 2
-163100 1
-163000 1
-162900 3
-162800 1
-162700 2
-162600 1
-162500 3
-162400 6
-162300 5
-162200 2
-162100 3
-162000 4
-161900 3
-161800 2
-161700 3
-161600 2
-161500 0
-161400 2
-161300 2
-161200 2
-161100 2
-161000 2
-160900 85
-160800 509
-160700 972
-160600 520
-160500 107
-160400 4
-160300 1
-160200 1
-160100 3
-160000 1
-159900 2
-159800 2
-159700 2
-159600 4
-159500 1
-159400 2
-159300 1
-159200 0
-159100 1
-159000 4
-158900 2
-158800 1
-158700 1
-158600 1
-158500 0
-158400 0
-158300 2
-158200 1
-158100 2
-158000 1
-157900 4
-157800 0
-157700 1
-157600 0
-157500 0
-157400 2
-157300 2
-157200 2
-157100 1
-157000 2
-156900 1
-156800 0
-156700 2
-156600 0
-156500 2
-156400 2
-156300 0
-156200 2
-156100 1
-156000 0
-155900 4
-155800 8
-155700 1
-155600 1
-155500 1
-155400 1
-155300 5
-155200 4
-155100 0
-155000 0
-154900 1
-154800 1
-154700 2
-154600 1
-154500 2
-154400 1
-154300 1
-154200 0
-154100 1
-154000 3
-153900 2
-153800 1
-153700 1
-153600 2
-153500 0
-153400 3
-153300 0
-153200 0
-153100 4
-153000 1
-152900 1
-152800 1
-152700 2
-152600 2
-152500 1
-152400 1
-152300 2
-152200 2
-152100 1
-152000 4
-151900 2
-151800 1
-151700 0
-151600 2
-151500 1
-151400 2
-151300 4
-151200 0
-151100 2
-151000 0
-150900 2
-150800 1
-150700 0
-150600 0
-150500 3
-150400 1
-150300 4
-150200 0
-150100 2
-150000 1
-149900 1
-149800 5
-149700 2
-149600 1
-149500 1
-149400 0
-149300 1
-149200 1
-149100 3
-149000 2
-148900 2
-148800 2
-148700 1
-148600 0
-148500 3
-148400 4
-148300 1
-148200 0
-148100 2
-148000 4
-147900 4
-147800 19
-147700 284
-147600 891
-147500 783
-147400 175
-147300 19
-147200 1
-147100 3
-147000 0
-146900 3
-146800 1
-146700 1
-146600 1
-146500 0
-146400 1
-146300 1
-146200 1
-146100 0
-146000 1
-145900 1
-145800 6
-145700 2
-145600 1
-145500 2
-145400 1
-145300 0
-145200 2
-145100 0
-145000 2
-144900 2
-144800 2
-144700 2
-144600 1
-144500 1
-144400 4
-144300 1
-144200 2
-144100 5
-144000 0
-143900 0
-143800 1
-143700 1
-143600 2
-143500 0
-143400 2
-143300 1
-143200 0
-143100 0
-143000 1
-142900 0
-142800 5
-142700 3
-142600 6
-142500 4
-142400 2
-142300 0
-142200 3
-142100 0
-142000 1
-141900 1
-141800 3
-141700 2
-141600 1
-141500 2
-141400 1
-141300 2
-141200 1
-141100 3
-141000 1
-140900 0
-140800 1
-140700 1
-140600 0
-140500 3
-140400 0
-140300 2
-140200 1
-140100 0
-140000 0
-139900 1
-139800 1
-139700 0
-139600 1
-139500 0
-139400 1
-139300 2
-139200 0
-139100 3
-139000 1
-138900 2
-138800 1
-138700 2
-138600 0
-138500 1
-138400 1
-138300 2
-138200 0
-138100 0
-138000 2
-137900 0
-137800 1
-137700 2
-137600 1
-137500 1
-137400 3
-137300 1
-137200 0
-137100 0
-137000 3
-136900 2
-136800 2
-136700 2
-136600 2
-136500 1
-136400 0
-136300 2
-136200 2
-136100 3
-136000 0
-135900 1
-135800 1
-135700 1
-135600 1
-135500 1
-135400 1
-135300 2
-135200 2
-135100 3
-135000 1
-134900 2
-134800 1
-134700 7
-134600 146
-134500 724
-134400 963
-134300 395
-134200 51
-134100 1
-134000 2
-133900 2
-133800 0
-133700 1
-133600 5
-133500 3
-133400 1
-133300 0
-133200 0
-133100 1
-133000 2
-132900 0
-132800 1
-132700 4
-132600 1
-132500 0
-132400 1
-132300 2
-132200 2
-132100 1
-132000 1
-131900 1
-131800 1
-131700 0
-131600 0
-131500 1
-131400 2
-131300 1
-131200 3
-131100 1
-131000 1
-130900 3
-130800 0
-130700 1
-130600 1
-130500 0
-130400 2
-130300 2
-130200 1
-130100 2
-130000 1
-129900 3
-129800 0
-129700 1
-129600 5
-129500 5
-129400 2
-129300 2
-129200 0
-129100 0
-129000 3
-128900 1
-128800 0
-128700 2
-128600 0
-128500 1
-128400 2
-128300 0
-128200 1
-128100 2
-128000 2
-127900 0
-127800 1
-127700 1
-127600 0
-127500 2
-127400 0
-127300 1
-127200 1
-127100 1
-127000 1
-126900 0
-126800 1
-126700 3
-126600 1
-126500 1
-126400 0
-126300 0
-126200 3
-126100 1
-126000 1
-125900 0
-125800 3
-125700 3
-125600 1
-125500 1
-125400 1
-125300 3
-125200 1
-125100 3
-125000 1
-124900 1
-124800 2
-124700 2
-124600 0
-124500 3
-124400 0
-124300 3
-124200 1
-124100 1
-124000 4
-123900 1
-123800 1
-123700 0
-123600 3
-123500 4
-123400 3
-123300 2
-123200 1
-123100 2
-123000 0
-122900 1
-122800 1
-122700 2
-122600 2
-122500 2
-122400 0
-122300 1
-122200 3
-122100 1
-122000 1
-121900 0
-121800 1
-121700 2
-121600 5
-121500 62
-121400 448
-121300 1003
-121200 594
-121100 111
-121000 10
-120900 4
-120800 2
-120700 1
-120600 3
-120500 2
-120400 0
-120300 2
-120200 2
-120100 1
-120000 2
-119900 0
-119800 3
-119700 2
-119600 1
-119500 2
-119400 1
-119300 0
-119200 2
-119100 1
-119000 1
-118900 1
-118800 1
-118700 2
-118600 1
-118500 0
-118400 1
-118300 0
-118200 2
-118100 0
-118000 4
-117900 0
-117800 1
-117700 1
-117600 1
-117500 3
-117400 1
-117300 0
-117200 1
-117100 0
-117000 2
-116900 0
-116800 1
-116700 0
-116600 6
-116500 3
-116400 4
-116300 1
-116200 2
-116100 0
-116000 2
-115900 3
-115800 1
-115700 2
-115600 0
-115500 2
-115400 2
-115300 3
-115200 1
-115100 0
-115000 0
-114900 2
-114800 0
-114700 1
-114600 0
-114500 0
-114400 1
-114300 1
-114200 0
-114100 2
-114000 1
-113900 2
-113800 1
-113700 1
-113600 1
-113500 1
-113400 3
-113300 0
-113200 4
-113100 1
-113000 1
-112900 2
-112800 5
-112700 3
-112600 1
-112500 2
-112400 0
-112300 0
-112200 0
-112100 1
-112000 3
-111900 2
-111800 1
-111700 2
-111600 1
-111500 0
-111400 1
-111300 2
-111200 2
-111100 1
-111000 3
-110900 0
-110800 2
-110700 0
-110600 2
-110500 1
-110400 1
-110300 1
-110200 1
-110100 1
-110000 2
-109900 1
-109800 0
-109700 2
-109600 2
-109500 0
-109400 0
-109300 2
-109200 1
-109100 1
-109000 0
-108900 1
-108800 2
-108700 4
-108600 1
-108500 6
-108400 26
-108300 287
-108200 872
-108100 751
-108000 194
-107900 19
-107800 3
-107700 2
-107600 3
-107500 0
-107400 0
-107300 0
-107200 0
-107100 2
-107000 1
-106900 0
-106800 1
-106700 2
-106600 2
-106500 1
-106400 0
-106300 2
-106200 1
-106100 1
-106000 0
-105900 2
-105800 1
-105700 0
-105600 1
-105500 1
-105400 2
-105300 0
-105200 4
-105100 1
-105000 5
-104900 1
-104800 2
-104700 3
-104600 1
-104500 1
-104400 0
-104300 3
-104200 2
-104100 0
-104000 0
-103900 1
-103800 1
-103700 2
-103600 0
-103500 1
-103400 5
-103300 9
-103200 7
-103100 1
-103000 0
-102900 1
-102800 3
-102700 2
-102600 1
-102500 0
-102400 1
-102300 0
-102200 1
-102100 0
-102000 1
-101900 2
-101800 3
-101700 1
-101600 2
-101500 0
-101400 1
-101300 3
-101200 1
-101100 0
-101000 2
-100900 0
-100800 0
-100700 2
-100600 2
-100500 1
-100400 3
-100300 1
-100200 0
-100100 0
-100000 0
-99900 0
-99800 4
-99700 1
-99600 1
-99500 0
-99400 1
-99300 4
-99200 0
-99100 0
-99000 3
-98900 5
-98800 0
-98700 1
-98600 2
-98500 2
-98400 2
-98300 0
-98200 0
-98100 2
-98000 2
-97900 2
-97800 2
-97700 2
-97600 0
-97500 1
-97400 2
-97300 3
-97200 2
-97100 1
-97000 2
-96900 1
-96800 1
-96700 3
-96600 7
-96500 2
-96400 1
-96300 1
-96200 2
-96100 1
-96000 1
-95900 1
-95800 1
-95700 1
-95600 3
-95500 2
-95400 1
-95300 11
-95200 97
-95100 581
-95000 1033
-94900 443
-94800 46
-94700 7
-94600 1
-94500 0
-94400 3
-94300 0
-94200 1
-94100 0
-94000 0
-93900 0
-93800 0
-93700 0
-93600 2
-93500 1
-93400 2
-93300 5
-93200 7
-93100 1
-93000 0
-92900 1
-92800 2
-92700 3
-92600 0
-92500 0
-92400 3
-92300 1
-92200 2
-92100 1
-92000 1
-91900 2
-91800 3
-91700 2
-91600 0
-91500 2
-91400 1
-91300 0
-91200 0
-91100 2
-91000 1
-90900 2
-90800 1
-90700 1
-90600 1
-90500 1
-90400 1
-90300 1
-90200 4
-90100 8
-90000 2
-89900 1
-89800 1
-89700 1
-89600 1
-89500 0
-89400 1
-89300 0
-89200 1
-89100 3
-89000 3
-88900 0
-88800 1
-88700 2
-88600 2
-88500 3
-88400 3
-88300 1
-88200 0
-88100 1
-88000 0
-87900 0
-87800 0
-87700 1
-87600 1
-87500 0
-87400 2
-87300 0
-87200 1
-87100 0
-87000 0
-86900 2
-86800 1
-86700 1
-86600 4
-86500 1
-86400 1
-86300 0
-86200 4
-86100 1
-86000 1
-85900 0
-85800 4
-85700 3
-85600 1
-85500 0
-85400 2
-85300 2
-85200 0
-85100 2
-85000 0
-84900 1
-84800 4
-84700 0
-84600 5
-84500 2
-84400 1
-84300 5
-84200 2
-84100 1
-84000 0
-83900 1
-83800 2
-83700 1
-83600 2
-83500 1
-83400 0
-83300 3
-83200 1
-83100 0
-83000 1
-82900 1
-82800 1
-82700 0
-82600 0
-82500 2
-82400 2
-82300 0
-82200 2
-82100 38
-82000 285
-81900 902
-81800 764
-81700 168
-81600 20
-81500 3
-81400 1
-81300 2
-81200 1
-81100 0
-81000 1
-80900 0
-80800 1
-80700 1
-80600 2
-80500 0
-80400 1
-80300 1
-80200 2
-80100 1
-80000 0
-79900 2
-79800 1
-79700 3
-79600 4
-79500 2
-79400 1
-79300 1
-79200 4
-79100 3
-79000 1
-78900 3
-78800 1
-78700 6
-78600 0
-78500 0
-78400 0
-78300 0
-78200 2
-78100 2
-78000 1
-77900 2
-77800 0
-77700 2
-77600 0
-77500 2
-77400 1
-77300 4
-77200 0
-77100 3
-77000 6
-76900 5
-76800 1
-76700 2
-76600 0
-76500 4
-76400 1
-76300 1
-76200 2
-76100 3
-76000 0
-75900 0
-75800 0
-75700 0
-75600 4
-75500 3
-75400 1
-75300 1
-75200 1
-75100 0
-75000 0
-74900 0
-74800 1
-74700 1
-74600 1
-74500 1
-74400 1
-74300 2
-74200 0
-74100 3
-74000 2
-73900 3
-73800 0
-73700 4
-73600 1
-73500 1
-73400 1
-73300 1
-73200 0
-73100 2
-73000 1
-72900 2
-72800 1
-72700 0
-72600 0
-72500 1
-72400 0
-72300 2
-72200 0
-72100 2
-72000 2
-71900 1
-71800 1
-71700 2
-71600 2
-71500 3
-71400 1
-71300 1
-71200 1
-71100 2
-71000 1
-70900 0
-70800 2
-70700 1
-70600 0
-70500 3
-70400 0
-70300 2
-70200 0
-70100 1
-70000 1
-69900 1
-69800 0
-69700 2
-69600 1
-69500 0
-69400 4
-69300 3
-69200 2
-69100 1
-69000 25
-68900 282
-68800 883
-68700 810
-68600 183
-68500 19
-68400 5
-68300 2
-68200 0
-68100 4
-68000 4
-67900 2
-67800 1
-67700 0
-67600 1
-67500 0
-67400 3
-67300 0
-67200 0
-67100 0
-67000 1
-66900 0
-66800 3
-66700 2
-66600 0
-66500 1
-66400 2
-66300 2
-66200 1
-66100 2
-66000 1
-65900 1
-65800 0
-65700 0
-65600 2
-65500 1
-65400 1
-65300 0
-65200 0
-65100 0
-65000 1
-64900 0
-64800 1
-64700 5
-64600 1
-64500 3
-64400 0
-64300 1
-64200 0
-64100 1
-64000 2
-63900 8
-63800 6
-63700 3
-63600 0
-63500 0
-63400 1
-63300 1
-63200 2
-63100 0
-63000 1
-62900 1
-62800 1
-62700 1
-62600 3
-62500 1
-62400 1
-62300 1
-62200 1
-62100 0
-62000 1
-61900 1
-61800 0
-61700 0
-61600 1
-61500 2
-61400 1
-61300 2
-61200 0
-61100 2
-61000 2
-60900 2
-60800 0
-60700 1
-60600 1
-60500 0
-60400 3
-60300 1
-60200 0
-60100 4
-60000 3
-59900 1
-59800 1
-59700 0
-59600 2
-59500 4
-59400 1
-59300 0
-59200 0
-59100 2
-59000 4
-58900 1
-58800 0
-58700 0
-58600 1
-58500 1
-58400 3
-58300 1
-58200 2
-58100 2
-58000 0
-57900 1
-57800 2
-57700 1
-57600 1
-57500 1
-57400 2
-57300 0
-57200 1
-57100 2
-57000 2
-56900 3
-56800 2
-56700 3
-56600 0
-56500 3
-56400 1
-56300 2
-56200 1
-56100 3
-56000 7
-55900 12
-55800 174
-55700 774
-55600 1001
-55500 321
-55400 34
-55300 2
-55200 1
-55100 1
-55000 1
-54900 0
-54800 1
-54700 3
-54600 0
-54500 0
-54400 0
-54300 2
-54200 2
-54100 3
-54000 3
-53900 2
-53800 2
-53700 1
-53600 0
-53500 3
-53400 1
-53300 0
-53200 0
-53100 1
-53000 2
-52900 3
-52800 0
-52700 2
-52600 2
-52500 2
-52400 0
-52300 3
-52200 1
-52100 2
-52000 0
-51900 2
-51800 0
-51700 0
-51600 5
-51500 2
-51400 1
-51300 0
-51200 2
-51100 1
-51000 2
-50900 2
-50800 3
-50700 4
-50600 3
-50500 1
-50400 1
-50300 1
-50200 0
-50100 0
-50000 2
-49900 2
-49800 1
-49700 2
-49600 0
-49500 3
-49400 0
-49300 0
-49200 2
-49100 0
-49000 0
-48900 1
-48800 0
-48700 4
-48600 2
-48500 2
-48400 2
-48300 2
-48200 0
-48100 1
-48000 1
-47900 0
-47800 2
-47700 0
-47600 0
-47500 1
-47400 0
-47300 1
-47200 4
-47100 2
-47000 0
-46900 1
-46800 0
-46700 1
-46600 1
-46500 5
-46400 0
-46300 1
-46200 1
-46100 1
-46000 1
-45900 0
-45800 0
-45700 1
-45600 2
-45500 0
-45400 0
-45300 0
-45200 1
-45100 0
-45000 1
-44900 2
-44800 1
-44700 1
-44600 1
-44500 3
-44400 1
-44300 2
-44200 1
-44100 1
-44000 5
-43900 0
-43800 1
-43700 1
-43600 1
-43500 0
-43400 2
-43300 2
-43200 3
-43100 2
-43000 1
-42900 1
-42800 9
-42700 37
-42600 370
-42500 967
-42400 684
-42300 126
-42200 13
-42100 3
-42000 2
-41900 1
-41800 2
-41700 1
-41600 2
-41500 1
-41400 0
-41300 1
-41200 1
-41100 1
-41000 2
-40900 4
-40800 0
-40700 3
-40600 0
-40500 1
-40400 4
-40300 0
-40200 0
-40100 1
-40000 1
-39900 0
-39800 4
-39700 2
-39600 2
-39500 1
-39400 2
-39300 2
-39200 2
-39100 3
-39000 2
-38900 0
-38800 4
-38700 2
-38600 1
-38500 2
-38400 2
-38300 2
-38200 1
-38100 0
-38000 2
-37900 1
-37800 2
-37700 3
-37600 0
-37500 4
-37400 2
-37300 0
-37200 0
-37100 4
-37000 1
-36900 0
-36800 1
-36700 2
-36600 0
-36500 1
-36400 0
-36300 0
-36200 1
-36100 3
-36000 0
-35900 0
-35800 2
-35700 1
-35600 1
-35500 2
-35400 1
-35300 1
-35200 1
-35100 3
-35000 0
-34900 3
-34800 2
-34700 0
-34600 2
-34500 1
-34400 2
-34300 0
-34200 0
-34100 1
-34000 1
-33900 2
-33800 2
-33700 1
-33600 1
-33500 2
-33400 4
-33300 0
-33200 3
-33100 1
-33000 1
-32900 0
-32800 1
-32700 1
-32600 1
-32500 0
-32400 2
-32300 1
-32200 1
-32100 1
-32000 2
-31900 1
-31800 4
-31700 1
-31600 2
-31500 0
-31400 0
-31300 1
-31200 1
-31100 2
-31000 0
-30900 1
-30800 0
-30700 2
-30600 5
-30500 2
-30400 1
-30300 2
-30200 2
-30100 3
-30000 4
-29900 1
-29800 4
-29700 5
-29600 11
-29500 181
-29400 772
-29300 860
-29200 278
-29100 29
-29000 2
-28900 1
-28800 0
-28700 1
-28600 1
-28500 2
-28400 1
-28300 1
-28200 1
-28100 3
-28000 3
-27900 1
-27800 3
-27700 2
-27600 2
-27500 1
-27400 0
-27300 3
-27200 3
-27100 1
-27000 0
-26900 1
-26800 1
-26700 1
-26600 0
-26500 3
-26400 0
-26300 0
-26200 2
-26100 3
-26000 1
-25900 2
-25800 0
-25700 0
-25600 1
-25500 1
-25400 2
-25300 0
-25200 3
-25100 3
-25000 3
-24900 2
-24800 0
-24700 2
-24600 5
-24500 4
-24400 4
-24300 1
-24200 0
-24100 1
-24000 3
-23900 1
-23800 2
-23700 0
-23600 0
-23500 2
-23400 2
-23300 3
-23200 5
-23100 0
-23000 5
-22900 0
-22800 2
-22700 2
-22600 0
-22500 1
-22400 1
-22300 0
-22200 0
-22100 0
-22000 1
-21900 1
-21800 0
-21700 3
-21600 0
-21500 1
-21400 2
-21300 0
-21200 2
-21100 0
-21000 3
-20900 1
-20800 4
-20700 4
-20600 0
-20500 1
-20400 1
-20300 1
-20200 4
-20100 0
-20000 0
-19900 1
-19800 1
-19700 1
-19600 4
-19500 0
-19400 1
-19300 2
-19200 0
-19100 3
-19000 1
-18900 1
-18800 2
-18700 1
-18600 1
-18500 2
-18400 1
-18300 2
-18200 0
-18100 2
-18000 1
-17900 2
-17800 1
-17700 2
-17600 2
-17500 0
-17400 0
-17300 2
-17200 1
-17100 1
-17000 0
-16900 2
-16800 0
-16700 3
-16600 7
-16500 27
-16400 302
-16300 872
-16200 795
-16100 202
-16000 11
-15900 4
-15800 0
-15700 3
-15600 0
-15500 2
-15400 2
-15300 0
-15200 0
-15100 1
-15000 1
-14900 1
-14800 3
-14700 1
-14600 2
-14500 0
-14400 0
-14300 1
-14200 0
-14100 2
-14000 1
-13900 2
-13800 0
-13700 1
-13600 3
-13500 0
-13400 1
-13300 1
-13200 1
-13100 1
-13000 1
-12900 1
-12800 2
-12700 1
-12600 3
-12500 2
-12400 1
-12300 1
-12200 2
-12100 4
-12000 0
-11900 1
-11800 1
-11700 0
-11600 1
-11500 2
-11400 3
-11300 3
-11200 2
-11100 2
-11000 0
-10900 0
-10800 0
-10700 1
-10600 0
-10500 0
-10400 0
-10300 2
-10200 1
-10100 0
-10000 0
-9900 1
-9800 0
-9700 0
-9600 0
-9500 0
-9400 2
-9300 2
-9200 1
-9100 2
-9000 0
-8900 1
-8800 1
-8700 0
-8600 3
-8500 1
-8400 2
-8300 2
-8200 0
-8100 3
-8000 2
-7900 4
-7800 1
-7700 1
-7600 0
-7500 2
-7400 1
-7300 1
-7200 2
-7100 1
-7000 3
-6900 4
-6800 1
-6700 0
-6600 1
-6500 4
-6400 1
-6300 0
-6200 0
-6100 0
-6000 2
-5900 1
-5800 2
-5700 1
-5600 1
-5500 1
-5400 3
-5300 1
-5200 0
-5100 2
-5000 4
-4900 1
-4800 0
-4700 2
-4600 1
-4500 2
-4400 2
-4300 1
-4200 1
-4100 1
-4000 4
-3900 0
-3800 1
-3700 3
-3600 3
-3500 1
-3400 3
-3300 42
-3200 389
-3100 995
-3000 660
-2900 95
-2800 12
-2700 0
-2600 3
-2500 0
-2400 0
-2300 1
-2200 3
-2100 1
-2000 3
-1900 3
-1800 1
-1700 3
-1600 2
-1500 1
-1400 2
-1300 0
-1200 3
-1100 1
-1000 3
-900 1
-800 1
-700 2
-600 2
-500 3
-400 3
-300 1
-200 1
-100 1
0 1
100 1
200 1
300 3
400 1
500 3
600 4
700 2
800 1
900 1
1000 3
1100 1
1200 1
1300 1
1400 5
1500 1
1600 2
1700 2
1800 6
1900 3
2000 2
2100 0
2200 1
2300 1
2400 1
2500 2
2600 2
2700 1
2800 3
2900 0
3000 3
3100 0
3200 2
3300 3
3400 0
3500 2
3600 1
3700 1
3800 0
3900 0
4000 3
4100 0
4200 0
4300 0
4400 2
4500 1
4600 2
4700 1
4800 1
4900 2
5000 1
5100 0
5200 0
5300 2
5400 1
5500 1
5600 2
5700 0
5800 0
5900 4
6000 1
6100 1
6200 1
6300 2
6400 2
6500 1
6600 0
6700 1
6800 0
6900 3
7000 0
7100 2
7200 3
7300 0
7400 1
7500 2
7600 4
7700 0
7800 1
7900 1
8000 0
8100 2
8200 1
8300 0
8400 1
8500 2
8600 1
8700 2
8800 2
8900 3
9000 1
9100 4
9200 2
9300 5
9400 1
9500 5
9600 3
9700 7
9800 108
9900 1969
10000 11557
10100 19770
10200 8991
10300 1254
10400 71
10500 8
10600 8
10700 7
10800 1
10900 1
11000 2
11100 0
11200 1
11300 1
11400 3
11500 1
11600 1
11700 3
11800 1
11900 3
12000 2
12100 0
12200 2
12300 0
12400 1
12500 0
12600 3
12700 3
12800 1
12900 0
13000 2
13100 1
13200 1
13300 1
13400 2
13500 2
13600 2
13700 1
13800 0
13900 2
14000 1
14100 2
14200 0
14300 0
14400 1
14500 0
14600 1
14700 1
14800 0
14900 3
15000 3
15100 1
15200 1
15300 2
15400 0
15500 0
15600 2
15700 1
15800 1
15900 2
16000 0
16100 1
16200 2
16300 2
16400 0
16500 2
16600 0
16700 1
16800 0
16900 1
17000 1
17100 1
17200 2
17300 1
17400 0
17500 4
17600 2
17700 4
17800 1
17900 2
18000 2
18100 1
18200 1
18300 2
18400 1
18500 0
18600 2
18700 0
18800 2
18900 1
19000 1
19100 0
19200 4
19300 1
19400 0
19500 3
19600 4
19700 3
19800 1
19900 1
20000 2
20100 1
20200 1
20300 2
20400 4
20500 0
20600 1
20700 1
20800 3
20900 1
21000 2
21100 1
21200 1
21300 0
21400 1
21500 1
21600 0
21700 0
21800 2
21900 1
22000 1
22100 2
22200 2
22300 1
22400 2
22500 2
22600 1
22700 2
22800 0
22900 2
23000 50
23100 377
23200 975
23300 676
23400 124
23500 9
23600 4
23700 0
23800 2
23900 1
24000 1
24100 2
24200 2
24300 0
24400 4
24500 0
24600 2
24700 2
24800 3
24900 3
25000 2
25100 2
25200 1
25300 3
25400 2
25500 1
25600 2
25700 2
25800 1
25900 2
26000 1
26100 1
26200 1
26300 0
26400 1
26500 0
26600 0
26700 5
26800 0
26900 1
27000 3
27100 2
27200 2
27300 1
27400 0
27500 1
27600 2
27700 2
27800 0
27900 2
28000 4
28100 4
28200 3
28300 3
28400 1
28500 2
28600 0
28700 3
28800 1
28900 2
29000 1
29100 0
29200 3
29300 3
29400 3
29500 4
29600 3
29700 0
29800 3
29900 3
30000 0
30100 2
30200 1
30300 0
30400 4
30500 0
30600 0
30700 1
30800 1
30900 1
31000 2
31100 2
31200 4
31300 1
31400 1
31500 3
31600 0
31700 3
31800 0
31900 1
32000 2
32100 1
32200 1
32300 0
32400 1
32500 0
32600 2
32700 1
32800 1
32900 2
33000 2
33100 4
33200 3
33300 1
33400 1
33500 1
33600 2
33700 2
33800 0
33900 0
34000 1
34100 1
34200 0
34300 2
34400 0
34500 1
34600 1
34700 1
34800 0
34900 2
35000 2
35100 1
35200 1
35300 0
35400 2
35500 1
35600 2
35700 3
35800 2
35900 1
36000 5
36100 56
36200 423
36300 992
36400 637
36500 95
36600 6
36700 1
36800 1
36900 2
37000 0
37100 3
37200 2
37300 0
37400 0
37500 2
37600 0
37700 0
37800 1
37900 0
38000 1
38100 1
38200 0
38300 1
38400 1
38500 1
38600 0
38700 0
38800 0
38900 3
39000 0
39100 2
39200 0
39300 0
39400 2
39500 0
39600 1
39700 0
39800 1
39900 2
40000 2
40100 1
40200 1
40300 5
40400 0
40500 1
40600 2
40700 3
40800 2
40900 3
41000 1
41100 1
41200 2
41300 5
41400 3
41500 0
41600 2
41700 0
41800 0
41900 0
42000 0
42100 1
42200 1
42300 2
42400 2
42500 3
42600 0
42700 2
42800 0
42900 0
43000 1
43100 2
43200 4
43300 1
43400 2
43500 0
43600 0
43700 2
43800 3
43900 0
44000 0
44100 1
44200 2
44300 1
44400 2
44500 0
44600 1
44700 5
44800 2
44900 0
45000 1
45100 0
45200 2
45300 0
45400 0
45500 0
45600 1
45700 0
45800 2
45900 1
46000 1
46100 0
46200 0
46300 1
46400 2
46500 2
46600 3
46700 0
46800 0
46900 1
47000 0
47100 1
47200 0
47300 1
47400 2
47500 0
47600 1
47700 2
47800 1
47900 0
48000 2
48100 0
48200 0
48300 0
48400 0
48500 2
48600 1
48700 4
48800 3
48900 1
49000 2
49100 2
49200 11
49300 141
49400 724
49500 883
49600 325
49700 24
49800 1
49900 5
50000 11
50100 3
50200 0
50300 2
50400 1
50500 0
50600 1
50700 4
50800 0
50900 3
51000 4
51100 0
51200 2
51300 2
51400 0
51500 0
51600 2
51700 3
51800 0
51900 5
52000 2
52100 2
52200 2
52300 1
52400 1
52500 0
52600 1
52700 1
52800 2
52900 1
53000 0
53100 0
53200 2
53300 2
53400 0
53500 3
53600 1
53700 4
53800 4
53900 2
54000 1
54100 2
54200 15
54300 72
54400 75
54500 22
54600 2
54700 2
54800 0
54900 0
55000 0
55100 0
55200 2
55300 2
55400 0
55500 0
55600 2
55700 1
55800 2
55900 3
56000 2
56100 2
56200 0
56300 2
56400 2
56500 3
56600 4
56700 0
56800 1
56900 2
57000 1
57100 3
57200 0
57300 2
57400 2
57500 1
57600 4
57700 0
57800 3
57900 0
58000 1
58100 1
58200 1
58300 0
58400 1
58500 0
58600 1
58700 0
58800 1
58900 0
59000 1
59100 1
59200 1
59300 3
59400 1
59500 2
59600 1
59700 1
59800 0
59900 0
60000 2
60100 1
60200 3
60300 0
60400 1
60500 1
60600 1
60700 1
60800 1
60900 0
61000 0
61100 0
61200 2
61300 1
61400 1
61500 2
61600 0
61700 1
61800 2
61900 2
62000 3
62100 2
62200 2
62300 7
62400 68
62500 364
62600 972
62700 662
62800 117
62900 9
63000 2
63100 5
63200 0
63300 0
63400 0
63500 0
63600 0
63700 0
63800 1
63900 1
64000 0
64100 1
64200 3
64300 1
64400 2
64500 0
64600 1
64700 0
64800 2
64900 0
65000 1
65100 0
65200 0
65300 4
65400 2
65500 2
65600 0
65700 2
65800 3
65900 1
66000 2
66100 0
66200 1
66300 2
66400 0
66500 1
66600 0
66700 0
66800 3
66900 2
67000 1
67100 0
67200 3
67300 0
67400 4
67500 3
67600 5
67700 1
67800 0
67900 1
68000 1
68100 0
68200 2
68300 0
68400 2
68500 1
68600 1
68700 4
68800 0
68900 2
69000 2
69100 2
69200 0
69300 1
69400 1
69500 1
69600 1
69700 1
69800 0
69900 0
70000 1
70100 1
70200 1
70300 3
70400 0
70500 4
70600 0
70700 1
70800 1
70900 3
71000 1
71100 2
71200 1
71300 1
71400 2
71500 3
71600 0
71700 2
71800 1
71900 3
72000 2
72100 0
72200 1
72300 3
72400 2
72500 2
72600 1
72700 3
72800 0
72900 0
73000 1
73100 0
73200 0
73300 3
73400 2
73500 1
73600 3
73700 1
73800 1
73900 0
74000 3
74100 5
74200 1
74300 2
74400 3
74500 0
74600 2
74700 3
74800 1
74900 0
75000 2
75100 2
75200 3
75300 1
75400 1
75500 31
75600 324
75700 980
75800 728
75900 144
76000 12
76100 2
76200 1
76300 0
76400 2
76500 2
76600 1
76700 1
76800 2
76900 0
77000 2
77100 1
77200 2
77300 2
77400 0
77500 1
77600 2
77700 1
77800 2
77900 1
78000 1
78100 2
78200 3
78300 0
78400 3
78500 1
78600 0
78700 0
78800 2
78900 2
79000 2
79100 0
79200 1
79300 0
79400 0
79500 2
79600 0
79700 3
79800 1
79900 0
80000 1
80100 1
80200 1
80300 0
80400 2
80500 2
80600 2
80700 4
80800 1
80900 1
81000 3
81100 1
81200 2
81300 2
81400 0
81500 5
81600 1
81700 1
81800 1
81900 3
82000 2
82100 1
82200 1
82300 2
82400 2
82500 1
82600 2
82700 4
82800 0
82900 1
83000 2
83100 1
83200 1
83300 1
83400 2
83500 1
83600 2
83700 2
83800 1
83900 1
84000 3
84100 1
84200 2
84300 1
84400 1
84500 2
84600 3
84700 0
84800 0
84900 0
85000 2
85100 0
85200 2
85300 0
85400 1
85500 1
85600 4
85700 1
85800 3
85900 2
86000 3
86100 1
86200 2
86300 1
86400 0
86500 0
86600 0
86700 0
86800 1
86900 0
87000 1
87100 0
87200 2
87300 0
87400 0
87500 0
87600 2
87700 3
87800 2
87900 0
88000 1
88100 2
88200 1
88300 1
88400 1
88500 2
88600 18
88700 209
88800 804
88900 861
89000 274
89100 31
89200 3
89300 2
89400 0
89500 0
89600 0
89700 4
89800 3
89900 2
90000 0
90100 0
90200 3
90300 2
90400 0
90500 3
90600 1
90700 1
90800 0
90900 1
91000 2
91100 1
91200 1
91300 0
91400 1
91500 1
91600 0
91700 1
91800 1
91900 3
92000 0
92100 3
92200 1
92300 0
92400 5
92500 1
92600 2
92700 1
92800 3
92900 3
93000 3
93100 3
93200 0
93300 2
93400 2
93500 0
93600 2
93700 2
93800 10
93900 6
94000 2
94100 0
94200 1
94300 1
94400 2
94500 0
94600 4
94700 3
94800 3
94900 2
95000 3
95100 1
95200 1
95300 4
95400 0
95500 3
95600 0
95700 2
95800 3
95900 2
96000 1
96100 5
96200 0
96300 2
96400 0
96500 1
96600 0
96700 3
96800 0
96900 1
97000 2
97100 1
97200 1
97300 1
97400 3
97500 0
97600 4
97700 0
97800 3
97900 0
98000 0
98100 1
98200 2
98300 0
98400 1
98500 2
98600 2
98700 2
98800 0
98900 4
99000 1
99100 0
99200 4
99300 0
99400 0
99500 1
99600 1
99700 1
99800 1
99900 2
100000 1
100100 1
100200 0
100300 0
100400 1
100500 0
100600 2
100700 2
100800 3
100900 1
101000 0
101100 1
101200 3
101300 0
101400 3
101500 1
101600 1
101700 2
101800 65
101900 465
102000 1003
102100 616
102200 95
102300 4
102400 3
102500 1
102600 1
102700 1
102800 1
102900 4
103000 2
103100 1
103200 0
103300 3
103400 2
103500 3
103600 0
103700 3
103800 2
103900 1
104000 1
104100 1
104200 0
104300 0
104400 4
104500 1
104600 1
104700 0
104800 0
104900 1
105000 2
105100 0
105200 2
105300 1
105400 1
105500 1
105600 1
105700 1
105800 3
105900 1
106000 2
106100 1
106200 2
106300 4
106400 1
106500 1
106600 0
106700 2
106800 9
106900 4
107000 6
107100 2
107200 1
107300 0
107400 0
107500 1
107600 0
107700 0
107800 0
107900 0
108000 1
108100 1
108200 3
108300 0
108400 1
108500 0
108600 1
108700 1
108800 2
108900 1
109000 1
109100 0
109200 1
109300 2
109400 2
109500 2
109600 1
109700 1
109800 2
109900 1
110000 1
110100 0
110200 3
110300 1
110400 1
110500 1
110600 1
110700 1
110800 4
110900 2
111000 0
111100 0
111200 2
111300 1
111400 4
111500 0
111600 1
111700 1
111800 2
111900 2
112000 0
112100 1
112200 0
112300 0
112400 2
112500 3
112600 1
112700 0
112800 4
112900 1
113000 2
113100 3
113200 2
113300 0
113400 1
113500 1
113600 5
113700 0
113800 1
113900 0
114000 1
114100 1
114200 1
114300 1
114400 0
114500 1
114600 1
114700 2
114800 1
114900 30
115000 255
115100 860
115200 736
115300 188
115400 16
115500 1
115600 3
115700 1
115800 2
115900 1
116000 0
116100 2
116200 1
116300 1
116400 2
116500 1
116600 2
116700 2
116800 0
116900 0
117000 0
117100 2
117200 0
117300 1
117400 1
117500 1
117600 1
117700 2
117800 1
117900 2
118000 1
118100 1
118200 0
118300 2
118400 0
118500 1
118600 1
118700 2
118800 2
118900 3
119000 0
119100 0
119200 1
119300 0
119400 1
119500 1
119600 3
119700 1
119800 2
119900 3
120000 3
120100 6
120200 1
120300 3
120400 0
120500 1
120600 1
120700 0
120800 2
120900 1
121000 3
121100 0
121200 2
121300 0
121400 2
121500 1
121600 0
121700 1
121800 0
121900 0
122000 0
122100 0
122200 3
122300 0
122400 2
122500 0
122600 4
122700 1
122800 3
122900 1
123000 1
123100 7
123200 1
123300 0
123400 1
123500 0
123600 1
123700 1
123800 4
123900 1
124000 2
124100 1
124200 4
124300 2
124400 2
124500 0
124600 1
124700 2
124800 0
124900 0
125000 1
125100 1
125200 2
125300 1
125400 0
125500 2
125600 0
125700 1
125800 0
125900 0
126000 1
126100 0
126200 1
126300 3
126400 0
126500 3
126600 2
126700 2
126800 2
126900 0
127000 1
127100 2
127200 1
127300 1
127400 3
127500 1
127600 2
127700 1
127800 0
127900 2
128000 11
128100 134
128200 708
128300 960
128400 350
128500 44
128600 4
128700 2
128800 1
128900 4
129000 2
129100 0
129200 2
129300 1
129400 1
129500 0
129600 1
129700 2
129800 3
129900 0
130000 2
130100 2
130200 0
130300 2
130400 3
130500 0
130600 0
130700 1
130800 0
130900 2
131000 0
131100 1
131200 2
131300 1
131400 2
131500 1
131600 3
131700 0
131800 1
131900 2
132000 3
132100 2
132200 0
132300 1
132400 0
132500 3
132600 3
132700 2
132800 1
132900 3
133000 4
133100 3
133200 5
133300 3
133400 1
133500 1
133600 2
133700 0
133800 3
133900 1
134000 0
134100 1
134200 0
134300 2
134400 1
134500 2
134600 1
134700 2
134800 2
134900 3
135000 2
135100 1
135200 5
135300 2
135400 1
135500 1
135600 1
135700 0
135800 2
135900 2
136000 0
136100 4
136200 0
136300 2
136400 0
136500 0
136600 1
136700 2
136800 1
136900 2
137000 2
137100 0
137200 2
137300 1
137400 4
137500 1
137600 1
137700 1
137800 3
137900 2
138000 2
138100 2
138200 2
138300 0
138400 1
138500 3
138600 3
138700 2
138800 0
138900 0
139000 1
139100 0
139200 1
139300 2
139400 0
139500 1
139600 1
139700 2
139800 1
139900 2
140000 1
140100 1
140200 0
140300 0
140400 0
140500 2
140600 0
140700 1
140800 0
140900 3
141000 0
141100 3
141200 59
141300 443
141400 1026
141500 570
141600 108
141700 6
141800 1
141900 2
142000 3
142100 0
142200 0
142300 1
142400 0
142500 1
142600 1
142700 1
142800 0
142900 2
143000 3
143100 1
143200 0
143300 2
143400 0
143500 1
143600 1
143700 0
143800 3
143900 0
144000 0
144100 4
144200 0
144300 1
144400 2
144500 2
144600 1
144700 2
144800 1
144900 3
145000 1
145100 5
145200 0
145300 0
145400 1
145500 1
145600 3
145700 2
145800 1
145900 0
146000 1
146100 0
146200 3
146300 0
146400 3
146500 0
146600 3
146700 0
146800 1
146900 1
147000 1
147100 3
147200 1
147300 2
147400 0
147500 1
147600 1
147700 1
147800 3
147900 4
148000 1
148100 1
148200 0
148300 0
148400 3
148500 0
148600 0
148700 3
148800 3
148900 2
149000 1
149100 0
149200 2
149300 1
149400 1
149500 4
149600 2
149700 1
149800 2
149900 0
150000 2
150100 1
150200 1
150300 4
150400 1
150500 0
150600 2
150700 1
150800 3
150900 1
151000 0
151100 2
151200 2
151300 1
151400 0
151500 1
151600 2
151700 2
151800 0
151900 2
152000 0
152100 1
152200 5
152300 0
152400 1
152500 2
152600 0
152700 0
152800 3
152900 3
153000 1
153100 1
153200 0
153300 0
153400 2
153500 2
153600 1
153700 4
153800 3
153900 0
154000 0
154100 3
154200 2
154300 23
154400 253
154500 835
154600 874
154700 220
154800 22
154900 2
155000 1
155100 1
155200 2
155300 2
155400 0
155500 1
155600 0
155700 0
155800 1
155900 2
156000 4
156100 2
156200 3
156300 1
156400 2
156500 1
156600 0
156700 0
156800 0
156900 1
157000 0
157100 0
157200 0
157300 0
157400 0
157500 3
157600 1
157700 0
157800 2
157900 4
158000 1
158100 0
158200 0
158300 3
158400 0
158500 1
158600 4
158700 0
158800 0
158900 1
159000 1
159100 0
159200 0
159300 4
159400 1
159500 6
159600 2
159700 1
159800 0
159900 0
160000 0
160100 1
160200 0
160300 1
160400 3
160500 0
160600 0
160700 1
160800 1
160900 0
161000 0
161100 3
161200 0
161300 2
161400 1
161500 1
161600 1
161700 0
161800 2
161900 3
162000 2
162100 0
162200 2
162300 2
162400 2
162500 1
162600 0
162700 0
162800 1
162900 1
163000 1
163100 0
163200 0
163300 1
163400 0
163500 2
163600 1
163700 0
163800 2
163900 2
164000 1
164100 1
164200 3
164300 2
164400 2
164500 1
164600 1
164700 2
164800 0
164900 0
165000 0
165100 1
165200 4
165300 2
165400 2
165500 1
165600 1
165700 1
165800 1
165900 2
166000 2
166100 0
166200 2
166300 0
166400 0
166500 2
166600 2
166700 2
166800 3
166900 3
167000 2
167100 3
167200 2
167300 1
167400 8
167500 125
167600 605
167700 992
167800 434
167900 53
168000 4
168100 2
168200 1
168300 1
168400 0
168500 0
168600 0
168700 2
168800 1
168900 2
169000 5
169100 3
169200 1
169300 2
169400 2
169500 0
169600 1
169700 1
169800 2
169900 0
170000 2
170100 4
170200 4
170300 0
170400 2
170500 2
170600 0
170700 2
170800 1
170900 0
171000 1
171100 0
171200 3
171300 0
171400 2
171500 1
171600 1
171700 3
171800 0
171900 0
172000 3
172100 2
172200 0
172300 1
172400 0
172500 4
172600 5
172700 1
172800 1
172900 1
173000 1
173100 0
173200 0
173300 2
173400 0
173500 0
173600 0
173700 1
173800 1
173900 2
174000 1
174100 2
174200 2
174300 1
174400 0
174500 4
174600 0
174700 0
174800 0
174900 2
175000 1
175100 0
175200 0
175300 2
175400 2
175500 1
175600 0
175700 1
175800 1
175900 1
176000 1
176100 1
176200 1
176300 1
176400 3
176500 1
176600 1
176700 0
176800 3
176900 1
177000 2
177100 0
177200 0
177300 1
177400 2
177500 2
177600 2
177700 2
177800 2
177900 0
178000 0
178100 1
178200 0
178300 0
178400 1
178500 1
178600 0
178700 4
178800 1
178900 0
179000 1
179100 0
179200 1
179300 2
179400 5
179500 1
179600 1
179700 2
179800 3
179900 1
180000 2
180100 1
180200 3
180300 1
180400 1
180500 3
180600 53
180700 370
180800 896
180900 667
181000 120
181100 8
181200 1
181300 1
181400 0
181500 2
181600 0
181700 0
181800 1
181900 1
182000 0
182100 1
182200 2
182300 5
182400 9
182500 7
182600 1
182700 3
182800 2
182900 2
183000 1
183100 0
183200 1
183300 1
183400 4
183500 1
183600 0
183700 0
183800 3
183900 1
184000 2
184100 0
184200 1
184300 1
184400 0
184500 0
184600 1
184700 1
184800 3
184900 1
185000 2
185100 2
185200 1
185300 1
185400 0
185500 1
185600 2
185700 4
185800 3
185900 1
186000 0
186100 0
186200 2
186300 0
186400 1
186500 0
186600 1
186700 1
186800 0
186900 0
187000 2
187100 3
187200 4
187300 2
187400 2
187500 1
187600 1
187700 2
187800 1
187900 0
188000 1
188100 1
188200 3
188300 0
188400 3
188500 1
188600 0
188700 0
188800 0
188900 1
189000 0
189100 1
189200 0
189300 1
189400 3
189500 1
189600 0
189700 1
189800 2
189900 2
190000 1
190100 0
190200 2
190300 1
190400 1
190500 0
190600 1
190700 1
190800 2
190900 2
191000 0
191100 1
191200 0
191300 0
191400 2
191500 2
191600 1
191700 1
191800 1
191900 1
192000 3
192100 1
192200 2
192300 0
192400 4
192500 3
192600 1
192700 4
192800 2
192900 1
193000 2
193100 0
193200 3
193300 1
193400 4
193500 1
193600 4
193700 21
193800 203
193900 803
194000 886
194100 313
194200 39
194300 4
194400 4
194500 0
194600 0
194700 1
194800 0
194900 1
195000 5
195100 2
195200 0
195300 1
195400 0
195500 1
195600 1
195700 0
195800 2
195900 0
196000 2
196100 3
196200 2
196300 0
196400 0
196500 1
196600 2
196700 0
196800 1
196900 0
197000 1
197100 0
197200 1
197300 4
197400 1
197500 0
197600 0
197700 1
197800 1
197900 1
198000 2
198100 2
198200 2
198300 0
198400 0
198500 1
198600 2
198700 0
198800 5
198900 6
199000 2
199100 2
199200 0
199300 1
199400 1
199500 4
199600 3
199700 0
199800 0
199900 0
200000 2
200100 2
200200 2
200300 0
200400 0
200500 0
200600 3
200700 1
200800 2
200900 1
201000 1
201100 0
201200 1
201300 2
201400 0
201500 0
201600 0
201700 0
201800 1
201900 2
202000 1
202100 1
202200 1
202300 4
202400 1
202500 0
202600 3
202700 2
202800 4
202900 3
203000 0
203100 1
203200 4
203300 2
203400 2
203500 3
203600 1
203700 0
203800 0
203900 1
204000 0
204100 1
204200 3
204300 0
204400 0
204500 2
204600 1
204700 3
204800 1
204900 1
205000 1
205100 1
205200 2
205300 1
205400 2
205500 2
205600 0
205700 1
205800 3
205900 1
206000 1
206100 0
206200 2
206300 4
206400 3
206500 1
206600 3
206700 2
206800 13
206900 94
207000 599
207100 965
207200 442
207300 72
207400 4
207500 4
207600 0
207700 1
207800 2
207900 1
208000 1
208100 0
208200 2
208300 4
208400 0
208500 1
208600 1
208700 2
208800 2
208900 1
209000 0
209100 4
209200 0
209300 1
209400 1
209500 1
209600 4
209700 1
209800 3
209900 1
210000 2
210100 1
210200 0
210300 1
210400 0
210500 1
210600 1
210700 2
210800 1
210900 2
211000 2
211100 2
211200 1
211300 2
211400 1
211500 0
211600 2
211700 0
211800 3
211900 5
212000 7
212100 6
212200 1
212300 0
212400 1
212500 0
212600 0
212700 0
212800 0
212900 2
213000 2
213100 3
213200 0
213300 0
213400 3
213500 1
213600 2
213700 1
213800 0
213900 1
214000 0
214100 0
214200 3
214300 0
214400 3
214500 1
214600 1
214700 2
214800 0
214900 1
215000 1
215100 0
215200 2
215300 1
215400 1
215500 0
215600 2
215700 1
215800 1
215900 2
216000 3
216100 2
216200 2
216300 3
216400 3
216500 2
216600 1
216700 1
216800 4
216900 4
217000 1
217100 3
217200 1
217300 1
217400 3
217500 0
217600 2
217700 1
217800 2
217900 1
218000 0
218100 1
218200 0
218300 0
218400 1
218500 1
218600 3
218700 1
218800 0
218900 2
219000 2
219100 0
219200 2
219300 0
219400 2
219500 2
219600 4
219700 1
219800 2
219900 6
220000 54
220100 374
220200 976
220300 703
220400 135
220500 9
220600 3
220700 2
220800 0
220900 2
221000 0
221100 2
221200 2
221300 1
221400 0
221500 2
221600 0
221700 2
221800 0
221900 1
222000 1
222100 3
222200 2
222300 0
222400 2
222500 3
222600 3
222700 0
222800 1
222900 1
223000 3
223100 3
223200 1
223300 1
223400 1
223500 2
223600 0
223700 1
223800 0
223900 1
224000 1
224100 1
224200 1
224300 3
224400 1
224500 1
224600 1
224700 0
224800 0
224900 1
225000 4
225100 5
225200 4
225300 1
225400 1
225500 1
225600 2
225700 1
225800 0
225900 1
226000 2
226100 1
226200 1
226300 5
226400 0
226500 1
226600 1
226700 2
226800 2
226900 2
227000 1
227100 2
227200 2
227300 1
227400 0
227500 3
227600 1
227700 1
227800 0
227900 3
228000 0
228100 0
228200 0
228300 1
228400 0
228500 1
228600 1
228700 1
228800 1
228900 2
229000 3
229100 1
229200 1
229300 0
229400 2
229500 0
229600 3
229700 2
229800 0
229900 1
230000 4
230100 1
230200 1
230300 2
230400 1
230500 0
230600 0
230700 1
230800 1
230900 2
231000 1
231100 2
231200 0
231300 0
231400 0
231500 2
231600 2
231700 0
231800 1
231900 4
232000 0
232100 0
232200 0
232300 0
232400 2
232500 3
232600 3
232700 2
232800 1
232900 0
233000 2
233100 34
233200 262
233300 818
233400 801
233500 236
233600 19
233700 2
233800 2
233900 1
234000 1
234100 1
234200 0
234300 1
234400 3
234500 0
234600 1
234700 2
234800 2
234900 3
235000 1
235100 2
235200 2
235300 2
235400 1
235500 1
235600 1
235700 3
235800 1
235900 0
236000 1
236100 1
236200 1
236300 1
236400 4
236500 0
236600 0
236700 0
236800 0
236900 1
237000 2
237100 2
237200 2
237300 0
237400 2
237500 1
237600 1
237700 2
237800 0
237900 3
238000 2
238100 0
238200 8
238300 4
238400 5
238500 0
238600 3
238700 2
238800 0
238900 2
239000 0
239100 3
239200 2
239300 1
239400 1
239500 5
239600 1
239700 1
239800 1
239900 2
240000 0
240100 1
240200 0
240300 2
240400 0
240500 0
240600 2
240700 3
240800 1
240900 2
241000 1
241100 1
241200 2
241300 0
241400 0
241500 2
241600 2
241700 0
241800 0
241900 0
242000 3
242100 2
242200 0
242300 1
242400 1
242500 1
242600 2
242700 2
242800 3
242900 0
243000 2
243100 2
243200 1
243300 1
243400 1
243500 1
243600 3
243700 1
243800 2
243900 0
244000 2
244100 0
244200 2
244300 2
244400 3
244500 0
244600 1
244700 1
244800 1
244900 2
245000 1
245100 1
245200 0
245300 1
245400 1
245500 2
245600 1
245700 0
245800 2
245900 2
246000 0
246100 1
246200 1
246300 128
246400 576
246500 924
246600 464
246700 72
246800 6
246900 1
247000 4
247100 2
247200 1
247300 2
247400 2
247500 1
247600 0
247700 1
247800 1
247900 1
248000 0
248100 1
248200 0
248300 2
248400 1
248500 1
248600 0
248700 2
248800 1
248900 0
249000 2
249100 0
249200 2
249300 1
249400 1
249500 2
249600 0
249700 2
249800 2
249900 1
250000 0
250100 2
250200 2
250300 2
250400 0
250500 2
250600 1
250700 3
250800 0
250900 0
251000 1
251100 0
251200 0
251300 5
251400 6
251500 1
251600 1
251700 1
251800 1
251900 1
252000 1
252100 2
252200 0
252300 1
252400 0
252500 1
252600 1
252700 1
252800 0
252900 1
253000 0
253100 2
253200 2
253300 3
253400 1
253500 1
253600 1
253700 1
253800 2
253900 3
254000 0
254100 1
254200 4
254300 4
254400 3
254500 1
254600 1
254700 4
254800 0
254900 4
255000 1
255100 0
255200 3
255300 1
255400 4
255500 0
255600 4
255700 1
255800 0
255900 2
256000 3
256100 1
256200 3
256300 1
256400 0
256500 2
256600 2
256700 3
256800 2
256900 4
257000 0
257100 0
257200 1
257300 1
257400 2
257500 0
257600 1
257700 3
257800 2
257900 0
258000 2
258100 1
258200 1
258300 0
258400 1
258500 2
258600 0
258700 2
258800 0
258900 1
259000 2
259100 1
259200 1
259300 7
259400 43
259500 389
259600 953
259700 693
259800 146
259900 7
260000 3
260100 6
260200 0
260300 1
260400 0
260500 0
260600 2
260700 0
260800 1
260900 1
261000 1
261100 2
261200 3
261300 1
261400 4
261500 0
261600 2
261700 0
261800 2
261900 2
262000 2
262100 2
262200 0
262300 1
262400 4
262500 4
262600 1
262700 0
262800 0
262900 2
263000 0
263100 2
263200 0
263300 1
263400 2
263500 1
263600 3
263700 1
263800 1
263900 1
264000 2
264100 1
264200 0
264300 1
264400 2
264500 6
264600 5
264700 2
264800 2
264900 1
265000 2
265100 0
265200 0
265300 2
265400 1
265500 0
265600 1
265700 0
265800 2
265900 0
266000 0
266100 0
266200 0
266300 0
266400 1
266500 1
266600 0
266700 2
266800 1
266900 1
267000 1
267100 2
267200 0
267300 1
267400 0
267500 1
267600 3
267700 0
267800 2
267900 3
268000 0
268100 0
268200 2
268300 2
268400 0
268500 0
268600 2
268700 0
268800 0
268900 1
269000 0
269100 0
269200 2
269300 2
269400 2
269500 1
269600 2
269700 0
269800 1
269900 1
270000 4
270100 1
270200 1
270300 2
270400 2
270500 0
270600 1
270700 1
270800 2
270900 2
271000 1
271100 1
271200 1
271300 0
271400 0
271500 1
271600 2
271700 4
271800 1
271900 1
272000 1
272100 1
272200 1
272300 3
272400 2
272500 27
272600 234
272700 806
272800 840
272900 266
273000 33
273100 4
273200 0
273300 1
273400 1
273500 1
273600 3
273700 0
273800 3
273900 1
274000 1
274100 1
274200 1
274300 1
274400 3
274500 0
274600 1
274700 2
274800 2
274900 0
275000 0
275100 2
275200 1
275300 2
275400 1
275500 0
275600 1
275700 0
275800 2
275900 2
276000 1
276100 0
276200 1
276300 0
276400 2
276500 2
276600 3
276700 1
276800 0
276900 2
277000 1
277100 0
277200 0
277300 1
277400 2
277500 1
277600 7
277700 7
277800 2
277900 4
278000 0
278100 2
278200 5
278300 1
278400 0
278500 1
278600 1
278700 0
278800 0
278900 1
279000 2
279100 1
279200 0
279300 0
279400 3
279500 2
279600 2
279700 2
279800 2
279900 1
280000 0
280100 1
280200 2
280300 2
280400 0
280500 0
280600 1
280700 0
280800 0
280900 2
281000 3
281100 1
281200 1
281300 1
281400 1
281500 0
281600 0
281700 1
281800 1
281900 0
282000 1
282100 0
282200 2
282300 1
282400 1
282500 2
282600 1
282700 0
282800 2
282900 1
283000 0
283100 0
283200 0
283300 0
283400 1
283500 0
283600 2
283700 1
283800 0
283900 2
284000 1
284100 3
284200 0
284300 1
284400 1
284500 2
284600 0
284700 1
284800 3
284900 1
285000 1
285100 1
285200 1
285300 1
285400 3
285500 1
285600 6
285700 125
285800 620
285900 963
286000 421
286100 75
286200 2
286300 3
286400 0
286500 3
286600 2
286700 0
286800 2
286900 4
287000 0
287100 2
287200 1
287300 0
287400 1
287500 2
287600 2
287700 1
287800 3
287900 0
288000 0
288100 3
288200 3
288300 2
288400 1
288500 4
288600 3
288700 3
288800 0
288900 2
289000 1
289100 1
289200 2
289300 0
289400 2
289500 1
289600 2
289700 3
289800 0
289900 0
290000 0
290100 1
290200 2
290300 0
290400 0
290500 3
290600 3
290700 1
290800 7
290900 2
291000 1
291100 2
291200 3
291300 1
291400 2
291500 2
291600 3
291700 1
291800 2
291900 0
292000 1
292100 2
292200 0
292300 2
292400 0
292500 1
292600 1
292700 1
292800 2
292900 3
293000 3
293100 0
293200 1
293300 2
293400 2
293500 1
293600 1
293700 2
293800 2
293900 4
294000 0
294100 0
294200 0
294300 2
294400 1
294500 1
294600 1
294700 0
294800 2
294900 0
295000 0
295100 0
295200 2
295300 0
295400 1
295500 2
295600 0
295700 1
295800 2
295900 0
296000 0
296100 2
296200 0
296300 2
296400 2
296500 2
296600 3
296700 0
296800 0
296900 1
297000 2
297100 2
297200 0
297300 1
297400 1
297500 2
297600 1
297700 2
297800 0
297900 1
298000 4
298100 4
298200 1
298300 1
298400 3
298500 2
298600 0
298700 2
298800 38
298900 397
299000 877
299100 693
299200 189
299300 15
299400 1
299500 3
299600 1
299700 1
299800 0
299900 0
300000 0
300100 1
300200 0
300300 2
300400 0
300500 0
300600 3
300700 2
300800 3
300900 1
301000 0
301100 3
301200 2
301300 1
301400 1
301500 0
301600 0
301700 0
301800 1
301900 0
302000 1
302100 3
302200 0
302300 2
302400 2
302500 2
302600 3
302700 3
302800 0
302900 2
303000 0
303100 1
303200 0
303300 2
303400 0
303500 1
303600 0
303700 0
303800 6
303900 8
304000 3
304100 1
304200 4
304300 0
304400 0
304500 4
304600 1
304700 1
304800 2
304900 2
305000 1
305100 3
305200 4
305300 2
305400 2
305500 1
305600 0
305700 0
305800 0
305900 0
306000 3
306100 3
306200 0
306300 1
306400 1
306500 1
306600 2
306700 1
306800 1
306900 0
307000 1
307100 1
307200 0
307300 0
307400 1
307500 1
307600 1
307700 2
307800 1
307900 0
308000 3
308100 1
308200 1
308300 1
308400 0
308500 1
308600 1
308700 1
308800 1
308900 0
309000 1
309100 1
309200 1
309300 1
309400 0
309500 2
309600 0
309700 0
309800 1
309900 2
