-290000 6
-289900 1
-289800 4
-289700 9
-289600 2
-289500 3
-289400 4
-289300 0
-289200 8
-289100 2
-289000 2
-288900 3
-288800 2
-288700 3
-288600 4
-288500 5
-288400 2
-288300 0
-288200 7
-288100 7
-288000 3
-287900 2
-287800 0
-287700 6
-287600 0
-287500 3
-287400 5
-287300 11
-287200 29
-287100 40
-287000 11
-286900 3
-286800 2
-286700 3
-286600 1
-286500 4
-286400 3
-286300 5
-286200 2
-286100 3
-286000 0
-285900 5
-285800 7
-285700 3
-285600 3
-285500 0
-285400 1
-285300 1
-285200 8
-285100 5
-285000 2
-284900 4
-284800 1
-284700 1
-284600 2
-284500 4
-284400 1
-284300 3
-284200 3
-284100 2
-284000 3
-283900 4
-283800 1
-283700 3
-283600 2
-283500 5
-283400 2
-283300 4
-283200 4
-283100 0
-283000 2
-282900 3
-282800 3
-282700 2
-282600 1
-282500 2
-282400 3
-282300 0
-282200 4
-282100 0
-282000 1
-281900 1
-281800 5
-281700 5
-281600 5
-281500 2
-281400 4
-281300 4
-281200 4
-281100 5
-281000 3
-280900 5
-280800 4
-280700 4
-280600 5
-280500 5
-280400 1
-280300 6
-280200 5
-280100 3
-280000 3
-279900 3
-279800 3
-279700 6
-279600 8
-279500 5
-279400 5
-279300 11
-279200 62
-279100 727
-279000 3857
-278900 6700
-278800 3675
-278700 598
-278600 49
-278500 7
-278400 16
-278300 5
-278200 5
-278100 6
-278000 3
-277900 4
-277800 4
-277700 5
-277600 4
-277500 5
-277400 5
-277300 3
-277200 2
-277100 1
-277000 3
-276900 4
-276800 2
-276700 2
-276600 6
-276500 4
-276400 3
-276300 2
-276200 6
-276100 3
-276000 3
-275900 5
-275800 3
-275700 1
-275600 1
-275500 4
-275400 7
-275300 3
-275200 5
-275100 2
-275000 4
-274900 1
-274800 0
-274700 5
-274600 0
-274500 4
-274400 3
-274300 1
-274200 9
-274100 30
-274000 30
-273900 17
-273800 7
-273700 4
-273600 5
-273500 3
-273400 2
-273300 8
-273200 1
-273100 4
-273000 4
-272900 3
-272800 4
-272700 2
-272600 1
-272500 2
-272400 5
-272300 0
-272200 4
-272100 3
-272000 2
-271900 2
-271800 4
-271700 2
-271600 5
-271500 1
-271400 1
-271300 3
-271200 4
-271100 2
-271000 3
-270900 4
-270800 2
-270700 4
-270600 2
-270500 4
-270400 5
-270300 1
-270200 1
-270100 6
-270000 2
-269900 4
-269800 5
-269700 1
-269600 5
-269500 1
-269400 5
-269300 1
-269200 5
-269100 4
-269000 5
-268900 3
-268800 2
-268700 1
-268600 3
-268500 8
-268400 2
-268300 3
-268200 1
-268100 4
-268000 5
-267900 2
-267800 3
-267700 7
-267600 3
-267500 3
-267400 6
-267300 1
-267200 3
-267100 6
-267000 3
-266900 2
-266800 5
-266700 4
-266600 1
-266500 2
-266400 2
-266300 7
-266200 9
-266100 31
-266000 342
-265900 2464
-265800 6314
-265700 5005
-265600 1143
-265500 113
-265400 7
-265300 7
-265200 7
-265100 4
-265000 4
-264900 5
-264800 4
-264700 4
-264600 3
-264500 6
-264400 2
-264300 3
-264200 9
-264100 6
-264000 1
-263900 2
-263800 2
-263700 5
-263600 5
-263500 3
-263400 1
-263300 4
-263200 2
-263100 6
-263000 4
-262900 6
-262800 4
-262700 3
-262600 1
-262500 4
-262400 3
-262300 1
-262200 4
-262100 3
-262000 4
-261900 4
-261800 2
-261700 3
-261600 3
-261500 4
-261400 6
-261300 4
-261200 2
-261100 6
-261000 22
-260900 33
-260800 15
-260700 6
-260600 5
-260500 3
-260400 5
-260300 1
-260200 4
-260100 3
-260000 7
-259900 3
-259800 6
-259700 2
-259600 3
-259500 4
-259400 3
-259300 1
-259200 3
-259100 1
-259000 7
-258900 6
-258800 4
-258700 5
-258600 1
-258500 1
-258400 2
-258300 2
-258200 5
-258100 3
-258000 4
-257900 4
-257800 3
-257700 2
-257600 5
-257500 5
-257400 1
-257300 6
-257200 6
-257100 6
-257000 3
-256900 7
-256800 3
-256700 5
-256600 6
-256500 0
-256400 4
-256300 5
-256200 1
-256100 6
-256000 5
-255900 5
-255800 1
-255700 6
-255600 2
-255500 0
-255400 2
-255300 4
-255200 3
-255100 3
-255000 0
-254900 4
-254800 5
-254700 7
-254600 2
-254500 3
-254400 2
-254300 3
-254200 10
-254100 4
-254000 2
-253900 1
-253800 3
-253700 4
-253600 3
-253500 4
-253400 2
-253300 8
-253200 6
-253100 4
-253000 19
-252900 146
-252800 1441
-252700 5329
-252600 5987
-252500 2105
-252400 232
-252300 26
-252200 6
-252100 3
-252000 8
-251900 4
-251800 2
-251700 5
-251600 4
-251500 5
-251400 1
-251300 1
-251200 5
-251100 6
-251000 6
-250900 7
-250800 4
-250700 0
-250600 5
-250500 9
-250400 8
-250300 4
-250200 1
-250100 2
-250000 2
-249900 2
-249800 2
-249700 5
-249600 3
-249500 4
-249400 2
-249300 2
-249200 2
-249100 2
-249000 5
-248900 4
-248800 3
-248700 1
-248600 1
-248500 3
-248400 8
-248300 1
-248200 3
-248100 4
-248000 5
-247900 13
-247800 26
-247700 22
-247600 13
-247500 2
-247400 2
-247300 3
-247200 4
-247100 3
-247000 1
-246900 2
-246800 4
-246700 8
-246600 0
-246500 4
-246400 4
-246300 3
-246200 2
-246100 3
-246000 4
-245900 3
-245800 4
-245700 1
-245600 3
-245500 2
-245400 7
-245300 4
-245200 2
-245100 2
-245000 1
-244900 3
-244800 4
-244700 6
-244600 3
-244500 2
-244400 5
-244300 6
-244200 0
-244100 5
-244000 5
-243900 5
-243800 2
-243700 3
-243600 6
-243500 1
-243400 4
-243300 1
-243200 5
-243100 3
-243000 2
-242900 5
-242800 6
-242700 4
-242600 2
-242500 2
-242400 1
-242300 5
-242200 5
-242100 3
-242000 4
-241900 5
-241800 3
-241700 7
-241600 3
-241500 3
-241400 3
-241300 4
-241200 3
-241100 5
-241000 8
-240900 3
-240800 6
-240700 3
-240600 5
-240500 2
-240400 8
-240300 3
-240200 4
-240100 4
-240000 19
-239900 9
-239800 51
-239700 593
-239600 3413
-239500 6848
-239400 3808
-239300 661
-239200 54
-239100 15
-239000 9
-238900 6
-238800 1
-238700 3
-238600 5
-238500 3
-238400 2
-238300 4
-238200 3
-238100 2
-238000 5
-237900 6
-237800 4
-237700 3
-237600 2
-237500 3
-237400 4
-237300 3
-237200 5
-237100 1
-237000 3
-236900 7
-236800 1
-236700 3
-236600 3
-236500 6
-236400 3
-236300 3
-236200 4
-236100 4
-236000 4
-235900 1
-235800 4
-235700 1
-235600 5
-235500 9
-235400 2
-235300 5
-235200 6
-235100 1
-235000 4
-234900 4
-234800 10
-234700 15
-234600 52
-234500 26
-234400 4
-234300 8
-234200 3
-234100 3
-234000 6
-233900 2
-233800 4
-233700 1
-233600 2
-233500 5
-233400 0
-233300 1
-233200 2
-233100 3
-233000 4
-232900 2
-232800 4
-232700 4
-232600 1
-232500 6
-232400 3
-232300 1
-232200 6
-232100 2
-232000 3
-231900 2
-231800 6
-231700 4
-231600 2
-231500 2
-231400 3
-231300 3
-231200 0
-231100 2
-231000 2
-230900 2
-230800 5
-230700 6
-230600 4
-230500 1
-230400 5
-230300 7
-230200 5
-230100 1
-230000 7
-229900 3
-229800 3
-229700 1
-229600 0
-229500 2
-229400 4
-229300 1
-229200 4
-229100 1
-229000 6
-228900 0
-228800 2
-228700 2
-228600 5
-228500 2
-228400 3
-228300 2
-228200 3
-228100 4
-228000 4
-227900 4
-227800 2
-227700 6
-227600 3
-227500 5
-227400 5
-227300 2
-227200 1
-227100 2
-227000 5
-226900 6
-226800 8
-226700 22
-226600 215
-226500 2052
-226400 6319
-226300 5333
-226200 1536
-226100 108
-226000 7
-225900 5
-225800 11
-225700 7
-225600 1
-225500 2
-225400 3
-225300 3
-225200 4
-225100 3
-225000 1
-224900 2
-224800 6
-224700 4
-224600 2
-224500 2
-224400 1
-224300 3
-224200 4
-224100 5
-224000 2
-223900 0
-223800 6
-223700 1
-223600 7
-223500 4
-223400 1
-223300 4
-223200 2
-223100 4
-223000 2
-222900 5
-222800 4
-222700 3
-222600 1
-222500 4
-222400 2
-222300 2
-222200 3
-222100 5
-222000 4
-221900 2
-221800 5
-221700 3
-221600 16
-221500 37
-221400 21
-221300 8
-221200 2
-221100 3
-221000 5
-220900 6
-220800 2
-220700 4
-220600 2
-220500 1
-220400 2
-220300 3
-220200 2
-220100 4
-220000 6
-219900 3
-219800 3
-219700 6
-219600 5
-219500 5
-219400 6
-219300 2
-219200 3
-219100 2
-219000 3
-218900 2
-218800 7
-218700 2
-218600 3
-218500 6
-218400 2
-218300 3
-218200 2
-218100 9
-218000 4
-217900 5
-217800 5
-217700 0
-217600 4
-217500 4
-217400 2
-217300 6
-217200 4
-217100 1
-217000 3
-216900 1
-216800 3
-216700 4
-216600 4
-216500 3
-216400 3
-216300 3
-216200 3
-216100 7
-216000 4
-215900 3
-215800 1
-215700 0
-215600 1
-215500 5
-215400 3
-215300 6
-215200 5
-215100 5
-215000 3
-214900 5
-214800 10
-214700 4
-214600 3
-214500 6
-214400 2
-214300 3
-214200 2
-214100 3
-214000 3
-213900 4
-213800 10
-213700 8
-213600 7
-213500 105
-213400 1437
-213300 5432
-213200 6338
-213100 2093
-213000 219
-212900 20
-212800 6
-212700 7
-212600 3
-212500 7
-212400 3
-212300 3
-212200 5
-212100 4
-212000 3
-211900 3
-211800 6
-211700 8
-211600 3
-211500 7
-211400 4
-211300 1
-211200 4
-211100 3
-211000 3
-210900 1
-210800 2
-210700 2
-210600 4
-210500 3
-210400 4
-210300 4
-210200 3
-210100 5
-210000 1
-209900 3
-209800 3
-209700 1
-209600 5
-209500 4
-209400 3
-209300 2
-209200 4
-209100 4
-209000 1
-208900 8
-208800 4
-208700 3
-208600 9
-208500 7
-208400 26
-208300 26
-208200 9
-208100 4
-208000 4
-207900 3
-207800 3
-207700 5
-207600 1
-207500 0
-207400 5
-207300 1
-207200 3
-207100 2
-207000 6
-206900 7
-206800 3
-206700 5
-206600 7
-206500 4
-206400 4
-206300 5
-206200 4
-206100 3
-206000 2
-205900 4
-205800 5
-205700 5
-205600 5
-205500 2
-205400 3
-205300 2
-205200 4
-205100 6
-205000 5
-204900 3
-204800 1
-204700 6
-204600 4
-204500 1
-204400 2
-204300 4
-204200 5
-204100 3
-204000 5
-203900 2
-203800 2
-203700 8
-203600 10
-203500 2
-203400 4
-203300 0
-203200 6
-203100 5
-203000 5
-202900 3
-202800 2
-202700 1
-202600 0
-202500 2
-202400 4
-202300 3
-202200 5
-202100 2
-202000 2
-201900 5
-201800 10
-201700 7
-201600 6
-201500 1
-201400 6
-201300 5
-201200 2
-201100 7
-201000 5
-200900 4
-200800 6
-200700 3
-200600 9
-200500 10
-200400 57
-200300 791
-200200 4061
-200100 6906
-200000 3259
-199900 476
-199800 39
-199700 11
-199600 11
-199500 4
-199400 2
-199300 6
-199200 4
-199100 5
-199000 2
-198900 5
-198800 1
-198700 3
-198600 2
-198500 6
-198400 6
-198300 4
-198200 3
-198100 2
-198000 3
-197900 2
-197800 5
-197700 2
-197600 1
-197500 0
-197400 3
-197300 1
-197200 3
-197100 3
-197000 2
-196900 2
-196800 2
-196700 2
-196600 5
-196500 5
-196400 2
-196300 8
-196200 8
-196100 8
-196000 5
-195900 4
-195800 2
-195700 4
-195600 2
-195500 6
-195400 6
-195300 29
-195200 32
-195100 12
-195000 3
-194900 9
-194800 3
-194700 4
-194600 2
-194500 5
-194400 4
-194300 3
-194200 4
-194100 3
-194000 7
-193900 4
-193800 5
-193700 4
-193600 5
-193500 3
-193400 3
-193300 2
-193200 3
-193100 0
-193000 3
-192900 0
-192800 4
-192700 2
-192600 4
-192500 3
-192400 0
-192300 3
-192200 2
-192100 4
-192000 2
-191900 6
-191800 3
-191700 4
-191600 0
-191500 4
-191400 3
-191300 2
-191200 4
-191100 4
-191000 1
-190900 4
-190800 5
-190700 3
-190600 3
-190500 1
-190400 3
-190300 5
-190200 7
-190100 4
-190000 5
-189900 2
-189800 3
-189700 1
-189600 6
-189500 4
-189400 3
-189300 2
-189200 9
-189100 2
-189000 3
-188900 3
-188800 4
-188700 5
-188600 1
-188500 3
-188400 4
-188300 2
-188200 3
-188100 1
-188000 5
-187900 4
-187800 3
-187700 3
-187600 6
-187500 8
-187400 11
-187300 30
-187200 282
-187100 2394
-187000 6439
-186900 4963
-186800 1165
-186700 91
-186600 19
-186500 11
-186400 13
-186300 5
-186200 6
-186100 2
-186000 4
-185900 3
-185800 4
-185700 2
-185600 4
-185500 9
-185400 7
-185300 4
-185200 3
-185100 5
-185000 5
-184900 5
-184800 4
-184700 8
-184600 6
-184500 5
-184400 3
-184300 3
-184200 4
-184100 3
-184000 4
-183900 3
-183800 2
-183700 8
-183600 9
-183500 8
-183400 3
-183300 1
-183200 2
-183100 3
-183000 4
-182900 0
-182800 4
-182700 7
-182600 3
-182500 4
-182400 4
-182300 8
-182200 15
-182100 34
-182000 23
-181900 9
-181800 5
-181700 4
-181600 0
-181500 2
-181400 1
-181300 2
-181200 1
-181100 4
-181000 3
-180900 4
-180800 3
-180700 4
-180600 1
-180500 2
-180400 2
-180300 6
-180200 3
-180100 3
-180000 6
-179900 3
-179800 7
-179700 3
-179600 2
-179500 6
-179400 3
-179300 6
-179200 4
-179100 6
-179000 4
-178900 2
-178800 3
-178700 2
-178600 7
-178500 6
-178400 3
-178300 5
-178200 3
-178100 3
-178000 2
-177900 3
-177800 3
-177700 3
-177600 1
-177500 2
-177400 4
-177300 6
-177200 6
-177100 3
-177000 3
-176900 2
-176800 2
-176700 5
-176600 0
-176500 2
-176400 4
-176300 3
-176200 3
-176100 2
-176000 4
-175900 7
-175800 4
-175700 3
-175600 4
-175500 9
-175400 9
-175300 4
-175200 3
-175100 3
-175000 2
-174900 2
-174800 2
-174700 3
-174600 0
-174500 4
-174400 5
-174300 11
-174200 16
-174100 103
-174000 1107
-173900 5051
-173800 6621
-173700 2420
-173600 263
-173500 24
-173400 17
-173300 12
-173200 9
-173100 0
-173000 4
-172900 5
-172800 0
-172700 2
-172600 1
-172500 2
-172400 6
-172300 5
-172200 5
-172100 4
-172000 4
-171900 4
-171800 4
-171700 0
-171600 2
-171500 4
-171400 4
-171300 4
-171200 5
-171100 0
-171000 1
-170900 3
-170800 5
-170700 2
-170600 7
-170500 4
-170400 5
-170300 3
-170200 2
-170100 1
-170000 2
-169900 2
-169800 4
-169700 3
-169600 4
-169500 4
-169400 4
-169300 1
-169200 6
-169100 11
-169000 25
-168900 25
-168800 10
-168700 6
-168600 2
-168500 3
-168400 3
-168300 2
-168200 5
-168100 2
-168000 2
-167900 0
-167800 3
-167700 5
-167600 6
-167500 3
-167400 1
-167300 3
-167200 4
-167100 5
-167000 3
-166900 2
-166800 4
-166700 2
-166600 3
-166500 5
-166400 3
-166300 3
-166200 3
-166100 3
-166000 5
-165900 4
-165800 1
-165700 6
-165600 6
-165500 2
-165400 3
-165300 4
-165200 4
-165100 6
-165000 4
-164900 0
-164800 6
-164700 1
-164600 2
-164500 3
-164400 1
-164300 4
-164200 2
-164100 3
-164000 2
-163900 5
-163800 0
-163700 3
-163600 4
-163500 4
-163400 3
-163300 7
-163200 2
-163100 3
-163000 2
-162900 3
-162800 5
-162700 4
-162600 5
-162500 3
-162400 13
-162300 22
-162200 12
-162100 7
-162000 7
-161900 3
-161800 7
-161700 5
-161600 3
-161500 2
-161400 2
-161300 4
-161200 11
-161100 18
-161000 49
-160900 517
-160800 3511
-160700 6830
-160600 3782
-160500 644
-160400 35
-160300 8
-160200 9
-160100 3
-160000 5
-159900 3
-159800 2
-159700 1
-159600 1
-159500 4
-159400 1
-159300 7
-159200 1
-159100 6
-159000 4
-158900 6
-158800 3
-158700 2
-158600 4
-158500 3
-158400 8
-158300 2
-158200 3
-158100 4
-158000 7
-157900 4
-157800 4
-157700 1
-157600 3
-157500 6
-157400 2
-157300 1
-157200 2
-157100 8
-157000 3
-156900 4
-156800 3
-156700 6
-156600 5
-156500 3
-156400 4
-156300 4
-156200 2
-156100 2
-156000 6
-155900 24
-155800 33
-155700 10
-155600 4
-155500 8
-155400 4
-155300 2
-155200 2
-155100 2
-155000 5
-154900 3
-154800 3
-154700 5
-154600 6
-154500 4
-154400 2
-154300 2
-154200 4
-154100 5
-154000 3
-153900 6
-153800 2
-153700 4
-153600 4
-153500 5
-153400 4
-153300 3
-153200 1
-153100 4
-153000 3
-152900 2
-152800 6
-152700 4
-152600 2
-152500 11
-152400 9
-152300 3
-152200 2
-152100 5
-152000 2
-151900 3
-151800 3
-151700 0
-151600 2
-151500 1
-151400 1
-151300 4
-151200 3
-151100 5
-151000 6
-150900 4
-150800 5
-150700 2
-150600 3
-150500 2
-150400 3
-150300 6
-150200 4
-150100 5
-150000 5
-149900 3
-149800 2
-149700 2
-149600 5
-149500 2
-149400 5
-149300 4
-149200 3
-149100 2
-149000 3
-148900 4
-148800 3
-148700 4
-148600 3
-148500 2
-148400 3
-148300 5
-148200 6
-148100 5
-148000 11
-147900 17
-147800 252
-147700 2090
-147600 6172
-147500 5377
-147400 1306
-147300 107
-147200 10
-147100 6
-147000 8
-146900 4
-146800 3
-146700 7
-146600 3
-146500 3
-146400 3
-146300 3
-146200 2
-146100 3
-146000 4
-145900 7
-145800 0
-145700 0
-145600 0
-145500 4
-145400 4
-145300 1
-145200 5
-145100 0
-145000 2
-144900 6
-144800 2
-144700 2
-144600 4
-144500 4
-144400 1
-144300 5
-144200 2
-144100 4
-144000 4
-143900 2
-143800 4
-143700 2
-143600 8
-143500 3
-143400 3
-143300 3
-143200 2
-143100 1
-143000 5
-142900 5
-142800 6
-142700 32
-142600 18
-142500 8
-142400 8
-142300 2
-142200 6
-142100 2
-142000 4
-141900 4
-141800 3
-141700 2
-141600 3
-141500 5
-141400 4
-141300 0
-141200 0
-141100 3
-141000 5
-140900 3
-140800 4
-140700 4
-140600 5
-140500 1
-140400 4
-140300 4
-140200 4
-140100 4
-140000 2
-139900 4
-139800 6
-139700 2
-139600 3
-139500 5
-139400 9
-139300 3
-139200 3
-139100 3
-139000 1
-138900 2
-138800 5
-138700 2
-138600 9
-138500 3
-138400 1
-138300 7
-138200 9
-138100 5
-138000 6
-137900 2
-137800 5
-137700 4
-137600 1
-137500 4
-137400 3
-137300 4
-137200 3
-137100 4
-137000 1
-136900 3
-136800 3
-136700 7
-136600 2
-136500 1
-136400 3
-136300 3
-136200 5
-136100 4
-136000 7
-135900 5
-135800 3
-135700 3
-135600 3
-135500 6
-135400 4
-135300 1
-135200 3
-135100 6
-135000 7
-134900 5
-134800 9
-134700 99
-134600 997
-134500 4666
-134400 6669
-134300 2673
-134200 318
-134100 27
-134000 10
-133900 12
-133800 6
-133700 10
-133600 6
-133500 3
-133400 1
-133300 3
-133200 1
-133100 5
-133000 5
-132900 4
-132800 1
-132700 1
-132600 5
-132500 2
-132400 5
-132300 4
-132200 2
-132100 5
-132000 3
-131900 3
-131800 3
-131700 2
-131600 2
-131500 1
-131400 3
-131300 1
-131200 3
-131100 6
-131000 2
-130900 1
-130800 4
-130700 4
-130600 5
-130500 3
-130400 3
-130300 4
-130200 4
-130100 5
-130000 10
-129900 4
-129800 4
-129700 8
-129600 20
-129500 26
-129400 18
-129300 6
-129200 2
-129100 0
-129000 4
-128900 3
-128800 3
-128700 2
-128600 1
-128500 4
-128400 1
-128300 4
-128200 4
-128100 2
-128000 3
-127900 6
-127800 1
-127700 3
-127600 2
-127500 4
-127400 3
-127300 3
-127200 4
-127100 5
-127000 3
-126900 4
-126800 4
-126700 2
-126600 3
-126500 6
-126400 1
-126300 7
-126200 2
-126100 3
-126000 2
-125900 6
-125800 4
-125700 4
-125600 2
-125500 4
-125400 0
-125300 1
-125200 2
-125100 8
-125000 2
-124900 3
-124800 3
-124700 4
-124600 2
-124500 4
-124400 5
-124300 3
-124200 3
-124100 4
-124000 4
-123900 2
-123800 1
-123700 3
-123600 2
-123500 5
-123400 3
-123300 2
-123200 5
-123100 3
-123000 4
-122900 3
-122800 5
-122700 4
-122600 0
-122500 3
-122400 3
-122300 2
-122200 4
-122100 3
-122000 6
-121900 5
-121800 7
-121700 7
-121600 34
-121500 459
-121400 3209
-121300 6991
-121200 4064
-121100 694
-121000 41
-120900 8
-120800 7
-120700 8
-120600 5
-120500 1
-120400 3
-120300 3
-120200 4
-120100 2
-120000 2
-119900 6
-119800 2
-119700 4
-119600 5
-119500 2
-119400 2
-119300 1
-119200 3
-119100 4
-119000 5
-118900 2
-118800 1
-118700 4
-118600 7
-118500 5
-118400 4
-118300 0
-118200 4
-118100 4
-118000 3
-117900 2
-117800 6
-117700 5
-117600 2
-117500 2
-117400 4
-117300 6
-117200 5
-117100 4
-117000 5
-116900 6
-116800 2
-116700 5
-116600 8
-116500 25
-116400 29
-116300 17
-116200 5
-116100 5
-116000 7
-115900 6
-115800 2
-115700 2
-115600 2
-115500 2
-115400 3
-115300 2
-115200 6
-115100 4
-115000 2
-114900 1
-114800 2
-114700 3
-114600 6
-114500 5
-114400 3
-114300 5
-114200 2
-114100 6
-114000 2
-113900 3
-113800 4
-113700 4
-113600 2
-113500 4
-113400 2
-113300 3
-113200 6
-113100 2
-113000 1
-112900 6
-112800 2
-112700 3
-112600 5
-112500 4
-112400 5
-112300 5
-112200 7
-112100 8
-112000 3
-111900 2
-111800 2
-111700 5
-111600 2
-111500 2
-111400 4
-111300 1
-111200 6
-111100 2
-111000 9
-110900 1
-110800 3
-110700 5
-110600 4
-110500 1
-110400 6
-110300 6
-110200 2
-110100 4
-110000 1
-109900 9
-109800 7
-109700 5
-109600 2
-109500 2
-109400 4
-109300 2
-109200 2
-109100 0
-109000 7
-108900 3
-108800 5
-108700 6
-108600 6
-108500 20
-108400 219
-108300 1967
-108200 6296
-108100 5583
-108000 1418
-107900 122
-107800 13
-107700 12
-107600 10
-107500 5
-107400 4
-107300 2
-107200 1
-107100 4
-107000 7
-106900 4
-106800 2
-106700 2
-106600 6
-106500 3
-106400 1
-106300 4
-106200 4
-106100 1
-106000 4
-105900 4
-105800 2
-105700 6
-105600 3
-105500 1
-105400 7
-105300 2
-105200 1
-105100 0
-105000 5
-104900 3
-104800 7
-104700 6
-104600 2
-104500 2
-104400 3
-104300 2
-104200 9
-104100 5
-104000 2
-103900 4
-103800 4
-103700 4
-103600 2
-103500 6
-103400 7
-103300 27
-103200 16
-103100 11
-103000 4
-102900 2
-102800 7
-102700 2
-102600 0
-102500 4
-102400 2
-102300 3
-102200 1
-102100 6
-102000 3
-101900 4
-101800 4
-101700 6
-101600 4
-101500 2
-101400 4
-101300 6
-101200 5
-101100 4
-101000 5
-100900 2
-100800 6
-100700 5
-100600 4
-100500 1
-100400 3
-100300 4
-100200 6
-100100 4
-100000 2
-99900 2
-99800 4
-99700 5
-99600 6
-99500 1
-99400 7
-99300 4
-99200 5
-99100 1
-99000 4
-98900 4
-98800 3
-98700 5
-98600 8
-98500 2
-98400 8
-98300 5
-98200 4
-98100 2
-98000 3
-97900 2
-97800 7
-97700 1
-97600 1
-97500 5
-97400 5
-97300 1
-97200 1
-97100 4
-97000 3
-96900 3
-96800 3
-96700 7
-96600 4
-96500 8
-96400 5
-96300 3
-96200 6
-96100 3
-96000 6
-95900 7
-95800 5
-95700 5
-95600 5
-95500 7
-95400 13
-95300 53
-95200 704
-95100 4401
-95000 6916
-94900 3083
-94800 396
-94700 36
-94600 7
-94500 9
-94400 3
-94300 0
-94200 4
-94100 3
-94000 5
-93900 2
-93800 7
-93700 3
-93600 5
-93500 3
-93400 3
-93300 7
-93200 7
-93100 2
-93000 5
-92900 3
-92800 3
-92700 5
-92600 1
-92500 3
-92400 4
-92300 2
-92200 2
-92100 5
-92000 3
-91900 0
-91800 5
-91700 9
-91600 3
-91500 1
-91400 4
-91300 0
-91200 5
-91100 2
-91000 5
-90900 1
-90800 4
-90700 2
-90600 4
-90500 1
-90400 3
-90300 8
-90200 16
-90100 31
-90000 13
-89900 5
-89800 4
-89700 7
-89600 1
-89500 6
-89400 5
-89300 5
-89200 5
-89100 12
-89000 1
-88900 6
-88800 4
-88700 3
-88600 7
-88500 2
-88400 2
-88300 2
-88200 2
-88100 5
-88000 2
-87900 1
-87800 5
-87700 3
-87600 3
-87500 4
-87400 3
-87300 4
-87200 5
-87100 2
-87000 2
-86900 2
-86800 1
-86700 1
-86600 6
-86500 2
-86400 1
-86300 5
-86200 6
-86100 2
-86000 4
-85900 7
-85800 5
-85700 5
-85600 3
-85500 3
-85400 7
-85300 4
-85200 3
-85100 1
-85000 5
-84900 4
-84800 3
-84700 6
-84600 2
-84500 3
-84400 3
-84300 2
-84200 5
-84100 3
-84000 3
-83900 2
-83800 3
-83700 4
-83600 2
-83500 4
-83400 1
-83300 4
-83200 4
-83100 3
-83000 6
-82900 2
-82800 3
-82700 1
-82600 3
-82500 3
-82400 8
-82300 10
-82200 18
-82100 240
-82000 2080
-81900 6548
-81800 5351
-81700 1206
-81600 89
-81500 7
-81400 5
-81300 7
-81200 5
-81100 1
-81000 2
-80900 3
-80800 5
-80700 4
-80600 5
-80500 7
-80400 4
-80300 3
-80200 6
-80100 2
-80000 5
-79900 4
-79800 3
-79700 2
-79600 1
-79500 1
-79400 3
-79300 2
-79200 7
-79100 4
-79000 3
-78900 3
-78800 6
-78700 6
-78600 4
-78500 8
-78400 5
-78300 5
-78200 4
-78100 4
-78000 3
-77900 6
-77800 3
-77700 4
-77600 2
-77500 3
-77400 2
-77300 4
-77200 5
-77100 17
-77000 28
-76900 18
-76800 4
-76700 3
-76600 4
-76500 0
-76400 3
-76300 3
-76200 1
-76100 4
-76000 1
-75900 3
-75800 4
-75700 1
-75600 0
-75500 3
-75400 4
-75300 2
-75200 2
-75100 1
-75000 3
-74900 2
-74800 1
-74700 1
-74600 5
-74500 1
-74400 3
-74300 7
-74200 2
-74100 8
-74000 1
-73900 1
-73800 2
-73700 4
-73600 3
-73500 4
-73400 1
-73300 2
-73200 6
-73100 3
-73000 7
-72900 2
-72800 4
-72700 5
-72600 4
-72500 5
-72400 2
-72300 0
-72200 1
-72100 2
-72000 2
-71900 1
-71800 1
-71700 3
-71600 3
-71500 6
-71400 3
-71300 3
-71200 5
-71100 3
-71000 5
-70900 4
-70800 5
-70700 2
-70600 0
-70500 9
-70400 5
-70300 2
-70200 2
-70100 1
-70000 0
-69900 1
-69800 2
-69700 1
-69600 2
-69500 1
-69400 12
-69300 4
-69200 10
-69100 18
-69000 184
-68900 1912
-68800 6251
-68700 5535
-68600 1358
-68500 115
-68400 11
-68300 9
-68200 7
-68100 4
-68000 6
-67900 1
-67800 3
-67700 8
-67600 3
-67500 8
-67400 3
-67300 2
-67200 3
-67100 4
-67000 8
-66900 6
-66800 5
-66700 4
-66600 7
-66500 2
-66400 3
-66300 5
-66200 2
-66100 5
-66000 5
-65900 1
-65800 6
-65700 4
-65600 3
-65500 5
-65400 2
-65300 3
-65200 6
-65100 4
-65000 5
-64900 2
-64800 2
-64700 6
-64600 3
-64500 2
-64400 4
-64300 6
-64200 3
-64100 8
-64000 8
-63900 39
-63800 26
-63700 13
-63600 4
-63500 3
-63400 5
-63300 3
-63200 3
-63100 2
-63000 1
-62900 3
-62800 4
-62700 5
-62600 4
-62500 5
-62400 2
-62300 3
-62200 4
-62100 6
-62000 3
-61900 3
-61800 6
-61700 3
-61600 3
-61500 0
-61400 2
-61300 4
-61200 3
-61100 9
-61000 5
-60900 3
-60800 6
-60700 3
-60600 5
-60500 1
-60400 3
-60300 2
-60200 2
-60100 1
-60000 5
-59900 3
-59800 5
-59700 5
-59600 2
-59500 3
-59400 0
-59300 7
-59200 4
-59100 3
-59000 4
-58900 4
-58800 1
-58700 1
-58600 7
-58500 4
-58400 2
-58300 5
-58200 3
-58100 3
-58000 3
-57900 4
-57800 3
-57700 4
-57600 1
-57500 1
-57400 4
-57300 5
-57200 4
-57100 4
-57000 3
-56900 1
-56800 1
-56700 5
-56600 7
-56500 3
-56400 5
-56300 5
-56200 6
-56100 9
-56000 12
-55900 104
-55800 1184
-55700 5114
-55600 6532
-55500 2239
-55400 242
-55300 23
-55200 9
-55100 8
-55000 7
-54900 4
-54800 2
-54700 1
-54600 3
-54500 6
-54400 5
-54300 2
-54200 5
-54100 5
-54000 4
-53900 9
-53800 4
-53700 1
-53600 3
-53500 4
-53400 3
-53300 0
-53200 1
-53100 3
-53000 8
-52900 4
-52800 3
-52700 5
-52600 3
-52500 5
-52400 2
-52300 3
-52200 7
-52100 4
-52000 5
-51900 2
-51800 4
-51700 6
-51600 2
-51500 2
-51400 2
-51300 1
-51200 8
-51100 4
-51000 3
-50900 10
-50800 28
-50700 30
-50600 13
-50500 9
-50400 3
-50300 1
-50200 2
-50100 0
-50000 2
-49900 3
-49800 1
-49700 5
-49600 3
-49500 0
-49400 3
-49300 1
-49200 0
-49100 1
-49000 5
-48900 2
-48800 4
-48700 3
-48600 6
-48500 4
-48400 5
-48300 2
-48200 7
-48100 4
-48000 4
-47900 2
-47800 4
-47700 8
-47600 5
-47500 3
-47400 2
-47300 3
-47200 3
-47100 3
-47000 4
-46900 0
-46800 4
-46700 4
-46600 8
-46500 7
-46400 3
-46300 7
-46200 1
-46100 2
-46000 4
-45900 1
-45800 3
-45700 0
-45600 2
-45500 7
-45400 3
-45300 1
-45200 7
-45100 6
-45000 6
-44900 4
-44800 4
-44700 5
-44600 2
-44500 2
-44400 2
-44300 5
-44200 3
-44100 2
-44000 4
-43900 2
-43800 4
-43700 5
-43600 4
-43500 2
-43400 4
-43300 4
-43200 8
-43100 5
-43000 4
-42900 18
-42800 46
-42700 274
-42600 2365
-42500 6834
-42400 5003
-42300 977
-42200 66
-42100 8
-42000 13
-41900 2
-41800 3
-41700 2
-41600 9
-41500 6
-41400 4
-41300 8
-41200 1
-41100 3
-41000 6
-40900 3
-40800 5
-40700 3
-40600 5
-40500 5
-40400 2
-40300 4
-40200 4
-40100 2
-40000 4
-39900 3
-39800 6
-39700 6
-39600 3
-39500 2
-39400 3
-39300 0
-39200 6
-39100 4
-39000 1
-38900 3
-38800 4
-38700 5
-38600 6
-38500 1
-38400 1
-38300 3
-38200 2
-38100 4
-38000 0
-37900 8
-37800 3
-37700 15
-37600 33
-37500 26
-37400 6
-37300 7
-37200 3
-37100 1
-37000 3
-36900 6
-36800 5
-36700 2
-36600 3
-36500 3
-36400 1
-36300 6
-36200 1
-36100 4
-36000 3
-35900 1
-35800 6
-35700 1
-35600 1
-35500 1
-35400 5
-35300 3
-35200 4
-35100 2
-35000 5
-34900 5
-34800 4
-34700 5
-34600 1
-34500 7
-34400 5
-34300 6
-34200 2
-34100 4
-34000 2
-33900 2
-33800 1
-33700 4
-33600 6
-33500 2
-33400 4
-33300 2
-33200 3
-33100 3
-33000 3
-32900 2
-32800 6
-32700 6
-32600 5
-32500 0
-32400 5
-32300 2
-32200 6
-32100 8
-32000 6
-31900 3
-31800 2
-31700 3
-31600 2
-31500 4
-31400 3
-31300 3
-31200 6
-31100 3
-31000 3
-30900 5
-30800 3
-30700 4
-30600 3
-30500 3
-30400 2
-30300 2
-30200 7
-30100 10
-30000 11
-29900 27
-29800 33
-29700 39
-29600 109
-29500 1277
-29400 5533
-29300 6417
-29200 1865
-29100 200
-29000 19
-28900 7
-28800 7
-28700 8
-28600 3
-28500 5
-28400 5
-28300 5
-28200 3
-28100 2
-28000 4
-27900 6
-27800 7
-27700 4
-27600 4
-27500 4
-27400 3
-27300 8
-27200 2
-27100 5
-27000 1
-26900 5
-26800 4
-26700 1
-26600 1
-26500 5
-26400 4
-26300 3
-26200 4
-26100 0
-26000 4
-25900 6
-25800 2
-25700 4
-25600 2
-25500 5
-25400 5
-25300 2
-25200 6
-25100 6
-25000 3
-24900 3
-24800 2
-24700 5
-24600 14
-24500 37
-24400 23
-24300 8
-24200 8
-24100 6
-24000 3
-23900 2
-23800 1
-23700 2
-23600 4
-23500 2
-23400 2
-23300 5
-23200 5
-23100 3
-23000 3
-22900 3
-22800 3
-22700 2
-22600 6
-22500 2
-22400 4
-22300 3
-22200 3
-22100 2
-22000 3
-21900 4
-21800 5
-21700 5
-21600 0
-21500 2
-21400 5
-21300 4
-21200 4
-21100 6
-21000 2
-20900 2
-20800 1
-20700 5
-20600 6
-20500 5
-20400 9
-20300 3
-20200 7
-20100 3
-20000 5
-19900 0
-19800 5
-19700 2
-19600 5
-19500 4
-19400 6
-19300 2
-19200 2
-19100 1
-19000 1
-18900 2
-18800 4
-18700 4
-18600 4
-18500 3
-18400 4
-18300 5
-18200 8
-18100 3
-18000 3
-17900 3
-17800 0
-17700 3
-17600 3
-17500 3
-17400 1
-17300 3
-17200 5
-17100 4
-17000 7
-16900 2
-16800 6
-16700 7
-16600 31
-16500 198
-16400 1931
-16300 5919
-16200 5588
-16100 1478
-16000 144
-15900 19
-15800 6
-15700 6
-15600 7
-15500 1
-15400 5
-15300 2
-15200 3
-15100 3
-15000 5
-14900 6
-14800 4
-14700 9
-14600 6
-14500 0
-14400 4
-14300 5
-14200 3
-14100 2
-14000 4
-13900 3
-13800 3
-13700 1
-13600 2
-13500 3
-13400 5
-13300 4
-13200 0
-13100 4
-13000 1
-12900 5
-12800 1
-12700 3
-12600 3
-12500 3
-12400 3
-12300 6
-12200 4
-12100 7
-12000 0
-11900 4
-11800 4
-11700 4
-11600 1
-11500 22
-11400 37
-11300 25
-11200 15
-11100 5
-11000 9
-10900 2
-10800 4
-10700 2
-10600 7
-10500 2
-10400 9
-10300 2
-10200 2
-10100 2
-10000 2
-9900 2
-9800 4
-9700 1
-9600 4
-9500 4
-9400 1
-9300 7
-9200 5
-9100 6
-9000 6
-8900 1
-8800 5
-8700 4
-8600 3
-8500 5
-8400 1
-8300 5
-8200 4
-8100 1
-8000 3
-7900 7
-7800 0
-7700 2
-7600 4
-7500 4
-7400 5
-7300 3
-7200 4
-7100 7
-7000 4
-6900 1
-6800 5
-6700 3
-6600 4
-6500 5
-6400 4
-6300 7
-6200 3
-6100 5
-6000 3
-5900 2
-5800 4
-5700 8
-5600 4
-5500 3
-5400 4
-5300 6
-5200 6
-5100 6
-5000 3
-4900 2
-4800 4
-4700 4
-4600 6
-4500 3
-4400 3
-4300 2
-4200 3
-4100 1
-4000 5
-3900 1
-3800 5
-3700 6
-3600 18
-3500 9
-3400 21
-3300 366
-3200 2723
-3100 6790
-3000 4582
-2900 809
-2800 65
-2700 13
-2600 8
-2500 7
-2400 5
-2300 3
-2200 5
-2100 3
-2000 3
-1900 2
-1800 6
-1700 1
-1600 8
-1500 9
-1400 5
-1300 4
-1200 2
-1100 6
-1000 8
-900 2
-800 7
-700 3
-600 3
-500 1
-400 4
-300 0
-200 2
-100 2
0 6
100 8
200 3
300 2
400 4
500 4
600 4
700 3
800 3
900 5
1000 1
1100 7
1200 5
1300 2
1400 3
1500 3
1600 6
1700 13
1800 37
1900 19
2000 3
2100 6
2200 5
2300 7
2400 1
2500 1
2600 6
2700 8
2800 4
2900 3
3000 2
3100 4
3200 6
3300 7
3400 7
3500 2
3600 7
3700 4
3800 2
3900 7
4000 1
4100 4
4200 2
4300 0
4400 5
4500 3
4600 2
4700 0
4800 3
4900 4
5000 0
5100 2
5200 5
5300 5
5400 2
5500 6
5600 5
5700 6
5800 3
5900 10
6000 5
6100 4
6200 1
6300 2
6400 3
6500 4
6600 1
6700 2
6800 5
6900 5
7000 2
7100 1
7200 2
7300 7
7400 3
7500 3
7600 3
7700 4
7800 1
7900 8
8000 5
8100 3
8200 4
8300 2
8400 2
8500 8
8600 4
8700 2
8800 5
8900 5
9000 8
9100 3
9200 0
9300 5
9400 12
9500 23
9600 38
9700 70
9800 423
9900 5923
10000 34600
10100 58915
10200 27466
10300 3970
10400 261
10500 48
10600 55
10700 31
10800 11
10900 6
11000 8
11100 6
11200 5
11300 4
11400 6
11500 1
11600 3
11700 9
11800 7
11900 4
12000 5
12100 5
12200 4
12300 4
12400 5
12500 2
12600 2
12700 1
12800 5
12900 6
13000 3
13100 0
13200 7
13300 1
13400 2
13500 4
13600 5
13700 4
13800 3
13900 3
14000 5
14100 4
14200 6
14300 5
14400 7
14500 2
14600 6
14700 4
14800 9
14900 18
15000 34
15100 20
15200 5
15300 6
15400 6
15500 3
15600 3
15700 2
15800 6
15900 3
16000 3
16100 2
16200 6
16300 1
16400 1
16500 1
16600 1
16700 3
16800 5
16900 8
17000 4
17100 2
17200 4
17300 3
17400 2
17500 2
17600 6
17700 1
17800 4
17900 2
18000 3
18100 7
18200 5
18300 1
18400 2
18500 3
18600 1
18700 7
18800 5
18900 10
19000 5
19100 6
19200 2
19300 5
19400 6
19500 3
19600 4
19700 3
19800 4
19900 5
20000 6
20100 6
20200 2
20300 5
20400 3
20500 1
20600 1
20700 2
20800 4
20900 6
21000 0
21100 1
21200 2
21300 4
21400 4
21500 3
21600 6
21700 3
21800 5
21900 2
22000 2
22100 3
22200 3
22300 3
22400 1
22500 4
22600 5
22700 4
22800 15
22900 30
23000 285
23100 2429
23200 6639
23300 4766
23400 906
23500 71
23600 11
23700 6
23800 3
23900 2
24000 5
24100 1
24200 6
24300 1
24400 3
24500 4
24600 3
24700 3
24800 5
24900 5
25000 1
25100 3
25200 6
25300 0
25400 3
25500 1
25600 3
25700 3
25800 5
25900 1
26000 2
26100 3
26200 3
26300 4
26400 3
26500 3
26600 2
26700 1
26800 2
26900 3
27000 3
27100 2
27200 1
27300 7
27400 5
27500 8
27600 8
27700 4
27800 2
27900 4
28000 24
28100 29
28200 9
28300 4
28400 3
28500 4
28600 3
28700 1
28800 3
28900 1
29000 1
29100 3
29200 2
29300 5
29400 4
29500 3
29600 0
29700 3
29800 3
29900 3
30000 1
30100 5
30200 8
30300 2
30400 4
30500 6
30600 3
30700 1
30800 2
30900 5
31000 4
31100 3
31200 6
31300 2
31400 2
31500 3
31600 3
31700 4
31800 2
31900 3
32000 4
32100 8
32200 4
32300 2
32400 3
32500 3
32600 2
32700 1
32800 5
32900 2
33000 5
33100 0
33200 3
33300 5
33400 1
33500 1
33600 6
33700 4
33800 6
33900 4
34000 4
34100 5
34200 4
34300 2
34400 5
34500 1
34600 2
34700 5
34800 4
34900 2
35000 3
35100 2
35200 3
35300 3
35400 2
35500 2
35600 5
35700 5
35800 9
35900 11
36000 29
36100 394
36200 2874
36300 6959
36400 4362
36500 764
36600 55
36700 12
36800 14
36900 6
37000 6
37100 4
37200 4
37300 1
37400 7
37500 6
37600 2
37700 5
37800 2
37900 8
38000 3
38100 2
38200 1
38300 3
38400 6
38500 2
38600 5
38700 4
38800 2
38900 5
39000 3
39100 1
39200 2
39300 2
39400 3
39500 4
39600 4
39700 4
39800 3
39900 5
40000 2
40100 3
40200 3
40300 3
40400 2
40500 0
40600 1
40700 3
40800 5
40900 2
41000 3
41100 23
41200 41
41300 20
41400 6
41500 5
41600 2
41700 6
41800 4
41900 2
42000 6
42100 5
42200 1
42300 2
42400 1
42500 2
42600 1
42700 1
42800 4
42900 8
43000 5
43100 5
43200 3
43300 2
43400 5
43500 5
43600 2
43700 2
43800 3
43900 3
44000 8
44100 0
44200 5
44300 1
44400 3
44500 3
44600 3
44700 3
44800 1
44900 5
45000 0
45100 3
45200 1
45300 11
45400 2
45500 3
45600 1
45700 3
45800 2
45900 5
46000 6
46100 5
46200 4
46300 6
46400 2
46500 6
46600 2
46700 0
46800 2
46900 2
47000 5
47100 3
47200 3
47300 1
47400 8
47500 0
47600 4
47700 2
47800 5
47900 3
48000 2
48100 2
48200 1
48300 1
48400 3
48500 3
48600 5
48700 2
48800 2
48900 6
49000 6
49100 11
49200 94
49300 1086
49400 5118
49500 6396
49600 2302
49700 223
49800 26
49900 45
50000 45
50100 21
50200 7
50300 1
50400 4
50500 4
50600 2
50700 4
50800 7
50900 5
51000 8
51100 8
51200 7
51300 3
51400 4
51500 2
51600 6
51700 5
51800 2
51900 3
52000 3
52100 2
52200 2
52300 8
52400 3
52500 2
52600 3
52700 1
52800 1
52900 4
53000 3
53100 0
53200 6
53300 5
53400 4
53500 6
53600 5
53700 6
53800 2
53900 5
54000 3
54100 7
54200 53
54300 214
54400 253
54500 93
54600 14
54700 6
54800 3
54900 6
55000 2
55100 6
55200 2
55300 0
55400 3
55500 1
55600 5
55700 0
55800 6
55900 2
56000 4
56100 2
56200 5
56300 6
56400 3
56500 5
56600 0
56700 2
56800 0
56900 1
57000 4
57100 7
57200 3
57300 7
57400 5
57500 3
57600 1
57700 2
57800 4
57900 4
58000 4
58100 4
58200 4
58300 6
58400 2
58500 3
58600 4
58700 5
58800 3
58900 7
59000 6
59100 3
59200 4
59300 3
59400 4
59500 4
59600 4
59700 4
59800 3
59900 6
60000 2
60100 5
60200 4
60300 3
60400 2
60500 1
60600 5
60700 4
60800 5
60900 5
61000 2
61100 6
61200 5
61300 1
61400 2
61500 1
61600 4
61700 5
61800 2
61900 2
62000 3
62100 8
62200 15
62300 35
62400 379
62500 2792
62600 6863
62700 4512
62800 879
62900 96
63000 33
63100 9
63200 5
63300 7
63400 6
63500 3
63600 2
63700 2
63800 1
63900 2
64000 6
64100 2
64200 4
64300 8
64400 4
64500 6
64600 2
64700 1
64800 9
64900 6
65000 8
65100 5
65200 3
65300 3
65400 3
65500 2
65600 8
65700 4
65800 1
65900 4
66000 6
66100 4
66200 5
66300 2
66400 4
66500 4
66600 6
66700 5
66800 3
66900 3
67000 6
67100 3
67200 4
67300 11
67400 24
67500 28
67600 8
67700 7
67800 1
67900 1
68000 8
68100 3
68200 3
68300 4
68400 1
68500 3
68600 2
68700 7
68800 3
68900 2
69000 4
69100 3
69200 3
69300 6
69400 3
69500 4
69600 5
69700 5
69800 4
69900 5
70000 1
70100 0
70200 3
70300 5
70400 1
70500 0
70600 2
70700 0
70800 4
70900 1
71000 5
71100 3
71200 5
71300 4
71400 4
71500 3
71600 9
71700 2
71800 9
71900 4
72000 5
72100 1
72200 3
72300 4
72400 4
72500 4
72600 3
72700 2
72800 5
72900 8
73000 2
73100 3
73200 4
73300 3
73400 3
73500 8
73600 2
73700 4
73800 3
73900 5
74000 6
74100 6
74200 2
74300 4
74400 3
74500 3
74600 2
74700 5
74800 4
74900 2
75000 5
75100 6
75200 9
75300 10
75400 26
75500 254
75600 2221
75700 6465
75800 5150
75900 1077
76000 110
76100 9
76200 8
76300 11
76400 6
76500 5
76600 4
76700 2
76800 4
76900 3
77000 6
77100 6
77200 6
77300 9
77400 4
77500 2
77600 5
77700 4
77800 5
77900 3
78000 0
78100 3
78200 3
78300 7
78400 7
78500 2
78600 4
78700 3
78800 5
78900 2
79000 4
79100 5
79200 1
79300 2
79400 3
79500 2
79600 0
79700 4
79800 6
79900 1
80000 4
80100 3
80200 1
80300 3
80400 4
80500 21
80600 31
80700 27
80800 8
80900 2
81000 3
81100 2
81200 6
81300 1
81400 4
81500 5
81600 2
81700 2
81800 3
81900 1
82000 7
82100 6
82200 4
82300 3
82400 4
82500 1
82600 3
82700 3
82800 1
82900 8
83000 7
83100 2
83200 6
83300 1
83400 3
83500 3
83600 6
83700 5
83800 2
83900 4
84000 2
84100 2
84200 2
84300 2
84400 1
84500 1
84600 2
84700 3
84800 3
84900 5
85000 2
85100 2
85200 4
85300 5
85400 3
85500 3
85600 5
85700 2
85800 4
85900 5
86000 4
86100 7
86200 5
86300 4
86400 4
86500 5
86600 4
86700 2
86800 8
86900 5
87000 4
87100 1
87200 7
87300 7
87400 3
87500 4
87600 1
87700 2
87800 4
87900 2
88000 2
88100 2
88200 3
88300 8
88400 11
88500 20
88600 128
88700 1341
88800 5592
88900 6352
89000 1926
89100 160
89200 15
89300 14
89400 5
89500 5
89600 2
89700 4
89800 4
89900 2
90000 2
90100 0
90200 2
90300 4
90400 5
90500 9
90600 7
90700 5
90800 4
90900 3
91000 1
91100 2
91200 4
91300 1
91400 1
91500 5
91600 3
91700 5
91800 3
91900 2
92000 1
92100 4
92200 2
92300 2
92400 5
92500 3
92600 7
92700 3
92800 2
92900 2
93000 4
93100 2
93200 6
93300 4
93400 4
93500 8
93600 11
93700 25
93800 37
93900 10
94000 1
94100 4
94200 2
94300 4
94400 6
94500 5
94600 1
94700 4
94800 1
94900 2
95000 2
95100 2
95200 4
95300 3
95400 5
95500 5
95600 4
95700 2
95800 6
95900 5
96000 3
96100 4
96200 2
96300 4
96400 3
96500 5
96600 5
96700 1
96800 5
96900 6
97000 4
97100 4
97200 7
97300 2
97400 3
97500 3
97600 3
97700 3
97800 0
97900 2
98000 6
98100 1
98200 3
98300 2
98400 4
98500 6
98600 9
98700 9
98800 5
98900 4
99000 6
99100 4
99200 1
99300 3
99400 2
99500 3
99600 2
99700 3
99800 5
99900 4
100000 4
100100 4
100200 2
100300 5
100400 5
100500 5
100600 3
100700 8
100800 1
100900 1
101000 3
101100 4
101200 5
101300 5
101400 3
101500 9
101600 8
101700 44
101800 434
101900 3274
102000 6859
102100 3975
102200 654
102300 53
102400 8
102500 10
102600 5
102700 3
102800 5
102900 4
103000 2
103100 7
103200 9
103300 1
103400 0
103500 9
103600 4
103700 1
103800 4
103900 6
104000 3
104100 6
104200 2
104300 5
104400 2
104500 1
104600 7
104700 2
104800 6
104900 6
105000 3
105100 4
105200 4
105300 6
105400 3
105500 3
105600 2
105700 3
105800 3
105900 2
106000 5
106100 4
106200 4
106300 3
106400 3
106500 5
106600 5
106700 9
106800 22
106900 44
107000 23
107100 5
107200 5
107300 2
107400 5
107500 2
107600 4
107700 4
107800 4
107900 5
108000 3
108100 6
108200 1
108300 2
108400 5
108500 4
108600 4
108700 4
108800 5
108900 3
109000 2
109100 3
109200 3
109300 5
109400 2
109500 5
109600 3
109700 3
109800 4
109900 4
110000 4
110100 3
110200 4
110300 3
110400 2
110500 9
110600 1
110700 5
110800 8
110900 5
111000 4
111100 4
111200 3
111300 3
111400 7
111500 1
111600 4
111700 3
111800 4
111900 2
112000 1
112100 4
112200 1
112300 0
112400 3
112500 3
112600 2
112700 1
112800 3
112900 2
113000 4
113100 1
113200 3
113300 2
113400 5
113500 2
113600 6
113700 3
113800 3
113900 2
114000 2
114100 3
114200 3
114300 5
114400 7
114500 3
114600 9
114700 9
114800 18
114900 185
115000 1808
115100 6267
115200 5761
115300 1453
115400 114
115500 8
115600 7
115700 5
115800 5
115900 2
116000 5
116100 2
116200 1
116300 3
116400 2
116500 5
116600 1
116700 5
116800 7
116900 1
117000 5
117100 3
117200 8
117300 8
117400 4
117500 6
117600 3
117700 4
117800 2
117900 3
118000 5
118100 2
118200 4
118300 5
118400 3
118500 6
118600 1
118700 3
118800 7
118900 2
119000 5
119100 2
119200 2
119300 2
119400 3
119500 9
119600 5
119700 3
119800 4
119900 12
120000 29
120100 26
120200 8
120300 3
120400 4
120500 1
120600 3
120700 1
120800 5
120900 2
121000 1
121100 5
121200 4
121300 6
121400 3
121500 3
121600 2
121700 6
121800 2
121900 5
122000 2
122100 3
122200 7
122300 5
122400 3
122500 7
122600 3
122700 2
122800 5
122900 3
123000 4
123100 3
123200 3
123300 5
123400 3
123500 2
123600 3
123700 3
123800 3
123900 5
124000 4
124100 6
124200 5
124300 3
124400 3
124500 2
124600 7
124700 4
124800 2
124900 1
125000 5
125100 2
125200 1
125300 3
125400 2
125500 2
125600 0
125700 5
125800 2
125900 3
126000 3
126100 2
126200 3
126300 5
126400 5
126500 5
126600 5
126700 9
126800 2
126900 3
127000 5
127100 3
127200 5
127300 2
127400 2
127500 5
127600 3
127700 8
127800 6
127900 16
128000 71
128100 1098
128200 4888
128300 6700
128400 2468
128500 292
128600 22
128700 8
128800 3
128900 7
129000 3
129100 1
129200 6
129300 5
129400 3
129500 1
129600 2
129700 3
129800 3
129900 6
130000 7
130100 2
130200 2
130300 6
130400 7
130500 7
130600 1
130700 4
130800 1
130900 3
131000 9
131100 3
131200 3
131300 1
131400 2
131500 2
131600 3
131700 4
131800 2
131900 4
132000 1
132100 3
132200 4
132300 4
132400 1
132500 4
132600 4
132700 4
132800 3
132900 4
133000 6
133100 23
133200 34
133300 13
133400 2
133500 3
133600 2
133700 1
133800 3
133900 3
134000 5
134100 3
134200 3
134300 6
134400 5
134500 5
134600 5
134700 6
134800 5
134900 8
135000 4
135100 3
135200 4
135300 2
135400 1
135500 2
135600 3
135700 3
135800 2
135900 4
136000 0
136100 4
136200 2
136300 3
136400 5
136500 3
136600 4
136700 2
136800 2
136900 3
137000 1
137100 6
137200 4
137300 8
137400 3
137500 3
137600 2
137700 4
137800 4
137900 4
138000 0
138100 2
138200 3
138300 4
138400 6
138500 4
138600 4
138700 3
138800 4
138900 2
139000 4
139100 3
139200 6
139300 2
139400 1
139500 2
139600 2
139700 4
139800 7
139900 4
140000 5
140100 2
140200 1
140300 5
140400 4
140500 3
140600 1
140700 2
140800 5
140900 9
141000 9
141100 39
141200 462
141300 3102
141400 6977
141500 4255
141600 779
141700 60
141800 11
141900 8
142000 3
142100 6
142200 7
142300 2
142400 7
142500 5
142600 3
142700 0
142800 4
142900 5
143000 6
143100 2
143200 1
143300 5
143400 6
143500 1
143600 4
143700 3
143800 2
143900 2
144000 5
144100 0
144200 4
144300 5
144400 2
144500 4
144600 5
144700 5
144800 3
144900 7
145000 5
145100 8
145200 5
145300 4
145400 3
145500 3
145600 3
145700 3
145800 4
145900 3
146000 4
146100 4
146200 21
146300 27
146400 19
146500 6
146600 7
146700 5
146800 3
146900 5
147000 4
147100 3
147200 6
147300 1
147400 1
147500 3
147600 3
147700 1
147800 2
147900 2
148000 3
148100 2
148200 2
148300 2
148400 5
148500 3
148600 5
148700 2
148800 1
148900 5
149000 2
149100 3
149200 4
149300 5
149400 2
149500 4
149600 6
149700 3
149800 2
149900 4
150000 2
150100 5
150200 1
150300 3
150400 2
150500 1
150600 2
150700 0
150800 1
150900 3
151000 2
151100 2
151200 1
151300 6
151400 1
151500 4
151600 3
151700 2
151800 4
151900 1
152000 6
152100 4
152200 8
152300 9
152400 6
152500 5
152600 5
152700 2
152800 3
152900 4
153000 5
153100 1
153200 7
153300 4
153400 4
153500 1
153600 4
153700 2
153800 8
153900 3
154000 7
154100 9
154200 17
154300 149
154400 1677
154500 5970
154600 5984
154700 1677
154800 162
154900 14
155000 12
155100 9
155200 7
155300 6
155400 3
155500 3
155600 2
155700 7
155800 1
155900 3
156000 7
156100 5
156200 6
156300 2
156400 4
156500 4
156600 3
156700 4
156800 5
156900 8
157000 2
157100 3
157200 6
157300 2
157400 1
157500 7
157600 4
157700 1
157800 3
157900 4
158000 7
158100 5
158200 6
158300 3
158400 5
158500 5
158600 3
158700 1
158800 2
158900 1
159000 3
159100 5
159200 2
159300 14
159400 29
159500 28
159600 12
159700 3
159800 3
159900 4
160000 3
160100 3
160200 4
160300 7
160400 3
160500 3
160600 2
160700 2
160800 4
160900 4
161000 4
161100 3
161200 6
161300 3
161400 3
161500 2
161600 3
161700 5
161800 4
161900 6
162000 2
162100 8
162200 5
162300 1
162400 1
162500 3
162600 3
162700 2
162800 4
162900 7
163000 4
163100 6
163200 2
163300 3
163400 1
163500 6
163600 7
163700 4
163800 1
163900 1
164000 5
164100 1
164200 3
164300 4
164400 3
164500 1
164600 5
164700 3
164800 7
164900 2
165000 1
165100 1
165200 5
165300 2
165400 4
165500 7
165600 2
165700 2
165800 4
165900 5
166000 4
166100 3
166200 2
166300 4
166400 3
166500 1
166600 4
166700 4
166800 5
166900 3
167000 3
167100 5
167200 8
167300 11
167400 56
167500 801
167600 4390
167700 6888
167800 2953
167900 398
168000 39
168100 11
168200 13
168300 3
168400 6
168500 2
168600 4
168700 5
168800 2
168900 6
169000 1
169100 3
169200 7
169300 3
169400 6
169500 5
169600 1
169700 2
169800 2
169900 4
170000 2
170100 4
170200 3
170300 2
170400 5
170500 4
170600 1
170700 3
170800 1
170900 2
171000 0
171100 5
171200 4
171300 6
171400 4
171500 7
171600 5
171700 3
171800 3
171900 4
172000 4
172100 2
172200 3
172300 3
172400 5
172500 28
172600 37
172700 20
172800 4
172900 3
173000 4
173100 4
173200 3
173300 3
173400 6
173500 7
173600 4
173700 3
173800 3
173900 3
174000 4
174100 1
174200 1
174300 4
174400 5
174500 3
174600 2
174700 3
174800 4
174900 5
175000 7
175100 7
175200 2
175300 4
175400 8
175500 1
175600 1
175700 3
175800 6
175900 2
176000 1
176100 4
176200 5
176300 3
176400 6
176500 3
176600 3
176700 3
176800 6
176900 5
177000 0
177100 6
177200 5
177300 3
177400 5
177500 3
177600 5
177700 3
177800 2
177900 4
178000 6
178100 2
178200 4
178300 7
178400 1
178500 8
178600 2
178700 3
178800 5
178900 3
179000 2
179100 7
179200 9
179300 2
179400 4
179500 1
179600 4
179700 3
179800 1
179900 6
180000 3
180100 7
180200 5
180300 10
180400 9
180500 21
180600 333
180700 2719
180800 6720
180900 4618
181000 899
181100 72
181200 14
181300 6
181400 4
181500 4
181600 3
181700 0
181800 1
181900 5
182000 2
182100 2
182200 3
182300 6
182400 16
182500 13
182600 7
182700 4
182800 5
182900 2
183000 0
183100 1
183200 5
183300 6
183400 2
183500 2
183600 5
183700 3
183800 4
183900 5
184000 4
184100 1
184200 1
184300 6
184400 3
184500 2
184600 5
184700 4
184800 3
184900 4
185000 2
185100 5
185200 1
185300 2
185400 8
185500 5
185600 17
185700 36
185800 20
185900 6
186000 4
186100 4
186200 4
186300 6
186400 3
186500 3
186600 7
186700 3
186800 0
186900 6
187000 5
187100 8
187200 6
187300 4
187400 2
187500 2
187600 5
187700 3
187800 6
187900 2
188000 1
188100 3
188200 3
188300 6
188400 1
188500 5
188600 6
188700 4
188800 4
188900 2
189000 2
189100 3
189200 3
189300 4
189400 3
189500 5
189600 4
189700 4
189800 7
189900 3
190000 5
190100 3
190200 5
190300 6
190400 3
190500 4
190600 4
190700 2
190800 4
190900 1
191000 4
191100 2
191200 5
191300 5
191400 1
191500 4
191600 4
191700 8
191800 4
191900 3
192000 1
192100 8
192200 3
192300 5
192400 4
192500 3
192600 1
192700 3
192800 3
192900 4
193000 2
193100 1
193200 2
193300 4
193400 3
193500 9
193600 19
193700 135
193800 1354
193900 5518
194000 6420
194100 2104
194200 195
194300 15
194400 7
194500 12
194600 5
194700 4
194800 1
194900 6
195000 0
195100 2
195200 3
195300 2
195400 4
195500 3
195600 5
195700 3
195800 3
195900 6
196000 6
196100 4
196200 4
196300 3
196400 3
196500 4
196600 2
196700 8
196800 0
196900 4
197000 4
197100 6
197200 3
197300 5
197400 2
197500 2
197600 1
197700 5
197800 8
197900 7
198000 2
198100 1
198200 4
198300 5
198400 5
198500 3
198600 4
198700 7
198800 38
198900 27
199000 13
199100 1
199200 4
199300 7
199400 3
199500 2
199600 7
199700 2
199800 2
199900 4
200000 7
200100 2
200200 4
200300 3
200400 9
200500 5
200600 6
200700 2
200800 3
200900 4
201000 4
201100 3
201200 1
201300 2
201400 2
201500 2
201600 3
201700 3
201800 4
201900 4
202000 5
202100 1
202200 2
202300 1
202400 2
202500 4
202600 4
202700 5
202800 2
202900 4
203000 3
203100 1
203200 5
203300 2
203400 4
203500 5
203600 5
203700 4
203800 3
203900 4
204000 5
204100 2
204200 3
204300 7
204400 1
204500 3
204600 1
204700 6
204800 4
204900 2
205000 5
205100 4
205200 2
205300 7
205400 4
205500 7
205600 2
205700 3
205800 4
205900 1
206000 1
206100 5
206200 1
206300 6
206400 3
206500 5
206600 7
206700 6
206800 70
206900 782
207000 4124
207100 6793
207200 3159
207300 482
207400 39
207500 10
207600 11
207700 2
207800 3
207900 3
208000 6
208100 2
208200 6
208300 7
208400 5
208500 6
208600 4
208700 3
208800 2
208900 1
209000 2
209100 2
209200 3
209300 4
209400 2
209500 2
209600 1
209700 3
209800 2
209900 3
210000 3
210100 1
210200 4
210300 1
210400 4
210500 3
210600 6
210700 6
210800 6
210900 5
211000 5
211100 3
211200 3
211300 4
211400 1
211500 0
211600 4
211700 7
211800 12
211900 26
212000 30
212100 10
212200 7
212300 4
212400 1
212500 4
212600 4
212700 3
212800 3
212900 4
213000 2
213100 1
213200 1
213300 3
213400 4
213500 3
213600 2
213700 3
213800 4
213900 2
214000 1
214100 1
214200 6
214300 7
214400 5
214500 3
214600 2
214700 4
214800 4
214900 4
215000 4
215100 2
215200 5
215300 7
215400 3
215500 5
215600 5
215700 3
215800 3
215900 4
216000 1
216100 4
216200 2
216300 6
216400 3
216500 8
216600 4
216700 4
216800 3
216900 3
217000 1
217100 3
217200 1
217300 2
217400 6
217500 1
217600 6
217700 6
217800 5
217900 2
218000 5
218100 3
218200 4
218300 4
218400 2
218500 5
218600 11
218700 3
218800 1
218900 0
219000 6
219100 4
219200 0
219300 6
219400 4
219500 0
219600 3
219700 10
219800 12
219900 31
220000 361
220100 2552
220200 6563
220300 4843
220400 1047
220500 85
220600 15
220700 9
220800 5
220900 4
221000 5
221100 3
221200 3
221300 4
221400 5
221500 3
221600 3
221700 2
221800 5
221900 6
222000 4
222100 3
222200 4
222300 6
222400 3
222500 3
222600 2
222700 3
222800 7
222900 3
223000 3
223100 4
223200 2
223300 4
223400 2
223500 5
223600 4
223700 0
223800 5
223900 7
224000 0
224100 5
224200 2
224300 2
224400 8
224500 4
224600 1
224700 3
224800 2
224900 6
225000 14
225100 34
225200 21
225300 4
225400 2
225500 7
225600 4
225700 3
225800 6
225900 5
226000 3
226100 6
226200 6
226300 3
226400 5
226500 2
226600 2
226700 1
226800 4
226900 0
227000 4
227100 5
227200 4
227300 3
227400 2
227500 4
227600 2
227700 1
227800 4
227900 5
228000 5
228100 2
228200 1
228300 5
228400 4
228500 5
228600 5
228700 3
228800 3
228900 2
229000 2
229100 8
229200 3
229300 3
229400 4
229500 0
229600 2
229700 3
229800 2
229900 4
230000 6
230100 7
230200 1
230300 4
230400 1
230500 0
230600 2
230700 2
230800 6
230900 4
231000 7
231100 1
231200 4
231300 4
231400 5
231500 1
231600 2
231700 6
231800 6
231900 4
232000 6
232100 0
232200 5
232300 5
232400 9
232500 3
232600 3
232700 10
232800 9
232900 6
233000 14
233100 209
233200 1866
233300 5938
233400 5652
233500 1630
233600 167
233700 9
233800 4
233900 10
234000 4
234100 2
234200 6
234300 9
234400 3
234500 1
234600 4
234700 2
234800 3
234900 6
235000 6
235100 3
235200 4
235300 2
235400 2
235500 4
235600 1
235700 2
235800 6
235900 5
236000 1
236100 7
236200 2
236300 2
236400 3
236500 4
236600 2
236700 4
236800 5
236900 5
237000 4
237100 7
237200 1
237300 5
237400 5
237500 1
237600 3
237700 3
237800 9
237900 3
238000 4
238100 11
238200 27
238300 35
238400 4
238500 3
238600 4
238700 5
238800 2
238900 1
239000 2
239100 6
239200 5
239300 5
239400 4
239500 4
239600 5
239700 1
239800 1
239900 4
240000 1
240100 4
240200 6
240300 4
240400 1
240500 1
240600 6
240700 2
240800 5
240900 6
241000 1
241100 6
241200 8
241300 2
241400 0
241500 4
241600 4
241700 3
241800 1
241900 6
242000 2
242100 6
242200 5
242300 5
242400 2
242500 4
242600 4
242700 2
242800 1
242900 4
243000 2
243100 4
243200 3
243300 8
243400 5
243500 7
243600 4
243700 4
243800 2
243900 2
244000 4
244100 1
244200 2
244300 1
244400 8
244500 4
244600 5
244700 2
244800 12
244900 4
245000 2
245100 2
245200 2
245300 5
245400 4
245500 1
245600 5
245700 1
245800 4
245900 6
246000 12
246100 18
246200 69
246300 822
246400 4128
246500 6827
246600 3289
246700 480
246800 38
246900 9
247000 7
247100 5
247200 6
247300 2
247400 2
247500 4
247600 3
247700 4
247800 2
247900 3
248000 4
248100 6
248200 5
248300 3
248400 8
248500 5
248600 3
248700 5
248800 3
248900 0
249000 3
249100 4
249200 6
249300 2
249400 7
249500 2
249600 2
249700 4
249800 2
249900 3
250000 2
250100 4
250200 5
250300 3
250400 6
250500 1
250600 2
250700 2
250800 3
250900 1
251000 3
251100 5
251200 8
251300 24
251400 48
251500 19
251600 4
251700 7
251800 2
251900 1
252000 2
252100 2
252200 0
252300 6
252400 3
252500 3
252600 4
252700 6
252800 6
252900 4
253000 5
253100 3
253200 3
253300 3
253400 5
253500 2
253600 2
253700 5
253800 2
253900 4
254000 1
254100 4
254200 8
254300 4
254400 6
254500 5
254600 2
254700 6
254800 2
254900 6
255000 2
255100 4
255200 8
255300 3
255400 0
255500 6
255600 5
255700 2
255800 3
255900 0
256000 6
256100 2
256200 8
256300 3
256400 7
256500 4
256600 3
256700 5
256800 4
256900 3
257000 5
257100 3
257200 3
257300 2
257400 2
257500 3
257600 3
257700 7
257800 6
257900 1
258000 2
258100 7
258200 3
258300 4
258400 2
258500 5
258600 4
258700 2
258800 3
258900 2
259000 1
259100 4
259200 9
259300 36
259400 353
259500 2682
259600 6379
259700 4782
259800 995
259900 102
260000 14
260100 9
260200 2
260300 1
260400 8
260500 4
260600 3
260700 5
260800 2
260900 4
261000 3
261100 3
261200 3
261300 3
261400 5
261500 4
261600 2
261700 7
261800 4
261900 1
262000 5
262100 3
262200 3
262300 1
262400 5
262500 4
262600 4
262700 2
262800 6
262900 7
263000 3
263100 3
263200 2
263300 2
263400 3
263500 4
263600 1
263700 4
263800 3
263900 4
264000 1
264100 3
264200 3
264300 6
264400 13
264500 31
264600 30
264700 10
264800 3
264900 7
265000 2
265100 3
265200 5
265300 2
265400 6
265500 3
265600 3
265700 2
265800 4
265900 5
266000 3
266100 6
266200 1
266300 3
266400 3
266500 2
266600 5
266700 2
266800 3
266900 5
267000 0
267100 0
267200 8
267300 5
267400 2
267500 0
267600 3
267700 4
267800 4
267900 1
268000 0
268100 8
268200 2
268300 2
268400 3
268500 3
268600 3
268700 4
268800 3
268900 1
269000 2
269100 0
269200 3
269300 4
269400 9
269500 6
269600 3
269700 2
269800 4
269900 4
270000 2
270100 3
270200 1
270300 3
270400 4
270500 2
270600 2
270700 1
270800 2
270900 4
271000 3
271100 3
271200 4
271300 6
271400 3
271500 1
271600 4
271700 3
271800 4
271900 2
272000 4
272100 5
272200 5
272300 10
272400 17
272500 181
272600 1695
272700 5600
272800 5918
272900 1809
273000 199
273100 17
273200 11
273300 12
273400 5
273500 2
273600 5
273700 2
273800 6
273900 4
274000 1
274100 7
274200 3
274300 5
274400 3
274500 7
274600 2
274700 2
274800 2
274900 5
275000 4
275100 1
275200 5
275300 2
275400 1
275500 1
275600 4
275700 3
275800 3
275900 2
276000 4
276100 5
276200 3
276300 4
276400 2
276500 4
276600 1
276700 5
276800 3
276900 2
277000 3
277100 3
277200 4
277300 7
277400 3
277500 26
277600 26
277700 32
277800 9
277900 4
278000 8
278100 4
278200 1
278300 6
278400 1
278500 3
278600 4
278700 3
278800 4
278900 7
279000 5
279100 4
279200 6
279300 5
279400 2
279500 3
279600 4
279700 3
279800 6
279900 1
280000 4
280100 2
280200 6
280300 5
280400 7
280500 5
280600 6
280700 1
280800 3
280900 4
281000 3
281100 3
281200 3
281300 3
281400 3
281500 7
281600 6
281700 2
281800 4
281900 3
282000 6
282100 4
282200 4
282300 2
282400 5
282500 0
282600 5
282700 5
282800 5
282900 5
283000 3
283100 6
283200 8
283300 6
283400 4
283500 7
283600 5
283700 0
283800 3
283900 2
284000 1
284100 8
284200 2
284300 7
284400 6
284500 5
284600 6
284700 1
284800 2
284900 1
285000 8
285100 5
285200 6
285300 3
285400 4
285500 13
285600 62
285700 822
285800 4147
285900 6727
286000 3258
286100 552
286200 40
286300 6
286400 5
286500 11
286600 3
286700 3
286800 2
286900 4
287000 2
287100 4
287200 2
287300 3
287400 6
287500 5
287600 6
287700 7
287800 2
287900 3
288000 3
288100 2
288200 0
288300 3
288400 5
288500 1
288600 5
288700 4
288800 4
288900 4
289000 4
289100 5
289200 3
289300 4
289400 2
289500 1
289600 6
289700 1
289800 3
289900 4
290000 1
290100 5
290200 4
290300 2
290400 0
290500 5
290600 6
290700 20
290800 35
290900 13
291000 8
291100 3
291200 1
291300 1
291400 1
291500 6
291600 5
291700 3
291800 1
291900 2
292000 4
292100 3
292200 2
292300 6
292400 5
292500 5
292600 4
292700 3
292800 3
292900 5
293000 8
293100 4
293200 4
293300 1
293400 1
293500 4
293600 3
293700 6
293800 4
293900 3
294000 3
294100 7
294200 3
294300 3
294400 5
294500 3
294600 6
294700 5
294800 2
294900 7
295000 4
295100 3
295200 4
295300 2
295400 1
295500 5
295600 2
295700 4
295800 7
295900 2
296000 2
296100 1
296200 2
296300 3
296400 2
296500 2
296600 5
296700 2
296800 3
296900 3
297000 4
297100 5
297200 4
297300 3
297400 3
297500 3
297600 5
297700 6
297800 6
297900 5
298000 3
298100 3
298200 4
298300 4
298400 4
298500 7
298600 14
298700 27
298800 316
298900 2542
299000 6337
299100 4910
299200 1212
299300 140
299400 9
299500 9
299600 13
299700 5
299800 4
299900 4
300000 3
300100 6
300200 1
300300 5
300400 2
300500 2
300600 3
300700 2
300800 4
300900 1
301000 3
301100 3
301200 4
301300 4
301400 6
301500 5
301600 3
301700 2
301800 1
301900 1
302000 5
302100 7
302200 2
302300 2
302400 4
302500 2
302600 3
302700 6
302800 5
302900 6
303000 2
303100 2
303200 5
303300 5
303400 3
303500 4
303600 7
303700 2
303800 13
303900 24
304000 22
304100 6
304200 4
304300 2
304400 4
304500 5
304600 4
304700 5
304800 5
304900 4
305000 2
305100 5
305200 4
305300 3
305400 2
305500 2
305600 4
305700 2
305800 7
305900 3
306000 0
306100 1
306200 4
306300 3
306400 2
306500 4
306600 4
306700 3
306800 4
306900 4
307000 3
307100 3
307200 4
307300 3
307400 3
307500 3
307600 2
307700 5
307800 5
307900 4
308000 2
308100 2
308200 5
308300 2
308400 4
308500 4
308600 0
308700 5
308800 3
308900 0
309000 2
309100 6
309200 7
309300 5
309400 5
309500 4
309600 7
309700 5
309800 7
309900 7
