-290000 0
-289900 1
-289800 0
-289700 1
-289600 0
-289500 0
-289400 1
-289300 0
-289200 0
-289100 1
-289000 0
-288900 0
-288800 0
-288700 0
-288600 0
-288500 1
-288400 3
-288300 1
-288200 2
-288100 0
-288000 0
-287900 0
-287800 0
-287700 0
-287600 1
-287500 1
-287400 0
-287300 1
-287200 6
-287100 3
-287000 2
-286900 2
-286800 0
-286700 4
-286600 2
-286500 0
-286400 1
-286300 1
-286200 1
-286100 1
-286000 0
-285900 1
-285800 2
-285700 1
-285600 2
-285500 1
-285400 0
-285300 0
-285200 1
-285100 0
-285000 0
-284900 2
-284800 1
-284700 0
-284600 0
-284500 1
-284400 0
-284300 1
-284200 1
-284100 3
-284000 0
-283900 0
-283800 2
-283700 0
-283600 1
-283500 1
-283400 1
-283300 3
-283200 1
-283100 0
-283000 0
-282900 1
-282800 2
-282700 0
-282600 1
-282500 2
-282400 3
-282300 0
-282200 1
-282100 4
-282000 0
-281900 0
-281800 2
-281700 0
-281600 0
-281500 1
-281400 1
-281300 0
-281200 0
-281100 1
-281000 1
-280900 0
-280800 1
-280700 2
-280600 0
-280500 2
-280400 1
-280300 4
-280200 1
-280100 3
-280000 1
-279900 1
-279800 0
-279700 0
-279600 0
-279500 1
-279400 2
-279300 0
-279200 3
-279100 45
-279000 236
-278900 385
-278800 210
-278700 35
-278600 2
-278500 0
-278400 1
-278300 2
-278200 1
-278100 1
-278000 0
-277900 1
-277800 3
-277700 1
-277600 3
-277500 2
-277400 0
-277300 2
-277200 0
-277100 0
-277000 0
-276900 1
-276800 0
-276700 0
-276600 1
-276500 1
-276400 0
-276300 1
-276200 1
-276100 2
-276000 2
-275900 0
-275800 0
-275700 1
-275600 0
-275500 4
-275400 1
-275300 0
-275200 1
-275100 0
-275000 0
-274900 2
-274800 1
-274700 2
-274600 0
-274500 0
-274400 0
-274300 0
-274200 0
-274100 3
-274000 1
-273900 3
-273800 3
-273700 1
-273600 0
-273500 1
-273400 1
-273300 2
-273200 1
-273100 0
-273000 1
-272900 2
-272800 1
-272700 0
-272600 1
-272500 1
-272400 0
-272300 0
-272200 0
-272100 1
-272000 1
-271900 0
-271800 0
-271700 0
-271600 0
-271500 3
-271400 0
-271300 0
-271200 0
-271100 2
-271000 0
-270900 1
-270800 0
-270700 1
-270600 1
-270500 1
-270400 1
-270300 0
-270200 1
-270100 1
-270000 1
-269900 0
-269800 5
-269700 0
-269600 0
-269500 0
-269400 0
-269300 0
-269200 0
-269100 2
-269000 0
-268900 0
-268800 0
-268700 2
-268600 1
-268500 2
-268400 1
-268300 1
-268200 0
-268100 1
-268000 2
-267900 0
-267800 1
-267700 1
-267600 1
-267500 0
-267400 1
-267300 1
-267200 0
-267100 1
-267000 0
-266900 0
-266800 0
-266700 2
-266600 1
-266500 1
-266400 2
-266300 0
-266200 1
-266100 2
-266000 16
-265900 169
-265800 350
-265700 252
-265600 78
-265500 10
-265400 0
-265300 1
-265200 1
-265100 1
-265000 3
-264900 1
-264800 2
-264700 1
-264600 1
-264500 0
-264400 2
-264300 1
-264200 1
-264100 1
-264000 2
-263900 0
-263800 0
-263700 1
-263600 1
-263500 1
-263400 1
-263300 0
-263200 0
-263100 0
-263000 2
-262900 1
-262800 0
-262700 2
-262600 2
-262500 3
-262400 2
-262300 1
-262200 1
-262100 2
-262000 2
-261900 1
-261800 1
-261700 1
-261600 0
-261500 0
-261400 0
-261300 0
-261200 2
-261100 1
-261000 0
-260900 1
-260800 0
-260700 1
-260600 1
-260500 1
-260400 0
-260300 1
-260200 0
-260100 1
-260000 1
-259900 0
-259800 0
-259700 1
-259600 2
-259500 0
-259400 0
-259300 1
-259200 0
-259100 0
-259000 0
-258900 1
-258800 1
-258700 1
-258600 1
-258500 0
-258400 1
-258300 0
-258200 0
-258100 1
-258000 1
-257900 0
-257800 3
-257700 1
-257600 0
-257500 0
-257400 3
-257300 1
-257200 2
-257100 1
-257000 0
-256900 1
-256800 0
-256700 2
-256600 1
-256500 1
-256400 0
-256300 0
-256200 0
-256100 0
-256000 3
-255900 1
-255800 0
-255700 0
-255600 0
-255500 0
-255400 2
-255300 1
-255200 2
-255100 0
-255000 2
-254900 1
-254800 1
-254700 1
-254600 0
-254500 2
-254400 1
-254300 1
-254200 0
-254100 0
-254000 0
-253900 0
-253800 2
-253700 0
-253600 0
-253500 0
-253400 0
-253300 0
-253200 3
-253100 5
-253000 0
-252900 13
-252800 104
-252700 331
-252600 344
-252500 114
-252400 14
-252300 2
-252200 0
-252100 0
-252000 2
-251900 0
-251800 1
-251700 1
-251600 0
-251500 0
-251400 0
-251300 1
-251200 1
-251100 0
-251000 3
-250900 1
-250800 2
-250700 0
-250600 0
-250500 1
-250400 0
-250300 4
-250200 0
-250100 2
-250000 0
-249900 0
-249800 1
-249700 0
-249600 1
-249500 2
-249400 2
-249300 0
-249200 2
-249100 0
-249000 1
-248900 0
-248800 0
-248700 0
-248600 0
-248500 0
-248400 1
-248300 2
-248200 0
-248100 1
-248000 0
-247900 3
-247800 1
-247700 3
-247600 1
-247500 1
-247400 0
-247300 0
-247200 0
-247100 0
-247000 0
-246900 1
-246800 0
-246700 0
-246600 1
-246500 1
-246400 2
-246300 0
-246200 1
-246100 0
-246000 0
-245900 0
-245800 1
-245700 0
-245600 0
-245500 2
-245400 0
-245300 3
-245200 1
-245100 0
-245000 0
-244900 0
-244800 0
-244700 0
-244600 0
-244500 0
-244400 1
-244300 0
-244200 0
-244100 1
-244000 0
-243900 2
-243800 0
-243700 1
-243600 1
-243500 0
-243400 0
-243300 0
-243200 1
-243100 1
-243000 0
-242900 4
-242800 1
-242700 0
-242600 1
-242500 2
-242400 1
-242300 0
-242200 0
-242100 0
-242000 4
-241900 1
-241800 1
-241700 3
-241600 2
-241500 0
-241400 0
-241300 0
-241200 2
-241100 1
-241000 1
-240900 0
-240800 1
-240700 0
-240600 1
-240500 0
-240400 0
-240300 0
-240200 1
-240100 0
-240000 0
-239900 1
-239800 3
-239700 32
-239600 199
-239500 399
-239400 221
-239300 26
-239200 4
-239100 1
-239000 2
-238900 0
-238800 0
-238700 1
-238600 0
-238500 1
-238400 1
-238300 0
-238200 0
-238100 2
-238000 0
-237900 2
-237800 0
-237700 0
-237600 0
-237500 3
-237400 0
-237300 1
-237200 2
-237100 1
-237000 1
-236900 3
-236800 0
-236700 1
-236600 1
-236500 0
-236400 0
-236300 1
-236200 2
-236100 0
-236000 2
-235900 2
-235800 0
-235700 1
-235600 2
-235500 0
-235400 2
-235300 1
-235200 1
-235100 0
-235000 0
-234900 2
-234800 2
-234700 2
-234600 4
-234500 1
-234400 1
-234300 2
-234200 2
-234100 1
-234000 0
-233900 1
-233800 0
-233700 0
-233600 2
-233500 0
-233400 1
-233300 2
-233200 2
-233100 0
-233000 1
-232900 1
-232800 1
-232700 1
-232600 0
-232500 0
-232400 0
-232300 0
-232200 2
-232100 0
-232000 0
-231900 0
-231800 0
-231700 0
-231600 1
-231500 0
-231400 0
-231300 0
-231200 1
-231100 2
-231000 0
-230900 0
-230800 1
-230700 1
-230600 0
-230500 0
-230400 2
-230300 1
-230200 1
-230100 1
-230000 0
-229900 0
-229800 1
-229700 0
-229600 2
-229500 0
-229400 1
-229300 2
-229200 4
-229100 0
-229000 0
-228900 1
-228800 0
-228700 1
-228600 0
-228500 0
-228400 0
-228300 1
-228200 0
-228100 2
-228000 0
-227900 1
-227800 0
-227700 1
-227600 2
-227500 1
-227400 0
-227300 0
-227200 0
-227100 1
-227000 0
-226900 1
-226800 2
-226700 2
-226600 23
-226500 134
-226400 370
-226300 320
-226200 81
-226100 7
-226000 0
-225900 0
-225800 3
-225700 2
-225600 1
-225500 1
-225400 1
-225300 1
-225200 0
-225100 2
-225000 0
-224900 0
-224800 1
-224700 1
-224600 0
-224500 1
-224400 0
-224300 0
-224200 1
-224100 1
-224000 0
-223900 1
-223800 0
-223700 0
-223600 1
-223500 2
-223400 0
-223300 1
-223200 1
-223100 0
-223000 0
-222900 2
-222800 3
-222700 0
-222600 1
-222500 1
-222400 0
-222300 1
-222200 0
-222100 0
-222000 0
-221900 2
-221800 1
-221700 0
-221600 3
-221500 3
-221400 1
-221300 0
-221200 3
-221100 0
-221000 3
-220900 1
-220800 1
-220700 1
-220600 0
-220500 1
-220400 0
-220300 2
-220200 0
-220100 0
-220000 3
-219900 0
-219800 1
-219700 0
-219600 1
-219500 3
-219400 0
-219300 2
-219200 1
-219100 4
-219000 0
-218900 0
-218800 1
-218700 1
-218600 0
-218500 0
-218400 0
-218300 0
-218200 1
-218100 0
-218000 2
-217900 1
-217800 0
-217700 1
-217600 0
-217500 1
-217400 0
-217300 1
-217200 1
-217100 1
-217000 0
-216900 0
-216800 1
-216700 1
-216600 1
-216500 0
-216400 1
-216300 0
-216200 0
-216100 0
-216000 2
-215900 0
-215800 0
-215700 1
-215600 1
-215500 2
-215400 1
-215300 1
-215200 0
-215100 0
-215000 0
-214900 1
-214800 2
-214700 2
-214600 1
-214500 1
-214400 1
-214300 1
-214200 1
-214100 0
-214000 1
-213900 3
-213800 0
-213700 1
-213600 3
-213500 6
-213400 81
-213300 299
-213200 332
-213100 105
-213000 5
-212900 0
-212800 0
-212700 2
-212600 1
-212500 1
-212400 0
-212300 0
-212200 3
-212100 1
-212000 1
-211900 1
-211800 0
-211700 2
-211600 0
-211500 1
-211400 0
-211300 0
-211200 0
-211100 1
-211000 2
-210900 1
-210800 0
-210700 0
-210600 1
-210500 0
-210400 1
-210300 2
-210200 2
-210100 1
-210000 1
-209900 0
-209800 1
-209700 1
-209600 1
-209500 0
-209400 2
-209300 0
-209200 3
-209100 1
-209000 0
-208900 1
-208800 0
-208700 2
-208600 1
-208500 1
-208400 3
-208300 4
-208200 1
-208100 1
-208000 0
-207900 0
-207800 3
-207700 0
-207600 2
-207500 1
-207400 0
-207300 0
-207200 2
-207100 0
-207000 0
-206900 0
-206800 3
-206700 0
-206600 0
-206500 2
-206400 3
-206300 0
-206200 0
-206100 0
-206000 1
-205900 1
-205800 1
-205700 0
-205600 0
-205500 0
-205400 3
-205300 1
-205200 1
-205100 0
-205000 0
-204900 1
-204800 1
-204700 1
-204600 1
-204500 0
-204400 1
-204300 2
-204200 2
-204100 1
-204000 0
-203900 1
-203800 3
-203700 2
-203600 4
-203500 2
-203400 1
-203300 1
-203200 2
-203100 1
-203000 1
-202900 0
-202800 0
-202700 1
-202600 2
-202500 1
-202400 0
-202300 1
-202200 0
-202100 0
-202000 1
-201900 0
-201800 1
-201700 1
-201600 1
-201500 1
-201400 0
-201300 2
-201200 1
-201100 0
-201000 1
-200900 0
-200800 0
-200700 0
-200600 1
-200500 3
-200400 3
-200300 63
-200200 221
-200100 416
-200000 174
-199900 28
-199800 2
-199700 1
-199600 2
-199500 2
-199400 0
-199300 0
-199200 0
-199100 0
-199000 2
-198900 0
-198800 0
-198700 0
-198600 0
-198500 0
-198400 1
-198300 0
-198200 1
-198100 1
-198000 0
-197900 1
-197800 2
-197700 2
-197600 0
-197500 0
-197400 1
-197300 0
-197200 0
-197100 0
-197000 1
-196900 0
-196800 2
-196700 1
-196600 1
-196500 1
-196400 0
-196300 1
-196200 0
-196100 0
-196000 0
-195900 0
-195800 1
-195700 0
-195600 1
-195500 0
-195400 1
-195300 4
-195200 3
-195100 3
-195000 0
-194900 3
-194800 0
-194700 0
-194600 1
-194500 0
-194400 0
-194300 0
-194200 0
-194100 1
-194000 0
-193900 1
-193800 0
-193700 2
-193600 1
-193500 0
-193400 0
-193300 0
-193200 0
-193100 1
-193000 0
-192900 2
-192800 0
-192700 0
-192600 2
-192500 1
-192400 2
-192300 1
-192200 0
-192100 2
-192000 0
-191900 3
-191800 0
-191700 0
-191600 3
-191500 2
-191400 0
-191300 0
-191200 4
-191100 1
-191000 1
-190900 1
-190800 2
-190700 1
-190600 1
-190500 0
-190400 0
-190300 2
-190200 3
-190100 2
-190000 1
-189900 0
-189800 0
-189700 0
-189600 5
-189500 3
-189400 1
-189300 1
-189200 1
-189100 1
-189000 0
-188900 0
-188800 2
-188700 0
-188600 1
-188500 2
-188400 0
-188300 2
-188200 3
-188100 0
-188000 1
-187900 1
-187800 2
-187700 0
-187600 0
-187500 0
-187400 0
-187300 0
-187200 21
-187100 112
-187000 399
-186900 305
-186800 52
-186700 7
-186600 0
-186500 1
-186400 2
-186300 5
-186200 0
-186100 1
-186000 0
-185900 0
-185800 1
-185700 1
-185600 1
-185500 1
-185400 2
-185300 0
-185200 0
-185100 1
-185000 1
-184900 0
-184800 0
-184700 1
-184600 1
-184500 0
-184400 1
-184300 0
-184200 0
-184100 1
-184000 0
-183900 0
-183800 0
-183700 0
-183600 0
-183500 3
-183400 3
-183300 0
-183200 0
-183100 0
-183000 1
-182900 0
-182800 1
-182700 1
-182600 0
-182500 0
-182400 1
-182300 1
-182200 1
-182100 5
-182000 2
-181900 1
-181800 1
-181700 2
-181600 0
-181500 1
-181400 0
-181300 0
-181200 3
-181100 1
-181000 2
-180900 0
-180800 0
-180700 0
-180600 0
-180500 0
-180400 1
-180300 0
-180200 0
-180100 1
-180000 1
-179900 2
-179800 2
-179700 0
-179600 0
-179500 0
-179400 1
-179300 0
-179200 0
-179100 0
-179000 1
-178900 0
-178800 1
-178700 1
-178600 0
-178500 0
-178400 0
-178300 1
-178200 1
-178100 3
-178000 1
-177900 1
-177800 1
-177700 0
-177600 1
-177500 0
-177400 1
-177300 0
-177200 0
-177100 1
-177000 1
-176900 3
-176800 0
-176700 1
-176600 0
-176500 3
-176400 2
-176300 3
-176200 1
-176100 0
-176000 0
-175900 2
-175800 2
-175700 0
-175600 3
-175500 1
-175400 1
-175300 0
-175200 0
-175100 0
-175000 1
-174900 0
-174800 1
-174700 2
-174600 0
-174500 0
-174400 0
-174300 0
-174200 0
-174100 4
-174000 77
-173900 283
-173800 380
-173700 141
-173600 13
-173500 1
-173400 0
-173300 0
-173200 1
-173100 1
-173000 0
-172900 0
-172800 0
-172700 0
-172600 2
-172500 0
-172400 0
-172300 1
-172200 2
-172100 1
-172000 0
-171900 0
-171800 1
-171700 0
-171600 1
-171500 1
-171400 1
-171300 1
-171200 2
-171100 0
-171000 1
-170900 0
-170800 3
-170700 0
-170600 0
-170500 1
-170400 0
-170300 0
-170200 0
-170100 0
-170000 0
-169900 2
-169800 1
-169700 1
-169600 0
-169500 1
-169400 0
-169300 0
-169200 1
-169100 1
-169000 0
-168900 2
-168800 0
-168700 1
-168600 4
-168500 1
-168400 2
-168300 2
-168200 0
-168100 2
-168000 0
-167900 0
-167800 1
-167700 2
-167600 1
-167500 0
-167400 0
-167300 1
-167200 0
-167100 0
-167000 0
-166900 1
-166800 1
-166700 0
-166600 1
-166500 0
-166400 0
-166300 0
-166200 0
-166100 2
-166000 0
-165900 0
-165800 0
-165700 1
-165600 1
-165500 0
-165400 1
-165300 2
-165200 1
-165100 1
-165000 2
-164900 1
-164800 0
-164700 0
-164600 0
-164500 3
-164400 0
-164300 2
-164200 2
-164100 0
-164000 0
-163900 1
-163800 1
-163700 0
-163600 2
-163500 0
-163400 0
-163300 0
-163200 0
-163100 0
-163000 0
-162900 0
-162800 1
-162700 0
-162600 2
-162500 2
-162400 1
-162300 6
-162200 2
-162100 0
-162000 2
-161900 0
-161800 3
-161700 0
-161600 0
-161500 3
-161400 0
-161300 0
-161200 1
-161100 0
-161000 2
-160900 38
-160800 212
-160700 424
-160600 212
-160500 41
-160400 1
-160300 2
-160200 1
-160100 0
-160000 0
-159900 1
-159800 0
-159700 2
-159600 0
-159500 1
-159400 1
-159300 3
-159200 2
-159100 1
-159000 2
-158900 1
-158800 0
-158700 0
-158600 0
-158500 0
-158400 0
-158300 2
-158200 2
-158100 2
-158000 0
-157900 0
-157800 0
-157700 3
-157600 1
-157500 0
-157400 1
-157300 1
-157200 0
-157100 1
-157000 1
-156900 0
-156800 2
-156700 1
-156600 0
-156500 0
-156400 2
-156300 1
-156200 1
-156100 0
-156000 0
-155900 2
-155800 2
-155700 4
-155600 1
-155500 2
-155400 0
-155300 1
-155200 0
-155100 1
-155000 2
-154900 0
-154800 0
-154700 4
-154600 2
-154500 1
-154400 0
-154300 2
-154200 1
-154100 1
-154000 0
-153900 1
-153800 1
-153700 0
-153600 1
-153500 1
-153400 0
-153300 0
-153200 0
-153100 0
-153000 0
-152900 1
-152800 1
-152700 0
-152600 1
-152500 2
-152400 1
-152300 0
-152200 0
-152100 0
-152000 1
-151900 2
-151800 1
-151700 2
-151600 0
-151500 0
-151400 0
-151300 1
-151200 1
-151100 4
-151000 0
-150900 0
-150800 0
-150700 0
-150600 3
-150500 2
-150400 2
-150300 1
-150200 1
-150100 3
-150000 1
-149900 0
-149800 1
-149700 0
-149600 2
-149500 0
-149400 0
-149300 2
-149200 2
-149100 0
-149000 0
-148900 0
-148800 2
-148700 2
-148600 2
-148500 1
-148400 2
-148300 2
-148200 1
-148100 1
-148000 0
-147900 4
-147800 17
-147700 131
-147600 368
-147500 299
-147400 77
-147300 4
-147200 0
-147100 1
-147000 0
-146900 0
-146800 2
-146700 1
-146600 0
-146500 0
-146400 0
-146300 1
-146200 1
-146100 0
-146000 3
-145900 1
-145800 0
-145700 0
-145600 3
-145500 1
-145400 0
-145300 1
-145200 2
-145100 0
-145000 1
-144900 1
-144800 0
-144700 1
-144600 2
-144500 2
-144400 0
-144300 1
-144200 1
-144100 0
-144000 0
-143900 1
-143800 0
-143700 0
-143600 2
-143500 3
-143400 2
-143300 0
-143200 0
-143100 0
-143000 1
-142900 0
-142800 4
-142700 4
-142600 3
-142500 0
-142400 1
-142300 1
-142200 0
-142100 0
-142000 2
-141900 0
-141800 1
-141700 1
-141600 0
-141500 0
-141400 1
-141300 0
-141200 0
-141100 1
-141000 1
-140900 1
-140800 1
-140700 1
-140600 0
-140500 3
-140400 0
-140300 2
-140200 0
-140100 1
-140000 0
-139900 1
-139800 0
-139700 0
-139600 1
-139500 2
-139400 0
-139300 1
-139200 0
-139100 0
-139000 2
-138900 1
-138800 0
-138700 1
-138600 0
-138500 1
-138400 1
-138300 0
-138200 0
-138100 2
-138000 0
-137900 3
-137800 1
-137700 1
-137600 1
-137500 2
-137400 0
-137300 0
-137200 0
-137100 1
-137000 0
-136900 0
-136800 0
-136700 1
-136600 1
-136500 1
-136400 2
-136300 0
-136200 0
-136100 1
-136000 2
-135900 1
-135800 0
-135700 1
-135600 1
-135500 1
-135400 1
-135300 0
-135200 1
-135100 0
-135000 1
-134900 1
-134800 1
-134700 1
-134600 48
-134500 299
-134400 382
-134300 141
-134200 15
-134100 1
-134000 1
-133900 1
-133800 0
-133700 1
-133600 1
-133500 0
-133400 1
-133300 0
-133200 1
-133100 1
-133000 0
-132900 0
-132800 0
-132700 1
-132600 1
-132500 2
-132400 1
-132300 0
-132200 3
-132100 1
-132000 0
-131900 0
-131800 0
-131700 0
-131600 1
-131500 0
-131400 1
-131300 0
-131200 2
-131100 0
-131000 0
-130900 2
-130800 1
-130700 1
-130600 2
-130500 0
-130400 1
-130300 1
-130200 0
-130100 0
-130000 0
-129900 0
-129800 0
-129700 1
-129600 3
-129500 4
-129400 1
-129300 2
-129200 1
-129100 1
-129000 0
-128900 0
-128800 2
-128700 0
-128600 0
-128500 1
-128400 2
-128300 0
-128200 0
-128100 3
-128000 1
-127900 0
-127800 1
-127700 0
-127600 0
-127500 0
-127400 1
-127300 0
-127200 1
-127100 0
-127000 0
-126900 2
-126800 2
-126700 0
-126600 1
-126500 1
-126400 0
-126300 0
-126200 3
-126100 1
-126000 1
-125900 0
-125800 1
-125700 2
-125600 0
-125500 1
-125400 1
-125300 2
-125200 1
-125100 0
-125000 1
-124900 0
-124800 1
-124700 4
-124600 2
-124500 0
-124400 0
-124300 2
-124200 0
-124100 1
-124000 2
-123900 0
-123800 4
-123700 1
-123600 3
-123500 0
-123400 1
-123300 1
-123200 0
-123100 0
-123000 2
-122900 2
-122800 2
-122700 1
-122600 0
-122500 0
-122400 1
-122300 1
-122200 3
-122100 0
-122000 0
-121900 1
-121800 3
-121700 2
-121600 4
-121500 22
-121400 185
-121300 411
-121200 213
-121100 32
-121000 5
-120900 0
-120800 2
-120700 0
-120600 2
-120500 1
-120400 2
-120300 1
-120200 0
-120100 0
-120000 0
-119900 0
-119800 4
-119700 1
-119600 0
-119500 0
-119400 1
-119300 2
-119200 0
-119100 1
-119000 1
-118900 3
-118800 1
-118700 1
-118600 1
-118500 0
-118400 0
-118300 2
-118200 2
-118100 0
-118000 0
-117900 1
-117800 0
-117700 2
-117600 1
-117500 0
-117400 0
-117300 1
-117200 2
-117100 1
-117000 1
-116900 0
-116800 3
-116700 2
-116600 0
-116500 2
-116400 3
-116300 2
-116200 1
-116100 4
-116000 0
-115900 2
-115800 1
-115700 2
-115600 0
-115500 0
-115400 1
-115300 0
-115200 1
-115100 0
-115000 1
-114900 1
-114800 1
-114700 1
-114600 0
-114500 1
-114400 0
-114300 0
-114200 1
-114100 1
-114000 2
-113900 0
-113800 2
-113700 0
-113600 0
-113500 4
-113400 2
-113300 1
-113200 0
-113100 1
-113000 2
-112900 1
-112800 0
-112700 0
-112600 0
-112500 0
-112400 0
-112300 2
-112200 1
-112100 0
-112000 0
-111900 0
-111800 0
-111700 1
-111600 0
-111500 3
-111400 3
-111300 1
-111200 0
-111100 2
-111000 2
-110900 0
-110800 1
-110700 1
-110600 1
-110500 1
-110400 0
-110300 1
-110200 1
-110100 0
-110000 0
-109900 1
-109800 0
-109700 0
-109600 0
-109500 1
-109400 0
-109300 2
-109200 0
-109100 1
-109000 0
-108900 1
-108800 0
-108700 1
-108600 0
-108500 1
-108400 15
-108300 111
-108200 362
-108100 292
-108000 94
-107900 12
-107800 1
-107700 2
-107600 1
-107500 1
-107400 0
-107300 1
-107200 2
-107100 0
-107000 0
-106900 1
-106800 1
-106700 2
-106600 0
-106500 3
-106400 0
-106300 1
-106200 0
-106100 2
-106000 0
-105900 1
-105800 0
-105700 0
-105600 2
-105500 0
-105400 0
-105300 1
-105200 0
-105100 1
-105000 2
-104900 0
-104800 0
-104700 0
-104600 2
-104500 2
-104400 1
-104300 0
-104200 0
-104100 1
-104000 0
-103900 0
-103800 0
-103700 2
-103600 1
-103500 1
-103400 1
-103300 4
-103200 2
-103100 4
-103000 2
-102900 2
-102800 1
-102700 1
-102600 0
-102500 0
-102400 1
-102300 1
-102200 1
-102100 3
-102000 0
-101900 2
-101800 1
-101700 2
-101600 1
-101500 0
-101400 1
-101300 2
-101200 1
-101100 2
-101000 3
-100900 1
-100800 0
-100700 0
-100600 1
-100500 1
-100400 1
-100300 1
-100200 0
-100100 0
-100000 1
-99900 0
-99800 2
-99700 1
-99600 0
-99500 3
-99400 0
-99300 2
-99200 0
-99100 2
-99000 2
-98900 0
-98800 0
-98700 1
-98600 3
-98500 0
-98400 1
-98300 1
-98200 0
-98100 0
-98000 0
-97900 1
-97800 1
-97700 0
-97600 4
-97500 1
-97400 0
-97300 1
-97200 1
-97100 1
-97000 0
-96900 1
-96800 1
-96700 3
-96600 1
-96500 2
-96400 1
-96300 2
-96200 1
-96100 1
-96000 0
-95900 1
-95800 1
-95700 0
-95600 3
-95500 0
-95400 1
-95300 3
-95200 42
-95100 239
-95000 423
-94900 176
-94800 17
-94700 3
-94600 0
-94500 0
-94400 1
-94300 1
-94200 0
-94100 2
-94000 1
-93900 0
-93800 0
-93700 0
-93600 0
-93500 1
-93400 1
-93300 0
-93200 0
-93100 1
-93000 0
-92900 1
-92800 0
-92700 1
-92600 0
-92500 0
-92400 1
-92300 0
-92200 1
-92100 1
-92000 1
-91900 0
-91800 2
-91700 0
-91600 1
-91500 1
-91400 1
-91300 1
-91200 1
-91100 0
-91000 0
-90900 1
-90800 1
-90700 3
-90600 0
-90500 0
-90400 1
-90300 0
-90200 4
-90100 2
-90000 0
-89900 1
-89800 0
-89700 1
-89600 4
-89500 2
-89400 0
-89300 2
-89200 0
-89100 0
-89000 0
-88900 0
-88800 0
-88700 0
-88600 1
-88500 1
-88400 1
-88300 1
-88200 0
-88100 0
-88000 1
-87900 2
-87800 3
-87700 0
-87600 0
-87500 3
-87400 1
-87300 2
-87200 1
-87100 0
-87000 2
-86900 2
-86800 1
-86700 0
-86600 0
-86500 1
-86400 0
-86300 0
-86200 0
-86100 2
-86000 0
-85900 1
-85800 2
-85700 0
-85600 0
-85500 0
-85400 0
-85300 0
-85200 0
-85100 1
-85000 1
-84900 1
-84800 1
-84700 1
-84600 0
-84500 2
-84400 0
-84300 1
-84200 0
-84100 1
-84000 0
-83900 1
-83800 0
-83700 0
-83600 0
-83500 2
-83400 2
-83300 2
-83200 0
-83100 0
-83000 1
-82900 1
-82800 3
-82700 2
-82600 0
-82500 1
-82400 0
-82300 1
-82200 0
-82100 10
-82000 124
-81900 379
-81800 317
-81700 59
-81600 6
-81500 1
-81400 2
-81300 0
-81200 2
-81100 2
-81000 2
-80900 1
-80800 1
-80700 1
-80600 0
-80500 1
-80400 0
-80300 1
-80200 2
-80100 1
-80000 0
-79900 0
-79800 1
-79700 0
-79600 2
-79500 0
-79400 2
-79300 2
-79200 2
-79100 0
-79000 1
-78900 0
-78800 0
-78700 0
-78600 1
-78500 0
-78400 2
-78300 0
-78200 1
-78100 2
-78000 2
-77900 0
-77800 1
-77700 0
-77600 1
-77500 0
-77400 1
-77300 0
-77200 1
-77100 2
-77000 2
-76900 3
-76800 2
-76700 0
-76600 2
-76500 0
-76400 1
-76300 3
-76200 1
-76100 0
-76000 0
-75900 0
-75800 0
-75700 0
-75600 0
-75500 1
-75400 0
-75300 0
-75200 1
-75100 0
-75000 0
-74900 1
-74800 1
-74700 1
-74600 0
-74500 2
-74400 0
-74300 0
-74200 1
-74100 0
-74000 2
-73900 0
-73800 4
-73700 2
-73600 0
-73500 0
-73400 0
-73300 1
-73200 0
-73100 2
-73000 0
-72900 1
-72800 0
-72700 0
-72600 0
-72500 2
-72400 0
-72300 1
-72200 0
-72100 1
-72000 1
-71900 0
-71800 1
-71700 0
-71600 0
-71500 3
-71400 1
-71300 1
-71200 0
-71100 1
-71000 1
-70900 2
-70800 1
-70700 1
-70600 1
-70500 0
-70400 2
-70300 0
-70200 0
-70100 0
-70000 0
-69900 1
-69800 0
-69700 2
-69600 0
-69500 2
-69400 1
-69300 1
-69200 1
-69100 2
-69000 9
-68900 112
-68800 368
-68700 325
-68600 71
-68500 2
-68400 1
-68300 1
-68200 0
-68100 0
-68000 0
-67900 0
-67800 1
-67700 1
-67600 0
-67500 1
-67400 1
-67300 1
-67200 0
-67100 0
-67000 1
-66900 1
-66800 0
-66700 0
-66600 1
-66500 0
-66400 0
-66300 2
-66200 1
-66100 1
-66000 1
-65900 1
-65800 2
-65700 2
-65600 0
-65500 0
-65400 2
-65300 1
-65200 2
-65100 0
-65000 1
-64900 0
-64800 1
-64700 0
-64600 0
-64500 1
-64400 1
-64300 1
-64200 2
-64100 0
-64000 2
-63900 1
-63800 2
-63700 1
-63600 1
-63500 1
-63400 2
-63300 3
-63200 0
-63100 0
-63000 1
-62900 1
-62800 0
-62700 3
-62600 0
-62500 0
-62400 0
-62300 1
-62200 2
-62100 0
-62000 1
-61900 0
-61800 0
-61700 1
-61600 1
-61500 1
-61400 0
-61300 0
-61200 0
-61100 0
-61000 2
-60900 3
-60800 1
-60700 1
-60600 1
-60500 1
-60400 3
-60300 1
-60200 1
-60100 0
-60000 2
-59900 1
-59800 0
-59700 0
-59600 1
-59500 1
-59400 0
-59300 1
-59200 0
-59100 0
-59000 3
-58900 0
-58800 0
-58700 1
-58600 1
-58500 0
-58400 2
-58300 0
-58200 2
-58100 2
-58000 3
-57900 1
-57800 1
-57700 0
-57600 0
-57500 2
-57400 0
-57300 0
-57200 1
-57100 2
-57000 1
-56900 1
-56800 1
-56700 2
-56600 0
-56500 2
-56400 0
-56300 1
-56200 3
-56100 2
-56000 0
-55900 7
-55800 66
-55700 308
-55600 371
-55500 135
-55400 20
-55300 0
-55200 1
-55100 1
-55000 0
-54900 0
-54800 0
-54700 0
-54600 0
-54500 0
-54400 0
-54300 0
-54200 0
-54100 0
-54000 0
-53900 1
-53800 0
-53700 1
-53600 0
-53500 1
-53400 2
-53300 0
-53200 0
-53100 3
-53000 2
-52900 0
-52800 2
-52700 2
-52600 1
-52500 2
-52400 0
-52300 0
-52200 2
-52100 0
-52000 1
-51900 1
-51800 0
-51700 0
-51600 0
-51500 0
-51400 0
-51300 0
-51200 0
-51100 0
-51000 1
-50900 1
-50800 1
-50700 0
-50600 1
-50500 0
-50400 1
-50300 3
-50200 0
-50100 1
-50000 1
-49900 0
-49800 1
-49700 1
-49600 1
-49500 1
-49400 1
-49300 1
-49200 0
-49100 2
-49000 1
-48900 0
-48800 1
-48700 1
-48600 1
-48500 0
-48400 0
-48300 0
-48200 1
-48100 1
-48000 0
-47900 0
-47800 0
-47700 1
-47600 1
-47500 1
-47400 1
-47300 0
-47200 1
-47100 1
-47000 0
-46900 0
-46800 1
-46700 0
-46600 0
-46500 1
-46400 0
-46300 1
-46200 1
-46100 0
-46000 0
-45900 0
-45800 2
-45700 0
-45600 0
-45500 1
-45400 1
-45300 1
-45200 1
-45100 0
-45000 0
-44900 0
-44800 1
-44700 2
-44600 2
-44500 1
-44400 0
-44300 0
-44200 0
-44100 1
-44000 2
-43900 0
-43800 0
-43700 0
-43600 3
-43500 2
-43400 1
-43300 0
-43200 0
-43100 1
-43000 2
-42900 0
-42800 2
-42700 11
-42600 127
-42500 375
-42400 291
-42300 43
-42200 4
-42100 1
-42000 0
-41900 2
-41800 1
-41700 1
-41600 1
-41500 0
-41400 1
-41300 2
-41200 1
-41100 0
-41000 1
-40900 1
-40800 1
-40700 1
-40600 2
-40500 0
-40400 0
-40300 1
-40200 0
-40100 0
-40000 0
-39900 1
-39800 2
-39700 2
-39600 2
-39500 0
-39400 3
-39300 0
-39200 1
-39100 0
-39000 1
-38900 0
-38800 0
-38700 1
-38600 2
-38500 0
-38400 0
-38300 2
-38200 0
-38100 1
-38000 1
-37900 0
-37800 0
-37700 1
-37600 1
-37500 2
-37400 0
-37300 3
-37200 1
-37100 1
-37000 0
-36900 0
-36800 0
-36700 1
-36600 0
-36500 1
-36400 3
-36300 0
-36200 3
-36100 0
-36000 1
-35900 2
-35800 0
-35700 0
-35600 1
-35500 2
-35400 1
-35300 1
-35200 2
-35100 0
-35000 2
-34900 0
-34800 0
-34700 1
-34600 0
-34500 2
-34400 0
-34300 1
-34200 1
-34100 0
-34000 1
-33900 1
-33800 0
-33700 1
-33600 2
-33500 0
-33400 0
-33300 1
-33200 2
-33100 2
-33000 2
-32900 2
-32800 1
-32700 1
-32600 2
-32500 2
-32400 0
-32300 0
-32200 1
-32100 1
-32000 1
-31900 2
-31800 1
-31700 3
-31600 0
-31500 1
-31400 1
-31300 3
-31200 1
-31100 0
-31000 0
-30900 0
-30800 1
-30700 0
-30600 1
-30500 1
-30400 0
-30300 0
-30200 2
-30100 1
-30000 2
-29900 2
-29800 3
-29700 0
-29600 3
-29500 94
-29400 313
-29300 348
-29200 114
-29100 12
-29000 1
-28900 0
-28800 0
-28700 0
-28600 2
-28500 0
-28400 1
-28300 1
-28200 3
-28100 1
-28000 1
-27900 1
-27800 0
-27700 0
-27600 1
-27500 0
-27400 1
-27300 0
-27200 2
-27100 1
-27000 1
-26900 0
-26800 0
-26700 0
-26600 0
-26500 2
-26400 1
-26300 0
-26200 0
-26100 0
-26000 1
-25900 0
-25800 0
-25700 0
-25600 0
-25500 1
-25400 2
-25300 2
-25200 0
-25100 2
-25000 1
-24900 2
-24800 2
-24700 1
-24600 3
-24500 6
-24400 1
-24300 1
-24200 1
-24100 0
-24000 0
-23900 0
-23800 1
-23700 2
-23600 0
-23500 1
-23400 1
-23300 2
-23200 1
-23100 0
-23000 0
-22900 0
-22800 0
-22700 0
-22600 1
-22500 1
-22400 1
-22300 1
-22200 2
-22100 0
-22000 1
-21900 1
-21800 0
-21700 2
-21600 0
-21500 0
-21400 2
-21300 1
-21200 1
-21100 0
-21000 1
-20900 0
-20800 0
-20700 1
-20600 1
-20500 0
-20400 2
-20300 0
-20200 1
-20100 0
-20000 0
-19900 0
-19800 2
-19700 1
-19600 0
-19500 2
-19400 1
-19300 2
-19200 1
-19100 1
-19000 1
-18900 2
-18800 1
-18700 1
-18600 2
-18500 1
-18400 0
-18300 0
-18200 3
-18100 1
-18000 1
-17900 0
-17800 0
-17700 0
-17600 2
-17500 0
-17400 3
-17300 1
-17200 1
-17100 0
-17000 0
-16900 2
-16800 1
-16700 1
-16600 0
-16500 14
-16400 111
-16300 351
-16200 318
-16100 88
-16000 8
-15900 3
-15800 1
-15700 0
-15600 0
-15500 0
-15400 3
-15300 3
-15200 0
-15100 1
-15000 0
-14900 1
-14800 2
-14700 0
-14600 2
-14500 0
-14400 3
-14300 0
-14200 1
-14100 0
-14000 0
-13900 0
-13800 2
-13700 1
-13600 0
-13500 2
-13400 1
-13300 1
-13200 1
-13100 1
-13000 1
-12900 0
-12800 0
-12700 1
-12600 1
-12500 1
-12400 3
-12300 0
-12200 1
-12100 1
-12000 1
-11900 2
-11800 0
-11700 0
-11600 0
-11500 1
-11400 4
-11300 4
-11200 4
-11100 3
-11000 0
-10900 2
-10800 2
-10700 0
-10600 1
-10500 2
-10400 0
-10300 0
-10200 1
-10100 0
-10000 0
-9900 2
-9800 0
-9700 1
-9600 1
-9500 0
-9400 1
-9300 0
-9200 0
-9100 1
-9000 1
-8900 1
-8800 1
-8700 2
-8600 0
-8500 0
-8400 1
-8300 1
-8200 2
-8100 1
-8000 2
-7900 0
-7800 0
-7700 2
-7600 2
-7500 0
-7400 0
-7300 2
-7200 1
-7100 1
-7000 2
-6900 0
-6800 2
-6700 0
-6600 0
-6500 2
-6400 1
-6300 1
-6200 0
-6100 1
-6000 2
-5900 1
-5800 1
-5700 1
-5600 1
-5500 0
-5400 1
-5300 1
-5200 0
-5100 1
-5000 0
-4900 0
-4800 1
-4700 0
-4600 0
-4500 0
-4400 2
-4300 0
-4200 2
-4100 1
-4000 0
-3900 1
-3800 1
-3700 0
-3600 4
-3500 1
-3400 3
-3300 24
-3200 157
-3100 418
-3000 263
-2900 49
-2800 2
-2700 0
-2600 0
-2500 2
-2400 2
-2300 0
-2200 1
-2100 0
-2000 0
-1900 0
-1800 1
-1700 0
-1600 1
-1500 1
-1400 1
-1300 1
-1200 1
-1100 1
-1000 3
-900 2
-800 1
-700 2
-600 1
-500 1
-400 0
-300 1
-200 0
-100 0
0 1
100 0
200 0
300 3
400 0
500 0
600 1
700 1
800 0
900 1
1000 1
1100 1
1200 0
1300 0
1400 0
1500 0
1600 0
1700 2
1800 8
1900 1
2000 3
2100 2
2200 2
2300 0
2400 0
2500 1
2600 0
2700 1
2800 1
2900 0
3000 1
3100 0
3200 3
3300 0
3400 0
3500 0
3600 1
3700 0
3800 0
3900 2
4000 0
4100 0
4200 0
4300 0
4400 1
4500 1
4600 0
4700 1
4800 0
4900 0
5000 1
5100 0
5200 0
5300 0
5400 1
5500 2
5600 0
5700 1
5800 2
5900 2
6000 2
6100 1
6200 0
6300 0
6400 0
6500 1
6600 2
6700 0
6800 0
6900 1
7000 0
7100 2
7200 1
7300 0
7400 0
7500 1
7600 0
7700 0
7800 1
7900 0
8000 0
8100 0
8200 1
8300 0
8400 0
8500 0
8600 0
8700 0
8800 4
8900 0
9000 2
9100 0
9200 2
9300 0
9400 1
9500 0
9600 6
9700 10
9800 71
9900 1147
10000 6727
10100 11435
10200 5202
10300 748
10400 37
10500 4
10600 3
10700 5
10800 1
10900 1
11000 0
11100 1
11200 1
11300 0
11400 0
11500 1
11600 0
11700 1
11800 4
11900 0
12000 2
12100 0
12200 0
12300 0
12400 2
12500 0
12600 1
12700 0
12800 1
12900 1
13000 1
13100 1
13200 1
13300 0
13400 0
13500 2
13600 0
13700 1
13800 1
13900 0
14000 1
14100 0
14200 1
14300 0
14400 1
14500 0
14600 2
14700 1
14800 1
14900 1
15000 4
15100 1
15200 0
15300 1
15400 0
15500 1
15600 1
15700 0
15800 1
15900 0
16000 1
16100 2
16200 0
16300 0
16400 1
16500 2
16600 0
16700 0
16800 0
16900 0
17000 1
17100 0
17200 0
17300 1
17400 2
17500 1
17600 0
17700 2
17800 0
17900 1
18000 1
18100 3
18200 1
18300 0
18400 0
18500 0
18600 1
18700 0
18800 0
18900 2
19000 2
19100 1
19200 0
19300 0
19400 0
19500 3
19600 1
19700 0
19800 0
19900 2
20000 0
20100 0
20200 1
20300 0
20400 0
20500 0
20600 1
20700 1
20800 0
20900 0
21000 0
21100 0
21200 1
21300 0
21400 2
21500 0
21600 0
21700 0
21800 0
21900 1
22000 3
22100 0
22200 0
22300 2
22400 0
22500 2
22600 1
22700 0
22800 1
22900 1
23000 19
23100 140
23200 385
23300 281
23400 57
23500 1
23600 2
23700 0
23800 1
23900 1
24000 1
24100 1
24200 0
24300 0
24400 0
24500 0
24600 0
24700 1
24800 2
24900 1
25000 2
25100 0
25200 0
25300 0
25400 0
25500 0
25600 0
25700 2
25800 1
25900 1
26000 0
26100 0
26200 2
26300 1
26400 0
26500 2
26600 0
26700 0
26800 3
26900 0
27000 2
27100 1
27200 0
27300 2
27400 1
27500 1
27600 0
27700 1
27800 2
27900 0
28000 3
28100 3
28200 2
28300 0
28400 1
28500 2
28600 0
28700 2
28800 0
28900 1
29000 1
29100 0
29200 0
29300 0
29400 0
29500 0
29600 1
29700 1
29800 1
29900 0
30000 0
30100 0
30200 2
30300 0
30400 1
30500 0
30600 1
30700 0
30800 0
30900 0
31000 0
31100 1
31200 0
31300 0
31400 2
31500 1
31600 0
31700 0
31800 2
31900 1
32000 0
32100 1
32200 0
32300 0
32400 2
32500 0
32600 2
32700 2
32800 1
32900 1
33000 1
33100 1
33200 1
33300 1
33400 1
33500 3
33600 1
33700 1
33800 0
33900 0
34000 1
34100 0
34200 1
34300 1
34400 1
34500 0
34600 1
34700 0
34800 1
34900 2
35000 1
35100 0
35200 0
35300 0
35400 0
35500 2
35600 1
35700 1
35800 0
35900 1
36000 4
36100 22
36200 179
36300 395
36400 222
36500 45
36600 5
36700 1
36800 0
36900 0
37000 0
37100 1
37200 0
37300 1
37400 1
37500 1
37600 1
37700 1
37800 2
37900 2
38000 0
38100 1
38200 0
38300 0
38400 0
38500 0
38600 1
38700 0
38800 0
38900 1
39000 0
39100 1
39200 2
39300 1
39400 2
39500 0
39600 1
39700 2
39800 0
39900 0
40000 1
40100 1
40200 1
40300 0
40400 0
40500 1
40600 0
40700 0
40800 1
40900 1
41000 0
41100 1
41200 2
41300 2
41400 1
41500 1
41600 0
41700 0
41800 0
41900 2
42000 0
42100 1
42200 1
42300 0
42400 1
42500 0
42600 1
42700 2
42800 1
42900 2
43000 1
43100 2
43200 0
43300 2
43400 1
43500 1
43600 1
43700 0
43800 2
43900 1
44000 1
44100 2
44200 1
44300 1
44400 0
44500 0
44600 0
44700 1
44800 0
44900 0
45000 2
45100 0
45200 1
45300 2
45400 0
45500 3
45600 0
45700 2
45800 1
45900 0
46000 1
46100 0
46200 0
46300 1
46400 1
46500 0
46600 2
46700 0
46800 1
46900 0
47000 0
47100 0
47200 1
47300 0
47400 0
47500 1
47600 1
47700 0
47800 0
47900 0
48000 1
48100 1
48200 0
48300 3
48400 2
48500 0
48600 0
48700 0
48800 0
48900 1
49000 1
49100 0
49200 6
49300 73
49400 313
49500 368
49600 126
49700 13
49800 4
49900 4
50000 6
50100 1
50200 0
50300 3
50400 0
50500 0
50600 1
50700 0
50800 0
50900 1
51000 1
51100 0
51200 0
51300 2
51400 1
51500 0
51600 0
51700 0
51800 0
51900 1
52000 0
52100 0
52200 1
52300 4
52400 0
52500 0
52600 2
52700 1
52800 0
52900 1
53000 1
53100 1
53200 1
53300 2
53400 1
53500 1
53600 1
53700 1
53800 2
53900 1
54000 2
54100 1
54200 14
54300 43
54400 43
54500 21
54600 2
54700 0
54800 2
54900 0
55000 1
55100 0
55200 3
55300 2
55400 1
55500 3
55600 1
55700 1
55800 0
55900 0
56000 1
56100 0
56200 2
56300 0
56400 1
56500 1
56600 1
56700 0
56800 0
56900 1
57000 1
57100 0
57200 1
57300 0
57400 2
57500 0
57600 0
57700 1
57800 1
57900 0
58000 0
58100 0
58200 0
58300 2
58400 0
58500 1
58600 1
58700 1
58800 1
58900 1
59000 1
59100 1
59200 0
59300 0
59400 0
59500 0
59600 2
59700 0
59800 0
59900 3
60000 2
60100 0
60200 0
60300 2
60400 3
60500 0
60600 0
60700 0
60800 0
60900 0
61000 0
61100 0
61200 2
61300 1
61400 1
61500 0
61600 1
61700 0
61800 1
61900 0
62000 0
62100 0
62200 2
62300 4
62400 25
62500 167
62600 415
62700 250
62800 41
62900 5
63000 5
63100 0
63200 1
63300 0
63400 2
63500 1
63600 0
63700 1
63800 3
63900 3
64000 0
64100 0
64200 1
64300 0
64400 1
64500 1
64600 2
64700 1
64800 1
64900 0
65000 0
65100 0
65200 1
65300 1
65400 2
65500 2
65600 0
65700 2
65800 0
65900 1
66000 2
66100 1
66200 0
66300 0
66400 1
66500 1
66600 1
66700 0
66800 1
66900 0
67000 0
67100 0
67200 1
67300 1
67400 1
67500 5
67600 2
67700 0
67800 0
67900 2
68000 0
68100 0
68200 0
68300 1
68400 0
68500 0
68600 3
68700 1
68800 1
68900 1
69000 0
69100 2
69200 1
69300 1
69400 3
69500 0
69600 2
69700 3
69800 1
69900 1
70000 2
70100 1
70200 1
70300 0
70400 2
70500 0
70600 2
70700 1
70800 0
70900 1
71000 0
71100 0
71200 0
71300 0
71400 4
71500 0
71600 0
71700 0
71800 0
71900 3
72000 1
72100 1
72200 0
72300 1
72400 1
72500 0
72600 0
72700 0
72800 0
72900 1
73000 1
73100 1
73200 1
73300 0
73400 0
73500 1
73600 0
73700 0
73800 1
73900 1
74000 3
74100 1
74200 0
74300 0
74400 0
74500 2
74600 2
74700 1
74800 1
74900 0
75000 0
75100 1
75200 1
75300 1
75400 2
75500 17
75600 138
75700 451
75800 288
75900 60
76000 3
76100 3
76200 1
76300 1
76400 0
76500 0
76600 0
76700 0
76800 0
76900 2
77000 2
77100 0
77200 0
77300 2
77400 1
77500 2
77600 2
77700 0
77800 0
77900 2
78000 0
78100 1
78200 2
78300 2
78400 0
78500 2
78600 0
78700 0
78800 0
78900 1
79000 3
79100 1
79200 1
79300 2
79400 1
79500 1
79600 0
79700 1
79800 1
79900 0
80000 1
80100 0
80200 0
80300 0
80400 1
80500 1
80600 3
80700 2
80800 0
80900 1
81000 0
81100 3
81200 2
81300 0
81400 0
81500 1
81600 1
81700 0
81800 2
81900 1
82000 0
82100 2
82200 1
82300 1
82400 0
82500 0
82600 0
82700 0
82800 0
82900 0
83000 1
83100 1
83200 1
83300 1
83400 1
83500 2
83600 1
83700 1
83800 1
83900 0
84000 1
84100 2
84200 0
84300 1
84400 0
84500 0
84600 0
84700 0
84800 2
84900 0
85000 1
85100 0
85200 0
85300 0
85400 3
85500 0
85600 0
85700 0
85800 0
85900 0
86000 2
86100 2
86200 0
86300 0
86400 1
86500 1
86600 0
86700 2
86800 0
86900 2
87000 0
87100 0
87200 0
87300 1
87400 2
87500 0
87600 4
87700 0
87800 1
87900 0
88000 1
88100 1
88200 0
88300 0
88400 1
88500 1
88600 2
88700 79
88800 330
88900 335
89000 105
89100 16
89200 2
89300 1
89400 1
89500 2
89600 1
89700 1
89800 1
89900 1
90000 0
90100 0
90200 0
90300 1
90400 1
90500 0
90600 1
90700 2
90800 1
90900 0
91000 0
91100 0
91200 0
91300 0
91400 2
91500 0
91600 2
91700 0
91800 0
91900 0
92000 0
92100 2
92200 3
92300 1
92400 2
92500 1
92600 0
92700 0
92800 0
92900 1
93000 0
93100 2
93200 0
93300 0
93400 2
93500 0
93600 2
93700 5
93800 2
93900 1
94000 1
94100 0
94200 3
94300 1
94400 1
94500 0
94600 1
94700 2
94800 2
94900 2
95000 2
95100 1
95200 3
95300 1
95400 1
95500 1
95600 1
95700 3
95800 1
95900 0
96000 1
96100 0
96200 1
96300 0
96400 0
96500 2
96600 0
96700 1
96800 0
96900 0
97000 1
97100 0
97200 0
97300 1
97400 2
97500 1
97600 3
97700 0
97800 0
97900 2
98000 0
98100 0
98200 2
98300 1
98400 0
98500 3
98600 2
98700 2
98800 2
98900 2
99000 0
99100 2
99200 0
99300 0
99400 0
99500 0
99600 0
99700 0
99800 1
99900 0
100000 3
100100 0
100200 1
100300 1
100400 0
100500 1
100600 0
100700 0
100800 1
100900 1
101000 1
101100 0
101200 0
101300 1
101400 0
101500 0
101600 0
101700 3
101800 33
101900 205
102000 419
102100 241
102200 32
102300 6
102400 0
102500 0
102600 0
102700 0
102800 2
102900 0
103000 0
103100 3
103200 2
103300 3
103400 1
103500 1
103600 0
103700 0
103800 0
103900 3
104000 0
104100 1
104200 1
104300 1
104400 3
104500 1
104600 2
104700 1
104800 0
104900 1
105000 0
105100 0
105200 1
105300 0
105400 0
105500 2
105600 0
105700 0
105800 0
105900 0
106000 0
106100 0
106200 0
106300 0
106400 1
106500 1
106600 1
106700 0
106800 2
106900 2
107000 2
107100 0
107200 1
107300 0
107400 1
107500 1
107600 1
107700 0
107800 0
107900 0
108000 0
108100 2
108200 2
108300 0
108400 1
108500 1
108600 1
108700 1
108800 0
108900 1
109000 1
109100 0
109200 2
109300 0
109400 1
109500 1
109600 1
109700 1
109800 3
109900 0
110000 1
110100 1
110200 2
110300 0
110400 1
110500 2
110600 0
110700 0
110800 1
110900 1
111000 0
111100 1
111200 3
111300 1
111400 1
111500 1
111600 0
111700 0
111800 0
111900 0
112000 0
112100 1
112200 2
112300 0
112400 3
112500 0
112600 0
112700 0
112800 1
112900 0
113000 0
113100 1
113200 0
113300 0
113400 1
113500 0
113600 0
113700 0
113800 0
113900 0
114000 1
114100 0
114200 1
114300 1
114400 0
114500 1
114600 1
114700 0
114800 0
114900 7
115000 96
115100 365
115200 365
115300 69
115400 3
115500 3
115600 0
115700 1
115800 1
115900 4
116000 1
116100 2
116200 0
116300 0
116400 0
116500 1
116600 0
116700 3
116800 0
116900 0
117000 0
117100 2
117200 0
117300 1
117400 2
117500 0
117600 1
117700 1
117800 0
117900 0
118000 0
118100 0
118200 2
118300 0
118400 0
118500 1
118600 2
118700 2
118800 2
118900 1
119000 1
119100 2
119200 0
119300 2
119400 0
119500 1
119600 0
119700 0
119800 1
119900 2
120000 4
120100 2
120200 0
120300 0
120400 1
120500 1
120600 3
120700 0
120800 0
120900 1
121000 0
121100 2
121200 1
121300 0
121400 1
121500 0
121600 1
121700 0
121800 1
121900 0
122000 1
122100 2
122200 1
122300 2
122400 0
122500 2
122600 0
122700 0
122800 0
122900 3
123000 2
123100 0
123200 1
123300 0
123400 0
123500 1
123600 0
123700 0
123800 0
123900 0
124000 2
124100 1
124200 0
124300 2
124400 1
124500 1
124600 1
124700 0
124800 0
124900 1
125000 1
125100 1
125200 3
125300 2
125400 1
125500 1
125600 0
125700 0
125800 0
125900 1
126000 0
126100 2
126200 1
126300 1
126400 0
126500 1
126600 0
126700 2
126800 0
126900 0
127000 1
127100 1
127200 0
127300 1
127400 0
127500 0
127600 0
127700 0
127800 0
127900 0
128000 3
128100 57
128200 303
128300 355
128400 139
128500 24
128600 0
128700 2
128800 1
128900 0
129000 1
129100 0
129200 1
129300 2
129400 2
129500 2
129600 0
129700 1
129800 2
129900 0
130000 1
130100 0
130200 3
130300 2
130400 0
130500 1
130600 2
130700 0
130800 1
130900 0
131000 1
131100 2
131200 1
131300 1
131400 0
131500 1
131600 0
131700 1
131800 0
131900 1
132000 1
132100 0
132200 1
132300 2
132400 0
132500 0
132600 2
132700 0
132800 1
132900 3
133000 1
133100 0
133200 2
133300 1
133400 0
133500 1
133600 1
133700 1
133800 0
133900 1
134000 0
134100 0
134200 1
134300 1
134400 1
134500 0
134600 3
134700 1
134800 1
134900 0
135000 1
135100 0
135200 0
135300 1
135400 0
135500 1
135600 0
135700 1
135800 1
135900 1
136000 1
136100 0
136200 1
136300 0
136400 0
136500 1
136600 1
136700 1
136800 0
136900 0
137000 1
137100 0
137200 2
137300 0
137400 0
137500 2
137600 1
137700 0
137800 0
137900 0
138000 2
138100 1
138200 1
138300 1
138400 1
138500 0
138600 0
138700 0
138800 1
138900 2
139000 0
139100 1
139200 3
139300 1
139400 1
139500 1
139600 0
139700 2
139800 2
139900 0
140000 3
140100 0
140200 0
140300 1
140400 0
140500 1
140600 0
140700 1
140800 1
140900 2
141000 0
141100 1
141200 21
141300 181
141400 415
141500 252
141600 44
141700 2
141800 1
141900 1
142000 1
142100 1
142200 0
142300 2
142400 1
142500 0
142600 2
142700 3
142800 1
142900 1
143000 1
143100 1
143200 0
143300 1
143400 1
143500 3
143600 0
143700 1
143800 1
143900 0
144000 1
144100 0
144200 0
144300 1
144400 1
144500 1
144600 2
144700 0
144800 0
144900 1
145000 0
145100 0
145200 0
145300 2
145400 1
145500 1
145600 1
145700 2
145800 0
145900 1
146000 1
146100 0
146200 4
146300 2
146400 1
146500 1
146600 0
146700 1
146800 1
146900 1
147000 1
147100 1
147200 1
147300 0
147400 1
147500 2
147600 0
147700 2
147800 1
147900 0
148000 1
148100 0
148200 2
148300 0
148400 1
148500 0
148600 2
148700 0
148800 1
148900 1
149000 2
149100 0
149200 1
149300 2
149400 0
149500 3
149600 1
149700 0
149800 0
149900 1
150000 0
150100 0
150200 1
150300 2
150400 1
150500 1
150600 2
150700 0
150800 0
150900 2
151000 0
151100 0
151200 1
151300 1
151400 0
151500 0
151600 1
151700 0
151800 0
151900 0
152000 2
152100 0
152200 0
152300 0
152400 1
152500 0
152600 1
152700 0
152800 1
152900 1
153000 2
153100 0
153200 2
153300 1
153400 0
153500 0
153600 1
153700 2
153800 2
153900 0
154000 2
154100 1
154200 0
154300 11
154400 99
154500 353
154600 356
154700 100
154800 7
154900 1
155000 1
155100 2
155200 0
155300 0
155400 2
155500 0
155600 0
155700 1
155800 1
155900 0
156000 1
156100 1
156200 2
156300 0
156400 1
156500 0
156600 1
156700 1
156800 0
156900 1
157000 2
157100 1
157200 2
157300 0
157400 1
157500 0
157600 0
157700 0
157800 1
157900 1
158000 2
158100 0
158200 1
158300 1
158400 0
158500 0
158600 1
158700 2
158800 0
158900 0
159000 1
159100 1
159200 0
159300 0
159400 3
159500 2
159600 2
159700 0
159800 1
159900 0
160000 0
160100 2
160200 0
160300 1
160400 1
160500 2
160600 0
160700 0
160800 0
160900 0
161000 1
161100 1
161200 1
161300 0
161400 0
161500 1
161600 1
161700 0
161800 0
161900 0
162000 1
162100 1
162200 1
162300 1
162400 0
162500 1
162600 2
162700 0
162800 1
162900 1
163000 1
163100 0
163200 0
163300 1
163400 1
163500 0
163600 0
163700 0
163800 1
163900 2
164000 0
164100 1
164200 1
164300 2
164400 1
164500 0
164600 0
164700 0
164800 1
164900 0
165000 2
165100 0
165200 1
165300 2
165400 1
165500 0
165600 0
165700 0
165800 0
165900 0
166000 0
166100 1
166200 0
166300 1
166400 0
166500 0
166600 2
166700 0
166800 0
166900 0
167000 2
167100 0
167200 0
167300 1
167400 4
167500 38
167600 261
167700 373
167800 175
167900 36
168000 2
168100 3
168200 0
168300 2
168400 1
168500 1
168600 1
168700 2
168800 0
168900 0
169000 1
169100 0
169200 0
169300 2
169400 1
169500 1
169600 1
169700 0
169800 0
169900 0
170000 2
170100 2
170200 1
170300 0
170400 1
170500 0
170600 1
170700 0
170800 0
170900 2
171000 0
171100 1
171200 1
171300 2
171400 1
171500 1
171600 1
171700 1
171800 1
171900 2
172000 1
172100 0
172200 1
172300 2
172400 2
172500 2
172600 4
172700 0
172800 1
172900 1
173000 1
173100 1
173200 1
173300 0
173400 0
173500 1
173600 0
173700 0
173800 0
173900 1
174000 2
174100 0
174200 1
174300 3
174400 0
174500 3
174600 0
174700 1
174800 1
174900 1
175000 0
175100 1
175200 0
175300 0
175400 3
175500 0
175600 0
175700 0
175800 0
175900 0
176000 0
176100 4
176200 1
176300 3
176400 1
176500 0
176600 0
176700 1
176800 1
176900 1
177000 1
177100 0
177200 0
177300 0
177400 1
177500 0
177600 0
177700 0
177800 0
177900 1
178000 2
178100 0
178200 0
178300 1
178400 0
178500 0
178600 1
178700 0
178800 0
178900 0
179000 0
179100 3
179200 0
179300 1
179400 0
179500 0
179600 0
179700 1
179800 0
179900 2
180000 0
180100 2
180200 1
180300 0
180400 0
180500 3
180600 21
180700 164
180800 385
180900 274
181000 57
181100 2
181200 1
181300 0
181400 1
181500 1
181600 1
181700 1
181800 0
181900 2
182000 0
182100 0
182200 1
182300 1
182400 7
182500 4
182600 2
182700 1
182800 0
182900 1
183000 0
183100 0
183200 1
183300 0
183400 0
183500 0
183600 1
183700 1
183800 1
183900 0
184000 0
184100 1
184200 1
184300 0
184400 0
184500 3
184600 0
184700 0
184800 0
184900 1
185000 1
185100 2
185200 1
185300 2
185400 0
185500 2
185600 1
185700 2
185800 1
185900 1
186000 1
186100 0
186200 0
186300 0
186400 2
186500 2
186600 0
186700 3
186800 1
186900 1
187000 0
187100 0
187200 0
187300 0
187400 1
187500 1
187600 1
187700 0
187800 2
187900 1
188000 1
188100 0
188200 0
188300 1
188400 0
188500 0
188600 1
188700 2
188800 0
188900 0
189000 1
189100 1
189200 2
189300 2
189400 0
189500 0
189600 1
189700 0
189800 0
189900 0
190000 1
190100 0
190200 0
190300 1
190400 0
190500 0
190600 4
190700 0
190800 0
190900 1
191000 0
191100 0
191200 0
191300 0
191400 0
191500 1
191600 0
191700 0
191800 1
191900 0
192000 0
192100 2
192200 0
192300 0
192400 0
192500 0
192600 0
192700 1
192800 1
192900 1
193000 0
193100 1
193200 1
193300 1
193400 0
193500 0
193600 2
193700 10
193800 80
193900 302
194000 394
194100 120
194200 12
194300 1
194400 0
194500 0
194600 3
194700 1
194800 1
194900 1
195000 0
195100 0
195200 2
195300 2
195400 0
195500 1
195600 1
195700 1
195800 3
195900 1
196000 1
196100 3
196200 2
196300 2
196400 0
196500 1
196600 1
196700 0
196800 1
196900 1
197000 0
197100 1
197200 0
197300 0
197400 3
197500 0
197600 2
197700 0
197800 2
197900 2
198000 3
198100 0
198200 1
198300 2
198400 0
198500 0
198600 1
198700 0
198800 3
198900 1
199000 1
199100 2
199200 2
199300 0
199400 1
199500 0
199600 0
199700 1
199800 0
199900 1
200000 1
200100 1
200200 1
200300 1
200400 3
200500 1
200600 1
200700 0
200800 0
200900 1
201000 0
201100 0
201200 0
201300 1
201400 0
201500 0
201600 0
201700 0
201800 2
201900 2
202000 1
202100 1
202200 2
202300 0
202400 2
202500 3
202600 2
202700 1
202800 2
202900 3
203000 1
203100 4
203200 2
203300 1
203400 0
203500 0
203600 0
203700 2
203800 3
203900 1
204000 1
204100 0
204200 0
204300 0
204400 0
204500 0
204600 0
204700 0
204800 0
204900 2
205000 1
205100 2
205200 1
205300 1
205400 1
205500 2
205600 1
205700 2
205800 0
205900 2
206000 0
206100 0
206200 1
206300 1
206400 2
206500 0
206600 1
206700 1
206800 6
206900 39
207000 242
207100 393
207200 180
207300 34
207400 4
207500 1
207600 1
207700 2
207800 1
207900 1
208000 1
208100 1
208200 2
208300 1
208400 3
208500 1
208600 1
208700 0
208800 1
208900 1
209000 0
209100 0
209200 0
209300 1
209400 1
209500 0
209600 2
209700 2
209800 2
209900 0
210000 1
210100 0
210200 0
210300 1
210400 0
210500 0
210600 1
210700 3
210800 0
210900 1
211000 1
211100 1
211200 2
211300 0
211400 2
211500 3
211600 0
211700 1
211800 2
211900 2
212000 1
212100 0
212200 2
212300 0
212400 0
212500 1
212600 1
212700 0
212800 0
212900 1
213000 0
213100 0
213200 0
213300 1
213400 0
213500 1
213600 3
213700 3
213800 3
213900 0
214000 1
214100 2
214200 0
214300 1
214400 0
214500 0
214600 0
214700 0
214800 1
214900 1
215000 0
215100 2
215200 0
215300 3
215400 0
215500 0
215600 0
215700 0
215800 0
215900 1
216000 0
216100 0
216200 0
216300 0
216400 1
216500 2
216600 0
216700 1
216800 1
216900 1
217000 2
217100 0
217200 1
217300 1
217400 1
217500 1
217600 0
217700 2
217800 0
217900 1
218000 1
218100 0
218200 3
218300 2
218400 0
218500 1
218600 2
218700 1
218800 1
218900 2
219000 1
219100 0
219200 0
219300 0
219400 0
219500 0
219600 2
219700 0
219800 1
219900 0
220000 16
220100 130
220200 376
220300 313
220400 70
220500 7
220600 2
220700 1
220800 0
220900 1
221000 3
221100 0
221200 0
221300 1
221400 0
221500 0
221600 2
221700 1
221800 3
221900 1
222000 1
222100 1
222200 0
222300 1
222400 0
222500 1
222600 2
222700 0
222800 1
222900 1
223000 0
223100 0
223200 0
223300 0
223400 0
223500 0
223600 1
223700 0
223800 2
223900 0
224000 1
224100 1
224200 0
224300 1
224400 1
224500 0
224600 0
224700 0
224800 0
224900 1
225000 2
225100 3
225200 1
225300 2
225400 0
225500 0
225600 1
225700 1
225800 0
225900 0
226000 0
226100 1
226200 3
226300 1
226400 1
226500 0
226600 1
226700 1
226800 2
226900 1
227000 1
227100 1
227200 0
227300 0
227400 1
227500 0
227600 0
227700 0
227800 1
227900 0
228000 0
228100 0
228200 0
228300 0
228400 2
228500 2
228600 0
228700 0
228800 2
228900 0
229000 0
229100 1
229200 3
229300 1
229400 2
229500 1
229600 1
229700 1
229800 1
229900 0
230000 0
230100 0
230200 0
230300 0
230400 0
230500 0
230600 1
230700 1
230800 1
230900 0
231000 0
231100 1
231200 0
231300 1
231400 2
231500 1
231600 0
231700 2
231800 2
231900 0
232000 0
232100 0
232200 2
232300 3
232400 1
232500 1
232600 0
232700 0
232800 3
232900 1
233000 0
233100 16
233200 92
233300 330
233400 358
233500 93
233600 14
233700 2
233800 1
233900 2
234000 2
234100 1
234200 0
234300 2
234400 1
234500 1
234600 0
234700 0
234800 1
234900 0
235000 1
235100 1
235200 3
235300 0
235400 0
235500 0
235600 1
235700 0
235800 0
235900 1
236000 0
236100 2
236200 0
236300 0
236400 0
236500 4
236600 2
236700 0
236800 1
236900 0
237000 0
237100 0
237200 1
237300 0
237400 0
237500 0
237600 0
237700 2
237800 1
237900 1
238000 1
238100 0
238200 3
238300 2
238400 0
238500 2
238600 1
238700 0
238800 2
238900 1
239000 2
239100 0
239200 2
239300 2
239400 0
239500 0
239600 0
239700 1
239800 0
239900 1
240000 0
240100 0
240200 1
240300 0
240400 0
240500 0
240600 1
240700 0
240800 1
240900 0
241000 1
241100 3
241200 0
241300 1
241400 2
241500 0
241600 0
241700 0
241800 0
241900 0
242000 0
242100 1
242200 0
242300 0
242400 3
242500 1
242600 1
242700 2
242800 0
242900 0
243000 0
243100 0
243200 1
243300 2
243400 1
243500 1
243600 1
243700 0
243800 0
243900 2
244000 1
244100 1
244200 1
244300 1
244400 1
244500 1
244600 2
244700 2
244800 2
244900 0
245000 0
245100 1
245200 1
245300 5
245400 2
245500 3
245600 1
245700 0
245800 1
245900 1
246000 0
246100 0
246200 3
246300 49
246400 243
246500 408
246600 205
246700 32
246800 3
246900 1
247000 0
247100 0
247200 1
247300 0
247400 1
247500 0
247600 0
247700 0
247800 1
247900 1
248000 0
248100 0
248200 0
248300 0
248400 0
248500 1
248600 2
248700 1
248800 1
248900 1
249000 0
249100 1
249200 1
249300 0
249400 0
249500 1
249600 0
249700 2
249800 1
249900 1
250000 0
250100 0
250200 1
250300 2
250400 0
250500 0
250600 2
250700 2
250800 1
250900 2
251000 0
251100 2
251200 0
251300 0
251400 0
251500 0
251600 2
251700 2
251800 1
251900 1
252000 1
252100 1
252200 3
252300 2
252400 1
252500 0
252600 1
252700 0
252800 1
252900 0
253000 0
253100 0
253200 4
253300 0
253400 1
253500 0
253600 0
253700 1
253800 0
253900 1
254000 0
254100 0
254200 0
254300 1
254400 0
254500 0
254600 1
254700 1
254800 1
254900 1
255000 0
255100 0
255200 1
255300 0
255400 0
255500 2
255600 1
255700 1
255800 1
255900 0
256000 0
256100 0
256200 0
256300 2
256400 0
256500 1
256600 0
256700 0
256800 0
256900 1
257000 0
257100 0
257200 0
257300 1
257400 1
257500 2
257600 2
257700 0
257800 0
257900 1
258000 0
258100 0
258200 1
258300 0
258400 0
258500 1
258600 1
258700 0
258800 1
258900 0
259000 1
259100 1
259200 0
259300 2
259400 16
259500 162
259600 380
259700 275
259800 64
259900 6
260000 1
260100 0
260200 2
260300 0
260400 1
260500 0
260600 0
260700 2
260800 0
260900 0
261000 0
261100 1
261200 0
261300 0
261400 2
261500 2
261600 5
261700 2
261800 1
261900 0
262000 0
262100 0
262200 1
262300 1
262400 1
262500 2
262600 2
262700 2
262800 0
262900 0
263000 0
263100 0
263200 2
263300 0
263400 0
263500 0
263600 2
263700 1
263800 0
263900 0
264000 2
264100 0
264200 2
264300 0
264400 4
264500 1
264600 0
264700 1
264800 0
264900 1
265000 0
265100 0
265200 1
265300 1
265400 0
265500 1
265600 0
265700 0
265800 0
265900 0
266000 2
266100 1
266200 1
266300 0
266400 1
266500 0
266600 2
266700 3
266800 1
266900 0
267000 0
267100 1
267200 1
267300 2
267400 1
267500 2
267600 3
267700 1
267800 2
267900 0
268000 0
268100 1
268200 0
268300 0
268400 2
268500 0
268600 1
268700 1
268800 2
268900 1
269000 1
269100 1
269200 1
269300 2
269400 1
269500 1
269600 0
269700 1
269800 0
269900 1
270000 0
270100 0
270200 0
270300 0
270400 1
270500 0
270600 0
270700 2
270800 1
270900 1
271000 0
271100 0
271200 1
271300 1
271400 0
271500 2
271600 3
271700 0
271800 2
271900 1
272000 0
272100 3
272200 0
272300 1
272400 0
272500 11
272600 104
272700 360
272800 329
272900 125
273000 12
273100 0
273200 1
273300 1
273400 0
273500 1
273600 2
273700 0
273800 0
273900 1
274000 2
274100 1
274200 0
274300 2
274400 2
274500 0
274600 2
274700 3
274800 1
274900 1
275000 1
275100 3
275200 0
275300 1
275400 2
275500 0
275600 1
275700 0
275800 0
275900 0
276000 0
276100 2
276200 0
276300 0
276400 1
276500 0
276600 2
276700 0
276800 0
276900 0
277000 0
277100 2
277200 1
277300 2
277400 1
277500 1
277600 2
277700 5
277800 1
277900 3
278000 1
278100 0
278200 1
278300 0
278400 2
278500 1
278600 0
278700 1
278800 1
278900 0
279000 1
279100 0
279200 2
279300 1
279400 0
279500 2
279600 0
279700 1
279800 1
279900 0
280000 0
280100 3
280200 0
280300 0
280400 0
280500 1
280600 0
280700 2
280800 0
280900 0
281000 0
281100 0
281200 1
281300 2
281400 2
281500 1
281600 0
281700 1
281800 1
281900 0
282000 0
282100 2
282200 0
282300 0
282400 0
282500 0
282600 1
282700 1
282800 3
282900 0
283000 1
283100 4
283200 2
283300 1
283400 1
283500 1
283600 0
283700 1
283800 2
283900 1
284000 1
284100 0
284200 0
284300 1
284400 0
284500 1
284600 1
284700 2
284800 0
284900 2
285000 0
285100 1
285200 3
285300 1
285400 2
285500 3
285600 3
285700 51
285800 258
285900 399
286000 199
286100 25
286200 2
286300 1
286400 1
286500 1
286600 3
286700 1
286800 1
286900 1
287000 0
287100 1
287200 1
287300 1
287400 0
287500 3
287600 1
287700 0
287800 0
287900 0
288000 1
288100 1
288200 2
288300 2
288400 0
288500 2
288600 0
288700 0
288800 1
288900 0
289000 0
289100 0
289200 1
289300 1
289400 0
289500 2
289600 2
289700 1
289800 0
289900 0
290000 0
290100 0
290200 2
290300 0
290400 1
290500 0
290600 3
290700 0
290800 2
290900 1
291000 0
291100 1
291200 1
291300 1
291400 1
291500 2
291600 2
291700 0
291800 0
291900 1
292000 0
292100 1
292200 1
292300 0
292400 0
292500 1
292600 0
292700 1
292800 1
292900 0
293000 1
293100 1
293200 1
293300 0
293400 0
293500 3
293600 2
293700 1
293800 0
293900 1
294000 0
294100 0
294200 0
294300 0
294400 1
294500 2
294600 2
294700 2
294800 1
294900 1
295000 1
295100 1
295200 0
295300 0
295400 0
295500 2
295600 0
295700 2
295800 1
295900 1
296000 3
296100 1
296200 1
296300 1
296400 2
296500 1
296600 2
296700 0
296800 1
296900 1
297000 1
297100 1
297200 0
297300 1
297400 0
297500 0
297600 0
297700 0
297800 2
297900 0
298000 1
298100 5
298200 0
298300 3
298400 1
298500 0
298600 0
298700 3
298800 22
298900 142
299000 376
299100 295
299200 83
299300 7
299400 0
299500 1
299600 1
299700 3
299800 1
299900 0
300000 0
300100 0
300200 1
300300 1
300400 4
300500 2
300600 0
300700 1
300800 1
300900 0
301000 0
301100 2
301200 1
301300 0
301400 0
301500 0
301600 2
301700 0
301800 3
301900 1
302000 2
302100 0
302200 3
302300 0
302400 1
302500 0
302600 1
302700 0
302800 1
302900 2
303000 1
303100 0
303200 1
303300 0
303400 0
303500 0
303600 1
303700 1
303800 2
303900 0
304000 1
304100 1
304200 2
304300 0
304400 1
304500 2
304600 1
304700 0
304800 0
304900 2
305000 0
305100 0
305200 1
305300 0
305400 0
305500 1
305600 0
305700 0
305800 0
305900 1
306000 2
306100 0
306200 0
306300 2
306400 2
306500 1
306600 1
306700 0
306800 2
306900 2
307000 1
307100 0
307200 1
307300 0
307400 0
307500 1
307600 0
307700 1
307800 1
307900 0
308000 0
308100 1
308200 2
308300 3
308400 2
308500 0
308600 1
308700 3
308800 0
308900 0
309000 0
309100 0
309200 0
309300 0
309400 1
309500 1
309600 0
309700 2
309800 0
309900 0
