-290000 2
-289900 5
-289800 4
-289700 6
-289600 2
-289500 1
-289400 4
-289300 3
-289200 5
-289100 5
-289000 4
-288900 5
-288800 7
-288700 5
-288600 0
-288500 8
-288400 6
-288300 6
-288200 6
-288100 6
-288000 3
-287900 5
-287800 7
-287700 5
-287600 3
-287500 6
-287400 7
-287300 22
-287200 42
-287100 39
-287000 21
-286900 8
-286800 8
-286700 2
-286600 5
-286500 3
-286400 2
-286300 2
-286200 4
-286100 1
-286000 5
-285900 2
-285800 4
-285700 4
-285600 4
-285500 6
-285400 4
-285300 8
-285200 3
-285100 7
-285000 5
-284900 3
-284800 3
-284700 8
-284600 4
-284500 4
-284400 2
-284300 7
-284200 4
-284100 4
-284000 7
-283900 8
-283800 5
-283700 6
-283600 3
-283500 6
-283400 4
-283300 4
-283200 2
-283100 6
-283000 6
-282900 7
-282800 5
-282700 4
-282600 9
-282500 8
-282400 4
-282300 11
-282200 7
-282100 6
-282000 2
-281900 7
-281800 2
-281700 4
-281600 6
-281500 3
-281400 4
-281300 5
-281200 5
-281100 2
-281000 3
-280900 4
-280800 7
-280700 5
-280600 8
-280500 4
-280400 6
-280300 4
-280200 4
-280100 3
-280000 2
-279900 4
-279800 4
-279700 3
-279600 8
-279500 11
-279400 15
-279300 23
-279200 104
-279100 1027
-279000 5864
-278900 10598
-278800 5777
-278700 967
-278600 81
-278500 14
-278400 15
-278300 11
-278200 5
-278100 7
-278000 3
-277900 1
-277800 5
-277700 7
-277600 1
-277500 4
-277400 6
-277300 7
-277200 5
-277100 6
-277000 3
-276900 5
-276800 8
-276700 7
-276600 8
-276500 4
-276400 2
-276300 9
-276200 3
-276100 4
-276000 5
-275900 3
-275800 0
-275700 3
-275600 0
-275500 3
-275400 6
-275300 6
-275200 3
-275100 5
-275000 3
-274900 4
-274800 3
-274700 5
-274600 4
-274500 5
-274400 7
-274300 3
-274200 11
-274100 43
-274000 41
-273900 23
-273800 7
-273700 1
-273600 4
-273500 5
-273400 5
-273300 0
-273200 5
-273100 2
-273000 10
-272900 1
-272800 3
-272700 3
-272600 5
-272500 3
-272400 0
-272300 2
-272200 3
-272100 1
-272000 6
-271900 3
-271800 2
-271700 3
-271600 1
-271500 9
-271400 3
-271300 4
-271200 3
-271100 3
-271000 7
-270900 2
-270800 2
-270700 4
-270600 1
-270500 6
-270400 4
-270300 3
-270200 1
-270100 4
-270000 5
-269900 6
-269800 1
-269700 3
-269600 7
-269500 4
-269400 1
-269300 4
-269200 5
-269100 4
-269000 7
-268900 3
-268800 5
-268700 3
-268600 8
-268500 3
-268400 6
-268300 4
-268200 4
-268100 5
-268000 3
-267900 4
-267800 3
-267700 6
-267600 2
-267500 2
-267400 6
-267300 13
-267200 7
-267100 3
-267000 8
-266900 3
-266800 5
-266700 7
-266600 1
-266500 4
-266400 13
-266300 13
-266200 12
-266100 40
-266000 478
-265900 3840
-265800 10029
-265700 7876
-265600 1991
-265500 172
-265400 19
-265300 21
-265200 11
-265100 9
-265000 10
-264900 5
-264800 4
-264700 7
-264600 5
-264500 4
-264400 3
-264300 6
-264200 7
-264100 3
-264000 7
-263900 1
-263800 2
-263700 3
-263600 8
-263500 4
-263400 5
-263300 4
-263200 6
-263100 2
-263000 4
-262900 4
-262800 6
-262700 4
-262600 2
-262500 4
-262400 2
-262300 3
-262200 3
-262100 6
-262000 2
-261900 2
-261800 6
-261700 4
-261600 2
-261500 3
-261400 3
-261300 4
-261200 3
-261100 13
-261000 22
-260900 56
-260800 45
-260700 8
-260600 5
-260500 7
-260400 6
-260300 4
-260200 4
-260100 2
-260000 7
-259900 3
-259800 3
-259700 3
-259600 3
-259500 4
-259400 4
-259300 2
-259200 2
-259100 4
-259000 4
-258900 3
-258800 7
-258700 3
-258600 3
-258500 7
-258400 7
-258300 1
-258200 5
-258100 4
-258000 3
-257900 6
-257800 9
-257700 3
-257600 3
-257500 3
-257400 4
-257300 12
-257200 4
-257100 3
-257000 3
-256900 2
-256800 2
-256700 3
-256600 3
-256500 2
-256400 4
-256300 7
-256200 2
-256100 7
-256000 7
-255900 6
-255800 3
-255700 3
-255600 3
-255500 8
-255400 1
-255300 4
-255200 4
-255100 5
-255000 6
-254900 4
-254800 4
-254700 5
-254600 4
-254500 4
-254400 5
-254300 4
-254200 8
-254100 4
-254000 2
-253900 6
-253800 1
-253700 5
-253600 1
-253500 6
-253400 4
-253300 4
-253200 11
-253100 14
-253000 24
-252900 226
-252800 2249
-252700 8496
-252600 9728
-252500 3377
-252400 441
-252300 43
-252200 19
-252100 15
-252000 2
-251900 9
-251800 3
-251700 5
-251600 4
-251500 3
-251400 0
-251300 1
-251200 8
-251100 8
-251000 7
-250900 7
-250800 2
-250700 5
-250600 12
-250500 6
-250400 5
-250300 2
-250200 3
-250100 5
-250000 5
-249900 6
-249800 3
-249700 7
-249600 6
-249500 2
-249400 6
-249300 4
-249200 2
-249100 9
-249000 3
-248900 2
-248800 4
-248700 3
-248600 4
-248500 2
-248400 2
-248300 4
-248200 3
-248100 3
-248000 8
-247900 15
-247800 47
-247700 56
-247600 19
-247500 8
-247400 6
-247300 3
-247200 4
-247100 3
-247000 2
-246900 4
-246800 4
-246700 2
-246600 2
-246500 3
-246400 1
-246300 5
-246200 3
-246100 3
-246000 6
-245900 6
-245800 4
-245700 2
-245600 5
-245500 0
-245400 4
-245300 6
-245200 6
-245100 1
-245000 5
-244900 3
-244800 4
-244700 4
-244600 7
-244500 6
-244400 1
-244300 1
-244200 7
-244100 4
-244000 3
-243900 2
-243800 6
-243700 8
-243600 4
-243500 6
-243400 4
-243300 5
-243200 5
-243100 4
-243000 8
-242900 4
-242800 5
-242700 10
-242600 6
-242500 7
-242400 3
-242300 4
-242200 3
-242100 2
-242000 3
-241900 1
-241800 5
-241700 4
-241600 5
-241500 4
-241400 6
-241300 3
-241200 6
-241100 6
-241000 9
-240900 3
-240800 5
-240700 5
-240600 2
-240500 6
-240400 2
-240300 3
-240200 4
-240100 14
-240000 19
-239900 11
-239800 91
-239700 907
-239600 5469
-239500 10501
-239400 6099
-239300 1115
-239200 61
-239100 17
-239000 14
-238900 8
-238800 9
-238700 5
-238600 3
-238500 1
-238400 5
-238300 4
-238200 1
-238100 2
-238000 7
-237900 8
-237800 7
-237700 7
-237600 4
-237500 1
-237400 3
-237300 6
-237200 8
-237100 4
-237000 5
-236900 7
-236800 5
-236700 4
-236600 6
-236500 6
-236400 5
-236300 4
-236200 7
-236100 6
-236000 1
-235900 9
-235800 3
-235700 5
-235600 2
-235500 6
-235400 4
-235300 2
-235200 7
-235100 3
-235000 3
-234900 6
-234800 3
-234700 39
-234600 52
-234500 32
-234400 18
-234300 5
-234200 4
-234100 2
-234000 3
-233900 6
-233800 2
-233700 2
-233600 4
-233500 4
-233400 2
-233300 7
-233200 5
-233100 4
-233000 4
-232900 3
-232800 7
-232700 7
-232600 9
-232500 1
-232400 3
-232300 2
-232200 1
-232100 8
-232000 3
-231900 2
-231800 2
-231700 5
-231600 3
-231500 3
-231400 5
-231300 4
-231200 5
-231100 3
-231000 4
-230900 5
-230800 7
-230700 5
-230600 3
-230500 7
-230400 3
-230300 1
-230200 2
-230100 6
-230000 6
-229900 4
-229800 3
-229700 3
-229600 5
-229500 9
-229400 6
-229300 2
-229200 4
-229100 3
-229000 4
-228900 6
-228800 5
-228700 4
-228600 3
-228500 4
-228400 5
-228300 2
-228200 8
-228100 7
-228000 6
-227900 5
-227800 5
-227700 2
-227600 3
-227500 8
-227400 6
-227300 5
-227200 5
-227100 8
-227000 7
-226900 8
-226800 16
-226700 44
-226600 362
-226500 3160
-226400 9798
-226300 8596
-226200 2239
-226100 228
-226000 24
-225900 16
-225800 13
-225700 5
-225600 2
-225500 4
-225400 3
-225300 6
-225200 5
-225100 1
-225000 1
-224900 8
-224800 6
-224700 11
-224600 4
-224500 3
-224400 9
-224300 5
-224200 6
-224100 5
-224000 6
-223900 7
-223800 5
-223700 7
-223600 4
-223500 5
-223400 4
-223300 6
-223200 1
-223100 5
-223000 9
-222900 3
-222800 4
-222700 5
-222600 3
-222500 8
-222400 4
-222300 5
-222200 5
-222100 6
-222000 5
-221900 7
-221800 6
-221700 6
-221600 28
-221500 39
-221400 32
-221300 8
-221200 7
-221100 6
-221000 2
-220900 11
-220800 9
-220700 4
-220600 5
-220500 5
-220400 5
-220300 8
-220200 11
-220100 8
-220000 2
-219900 2
-219800 4
-219700 4
-219600 4
-219500 6
-219400 9
-219300 4
-219200 5
-219100 2
-219000 7
-218900 3
-218800 7
-218700 4
-218600 3
-218500 1
-218400 4
-218300 9
-218200 5
-218100 5
-218000 6
-217900 4
-217800 4
-217700 3
-217600 3
-217500 6
-217400 7
-217300 2
-217200 4
-217100 6
-217000 7
-216900 7
-216800 2
-216700 4
-216600 6
-216500 6
-216400 4
-216300 5
-216200 4
-216100 5
-216000 4
-215900 6
-215800 1
-215700 1
-215600 5
-215500 5
-215400 1
-215300 4
-215200 5
-215100 3
-215000 3
-214900 8
-214800 5
-214700 7
-214600 3
-214500 4
-214400 7
-214300 4
-214200 2
-214100 4
-214000 7
-213900 7
-213800 7
-213700 11
-213600 27
-213500 187
-213400 2061
-213300 8346
-213200 9916
-213100 3407
-213000 372
-212900 36
-212800 13
-212700 15
-212600 10
-212500 11
-212400 4
-212300 6
-212200 2
-212100 13
-212000 2
-211900 6
-211800 1
-211700 2
-211600 9
-211500 4
-211400 7
-211300 4
-211200 6
-211100 4
-211000 2
-210900 4
-210800 0
-210700 6
-210600 3
-210500 6
-210400 4
-210300 2
-210200 6
-210100 4
-210000 4
-209900 6
-209800 6
-209700 6
-209600 5
-209500 4
-209400 5
-209300 4
-209200 0
-209100 5
-209000 3
-208900 4
-208800 3
-208700 4
-208600 6
-208500 20
-208400 33
-208300 47
-208200 7
-208100 9
-208000 7
-207900 6
-207800 7
-207700 3
-207600 2
-207500 1
-207400 5
-207300 4
-207200 4
-207100 4
-207000 4
-206900 4
-206800 7
-206700 3
-206600 3
-206500 3
-206400 2
-206300 6
-206200 6
-206100 4
-206000 4
-205900 3
-205800 3
-205700 7
-205600 3
-205500 4
-205400 4
-205300 3
-205200 3
-205100 9
-205000 4
-204900 5
-204800 3
-204700 4
-204600 2
-204500 4
-204400 1
-204300 4
-204200 4
-204100 3
-204000 3
-203900 6
-203800 4
-203700 2
-203600 6
-203500 5
-203400 4
-203300 4
-203200 6
-203100 5
-203000 2
-202900 5
-202800 4
-202700 3
-202600 5
-202500 4
-202400 4
-202300 5
-202200 0
-202100 5
-202000 5
-201900 4
-201800 7
-201700 3
-201600 9
-201500 5
-201400 5
-201300 5
-201200 2
-201100 2
-201000 6
-200900 5
-200800 5
-200700 11
-200600 19
-200500 22
-200400 114
-200300 1178
-200200 6590
-200100 10777
-200000 5192
-199900 762
-199800 61
-199700 13
-199600 16
-199500 9
-199400 6
-199300 11
-199200 0
-199100 2
-199000 5
-198900 4
-198800 5
-198700 2
-198600 1
-198500 7
-198400 8
-198300 3
-198200 3
-198100 4
-198000 5
-197900 2
-197800 4
-197700 2
-197600 3
-197500 5
-197400 7
-197300 5
-197200 2
-197100 5
-197000 5
-196900 4
-196800 4
-196700 2
-196600 5
-196500 4
-196400 3
-196300 4
-196200 4
-196100 3
-196000 2
-195900 3
-195800 2
-195700 7
-195600 4
-195500 2
-195400 6
-195300 34
-195200 52
-195100 26
-195000 5
-194900 7
-194800 4
-194700 6
-194600 1
-194500 1
-194400 1
-194300 3
-194200 3
-194100 3
-194000 5
-193900 0
-193800 4
-193700 4
-193600 4
-193500 2
-193400 3
-193300 1
-193200 7
-193100 4
-193000 5
-192900 5
-192800 1
-192700 4
-192600 3
-192500 2
-192400 1
-192300 3
-192200 4
-192100 2
-192000 5
-191900 2
-191800 2
-191700 4
-191600 3
-191500 6
-191400 6
-191300 3
-191200 2
-191100 4
-191000 5
-190900 2
-190800 12
-190700 6
-190600 7
-190500 4
-190400 1
-190300 8
-190200 6
-190100 11
-190000 4
-189900 4
-189800 3
-189700 7
-189600 2
-189500 6
-189400 4
-189300 5
-189200 5
-189100 3
-189000 5
-188900 3
-188800 7
-188700 3
-188600 5
-188500 9
-188400 5
-188300 5
-188200 4
-188100 1
-188000 3
-187900 4
-187800 1
-187700 2
-187600 6
-187500 13
-187400 12
-187300 42
-187200 426
-187100 3645
-187000 10045
-186900 8010
-186800 1833
-186700 171
-186600 20
-186500 13
-186400 15
-186300 7
-186200 3
-186100 4
-186000 0
-185900 9
-185800 8
-185700 5
-185600 3
-185500 3
-185400 7
-185300 12
-185200 3
-185100 1
-185000 1
-184900 7
-184800 7
-184700 5
-184600 8
-184500 5
-184400 3
-184300 4
-184200 3
-184100 5
-184000 5
-183900 5
-183800 2
-183700 3
-183600 5
-183500 5
-183400 3
-183300 2
-183200 3
-183100 1
-183000 4
-182900 1
-182800 3
-182700 4
-182600 6
-182500 5
-182400 5
-182300 6
-182200 17
-182100 60
-182000 32
-181900 11
-181800 5
-181700 5
-181600 5
-181500 3
-181400 4
-181300 4
-181200 4
-181100 5
-181000 2
-180900 4
-180800 2
-180700 4
-180600 7
-180500 6
-180400 4
-180300 4
-180200 6
-180100 3
-180000 4
-179900 1
-179800 2
-179700 5
-179600 2
-179500 6
-179400 6
-179300 1
-179200 6
-179100 3
-179000 6
-178900 4
-178800 1
-178700 5
-178600 6
-178500 7
-178400 7
-178300 5
-178200 6
-178100 6
-178000 4
-177900 7
-177800 4
-177700 9
-177600 7
-177500 3
-177400 3
-177300 4
-177200 9
-177100 3
-177000 0
-176900 8
-176800 4
-176700 6
-176600 3
-176500 5
-176400 2
-176300 3
-176200 5
-176100 5
-176000 6
-175900 3
-175800 3
-175700 4
-175600 5
-175500 6
-175400 9
-175300 7
-175200 4
-175100 4
-175000 4
-174900 4
-174800 5
-174700 5
-174600 6
-174500 8
-174400 9
-174300 16
-174200 23
-174100 160
-174000 1720
-173900 7823
-173800 10394
-173700 3881
-173600 429
-173500 39
-173400 15
-173300 16
-173200 8
-173100 13
-173000 5
-172900 8
-172800 1
-172700 3
-172600 2
-172500 5
-172400 5
-172300 2
-172200 5
-172100 6
-172000 5
-171900 4
-171800 2
-171700 7
-171600 6
-171500 4
-171400 5
-171300 4
-171200 10
-171100 7
-171000 7
-170900 7
-170800 4
-170700 4
-170600 5
-170500 8
-170400 7
-170300 7
-170200 5
-170100 4
-170000 6
-169900 8
-169800 6
-169700 5
-169600 1
-169500 5
-169400 5
-169300 2
-169200 7
-169100 12
-169000 51
-168900 53
-168800 20
-168700 4
-168600 3
-168500 3
-168400 3
-168300 4
-168200 4
-168100 7
-168000 12
-167900 12
-167800 2
-167700 7
-167600 3
-167500 4
-167400 4
-167300 4
-167200 4
-167100 2
-167000 6
-166900 5
-166800 4
-166700 8
-166600 6
-166500 5
-166400 2
-166300 2
-166200 5
-166100 3
-166000 1
-165900 6
-165800 4
-165700 4
-165600 2
-165500 6
-165400 5
-165300 7
-165200 7
-165100 2
-165000 3
-164900 3
-164800 2
-164700 1
-164600 3
-164500 2
-164400 3
-164300 3
-164200 4
-164100 1
-164000 6
-163900 7
-163800 5
-163700 5
-163600 5
-163500 3
-163400 3
-163300 4
-163200 3
-163100 4
-163000 4
-162900 6
-162800 3
-162700 4
-162600 6
-162500 3
-162400 11
-162300 26
-162200 20
-162100 8
-162000 3
-161900 5
-161800 5
-161700 5
-161600 4
-161500 2
-161400 4
-161300 8
-161200 14
-161100 20
-161000 66
-160900 815
-160800 5247
-160700 10696
-160600 6148
-160500 1023
-160400 81
-160300 17
-160200 19
-160100 8
-160000 4
-159900 3
-159800 7
-159700 5
-159600 4
-159500 6
-159400 11
-159300 3
-159200 10
-159100 7
-159000 5
-158900 5
-158800 7
-158700 5
-158600 5
-158500 4
-158400 4
-158300 0
-158200 3
-158100 4
-158000 3
-157900 6
-157800 4
-157700 3
-157600 7
-157500 8
-157400 5
-157300 1
-157200 6
-157100 6
-157000 3
-156900 6
-156800 4
-156700 2
-156600 8
-156500 6
-156400 3
-156300 5
-156200 4
-156100 2
-156000 14
-155900 27
-155800 61
-155700 25
-155600 8
-155500 7
-155400 1
-155300 3
-155200 7
-155100 3
-155000 3
-154900 6
-154800 6
-154700 4
-154600 9
-154500 3
-154400 7
-154300 2
-154200 4
-154100 7
-154000 7
-153900 8
-153800 7
-153700 6
-153600 7
-153500 3
-153400 5
-153300 3
-153200 6
-153100 4
-153000 5
-152900 3
-152800 3
-152700 5
-152600 2
-152500 7
-152400 4
-152300 5
-152200 4
-152100 2
-152000 4
-151900 5
-151800 5
-151700 7
-151600 4
-151500 7
-151400 2
-151300 4
-151200 2
-151100 3
-151000 7
-150900 10
-150800 4
-150700 3
-150600 3
-150500 5
-150400 5
-150300 5
-150200 2
-150100 3
-150000 5
-149900 2
-149800 5
-149700 2
-149600 4
-149500 5
-149400 5
-149300 3
-149200 4
-149100 7
-149000 3
-148900 5
-148800 2
-148700 3
-148600 2
-148500 4
-148400 6
-148300 6
-148200 10
-148100 17
-148000 8
-147900 33
-147800 349
-147700 3224
-147600 9867
-147500 8536
-147400 2015
-147300 203
-147200 25
-147100 13
-147000 12
-146900 10
-146800 7
-146700 4
-146600 1
-146500 5
-146400 1
-146300 4
-146200 4
-146100 6
-146000 6
-145900 6
-145800 7
-145700 5
-145600 3
-145500 9
-145400 10
-145300 6
-145200 3
-145100 1
-145000 6
-144900 7
-144800 8
-144700 6
-144600 7
-144500 8
-144400 9
-144300 7
-144200 7
-144100 10
-144000 7
-143900 6
-143800 6
-143700 4
-143600 5
-143500 2
-143400 5
-143300 8
-143200 2
-143100 4
-143000 5
-142900 2
-142800 13
-142700 50
-142600 42
-142500 12
-142400 4
-142300 5
-142200 8
-142100 4
-142000 3
-141900 5
-141800 2
-141700 3
-141600 2
-141500 1
-141400 5
-141300 6
-141200 3
-141100 4
-141000 3
-140900 5
-140800 3
-140700 3
-140600 7
-140500 7
-140400 6
-140300 5
-140200 5
-140100 4
-140000 6
-139900 6
-139800 2
-139700 3
-139600 4
-139500 5
-139400 4
-139300 5
-139200 4
-139100 3
-139000 2
-138900 2
-138800 1
-138700 1
-138600 9
-138500 4
-138400 3
-138300 6
-138200 2
-138100 3
-138000 3
-137900 7
-137800 4
-137700 0
-137600 2
-137500 2
-137400 5
-137300 2
-137200 5
-137100 8
-137000 4
-136900 4
-136800 4
-136700 3
-136600 3
-136500 3
-136400 3
-136300 4
-136200 1
-136100 5
-136000 7
-135900 7
-135800 4
-135700 2
-135600 5
-135500 5
-135400 2
-135300 4
-135200 7
-135100 4
-135000 9
-134900 7
-134800 18
-134700 129
-134600 1464
-134500 7400
-134400 10571
-134300 4146
-134200 526
-134100 33
-134000 14
-133900 20
-133800 6
-133700 5
-133600 3
-133500 2
-133400 2
-133300 2
-133200 5
-133100 4
-133000 4
-132900 4
-132800 3
-132700 2
-132600 5
-132500 2
-132400 5
-132300 3
-132200 2
-132100 4
-132000 2
-131900 7
-131800 4
-131700 6
-131600 4
-131500 9
-131400 2
-131300 3
-131200 4
-131100 3
-131000 4
-130900 2
-130800 4
-130700 5
-130600 6
-130500 4
-130400 4
-130300 5
-130200 4
-130100 6
-130000 3
-129900 4
-129800 6
-129700 8
-129600 34
-129500 49
-129400 17
-129300 7
-129200 3
-129100 2
-129000 3
-128900 7
-128800 1
-128700 4
-128600 5
-128500 3
-128400 8
-128300 3
-128200 3
-128100 4
-128000 4
-127900 1
-127800 6
-127700 7
-127600 5
-127500 5
-127400 6
-127300 2
-127200 5
-127100 4
-127000 4
-126900 6
-126800 3
-126700 5
-126600 3
-126500 4
-126400 8
-126300 5
-126200 4
-126100 2
-126000 2
-125900 5
-125800 3
-125700 7
-125600 9
-125500 2
-125400 3
-125300 4
-125200 6
-125100 4
-125000 4
-124900 3
-124800 11
-124700 6
-124600 3
-124500 6
-124400 3
-124300 7
-124200 2
-124100 4
-124000 4
-123900 7
-123800 1
-123700 7
-123600 6
-123500 1
-123400 2
-123300 1
-123200 5
-123100 5
-123000 6
-122900 12
-122800 2
-122700 2
-122600 2
-122500 0
-122400 6
-122300 1
-122200 5
-122100 2
-122000 4
-121900 11
-121800 15
-121700 16
-121600 56
-121500 631
-121400 4845
-121300 10750
-121200 6593
-121100 1174
-121000 107
-120900 17
-120800 14
-120700 12
-120600 11
-120500 2
-120400 5
-120300 3
-120200 3
-120100 3
-120000 4
-119900 5
-119800 4
-119700 9
-119600 5
-119500 4
-119400 4
-119300 3
-119200 1
-119100 7
-119000 2
-118900 4
-118800 5
-118700 8
-118600 4
-118500 2
-118400 2
-118300 2
-118200 2
-118100 2
-118000 5
-117900 4
-117800 3
-117700 1
-117600 3
-117500 4
-117400 4
-117300 4
-117200 2
-117100 3
-117000 4
-116900 1
-116800 4
-116700 0
-116600 9
-116500 34
-116400 52
-116300 38
-116200 9
-116100 8
-116000 6
-115900 3
-115800 4
-115700 8
-115600 4
-115500 3
-115400 5
-115300 1
-115200 5
-115100 7
-115000 3
-114900 5
-114800 3
-114700 1
-114600 2
-114500 8
-114400 6
-114300 3
-114200 4
-114100 5
-114000 8
-113900 3
-113800 6
-113700 5
-113600 1
-113500 5
-113400 2
-113300 4
-113200 0
-113100 1
-113000 3
-112900 3
-112800 5
-112700 4
-112600 7
-112500 5
-112400 8
-112300 6
-112200 6
-112100 5
-112000 5
-111900 9
-111800 4
-111700 5
-111600 5
-111500 6
-111400 7
-111300 5
-111200 4
-111100 4
-111000 5
-110900 5
-110800 5
-110700 5
-110600 5
-110500 6
-110400 5
-110300 8
-110200 4
-110100 1
-110000 5
-109900 4
-109800 6
-109700 5
-109600 4
-109500 7
-109400 3
-109300 4
-109200 2
-109100 3
-109000 3
-108900 4
-108800 5
-108700 10
-108600 15
-108500 35
-108400 316
-108300 2930
-108200 9913
-108100 8819
-108000 2324
-107900 215
-107800 17
-107700 14
-107600 16
-107500 8
-107400 5
-107300 4
-107200 8
-107100 5
-107000 3
-106900 1
-106800 1
-106700 3
-106600 8
-106500 2
-106400 2
-106300 2
-106200 4
-106100 3
-106000 6
-105900 6
-105800 5
-105700 6
-105600 4
-105500 3
-105400 4
-105300 7
-105200 3
-105100 6
-105000 6
-104900 4
-104800 3
-104700 4
-104600 6
-104500 3
-104400 4
-104300 4
-104200 4
-104100 3
-104000 2
-103900 2
-103800 5
-103700 8
-103600 2
-103500 7
-103400 20
-103300 39
-103200 38
-103100 12
-103000 3
-102900 6
-102800 4
-102700 5
-102600 1
-102500 3
-102400 4
-102300 3
-102200 9
-102100 7
-102000 5
-101900 7
-101800 1
-101700 3
-101600 4
-101500 4
-101400 4
-101300 3
-101200 4
-101100 5
-101000 8
-100900 1
-100800 3
-100700 5
-100600 4
-100500 7
-100400 5
-100300 5
-100200 0
-100100 3
-100000 8
-99900 6
-99800 5
-99700 4
-99600 5
-99500 3
-99400 1
-99300 8
-99200 9
-99100 6
-99000 3
-98900 2
-98800 5
-98700 3
-98600 3
-98500 8
-98400 5
-98300 4
-98200 9
-98100 3
-98000 5
-97900 3
-97800 0
-97700 4
-97600 2
-97500 5
-97400 4
-97300 7
-97200 5
-97100 3
-97000 5
-96900 7
-96800 7
-96700 8
-96600 5
-96500 9
-96400 3
-96300 2
-96200 5
-96100 4
-96000 3
-95900 7
-95800 5
-95700 4
-95600 10
-95500 7
-95400 22
-95300 96
-95200 1065
-95100 6464
-95000 11113
-94900 4878
-94800 666
-94700 46
-94600 12
-94500 15
-94400 9
-94300 6
-94200 4
-94100 3
-94000 5
-93900 4
-93800 0
-93700 3
-93600 10
-93500 7
-93400 7
-93300 4
-93200 5
-93100 6
-93000 3
-92900 3
-92800 3
-92700 4
-92600 3
-92500 1
-92400 7
-92300 3
-92200 7
-92100 4
-92000 7
-91900 7
-91800 10
-91700 3
-91600 7
-91500 4
-91400 9
-91300 2
-91200 3
-91100 6
-91000 6
-90900 4
-90800 5
-90700 3
-90600 3
-90500 3
-90400 8
-90300 14
-90200 35
-90100 55
-90000 18
-89900 8
-89800 4
-89700 4
-89600 6
-89500 2
-89400 4
-89300 1
-89200 8
-89100 1
-89000 0
-88900 4
-88800 5
-88700 4
-88600 3
-88500 10
-88400 7
-88300 6
-88200 6
-88100 7
-88000 8
-87900 3
-87800 3
-87700 3
-87600 4
-87500 7
-87400 3
-87300 2
-87200 3
-87100 3
-87000 7
-86900 5
-86800 5
-86700 3
-86600 7
-86500 1
-86400 6
-86300 3
-86200 6
-86100 3
-86000 8
-85900 9
-85800 2
-85700 2
-85600 5
-85500 3
-85400 2
-85300 6
-85200 5
-85100 2
-85000 4
-84900 6
-84800 5
-84700 6
-84600 4
-84500 0
-84400 4
-84300 3
-84200 6
-84100 3
-84000 5
-83900 2
-83800 2
-83700 3
-83600 3
-83500 5
-83400 6
-83300 4
-83200 6
-83100 2
-83000 3
-82900 1
-82800 4
-82700 8
-82600 2
-82500 10
-82400 12
-82300 11
-82200 37
-82100 335
-82000 3142
-81900 9964
-81800 8844
-81700 2003
-81600 150
-81500 17
-81400 11
-81300 6
-81200 4
-81100 8
-81000 2
-80900 3
-80800 6
-80700 3
-80600 4
-80500 8
-80400 6
-80300 7
-80200 5
-80100 4
-80000 3
-79900 2
-79800 3
-79700 4
-79600 4
-79500 3
-79400 5
-79300 3
-79200 4
-79100 6
-79000 5
-78900 5
-78800 5
-78700 3
-78600 5
-78500 5
-78400 1
-78300 6
-78200 4
-78100 2
-78000 6
-77900 5
-77800 6
-77700 2
-77600 5
-77500 7
-77400 6
-77300 6
-77200 7
-77100 15
-77000 48
-76900 33
-76800 6
-76700 5
-76600 5
-76500 3
-76400 3
-76300 8
-76200 5
-76100 7
-76000 5
-75900 4
-75800 4
-75700 3
-75600 4
-75500 3
-75400 4
-75300 4
-75200 3
-75100 6
-75000 1
-74900 5
-74800 2
-74700 1
-74600 3
-74500 5
-74400 7
-74300 6
-74200 2
-74100 2
-74000 6
-73900 8
-73800 5
-73700 6
-73600 5
-73500 1
-73400 0
-73300 6
-73200 7
-73100 5
-73000 12
-72900 6
-72800 6
-72700 4
-72600 6
-72500 5
-72400 4
-72300 5
-72200 9
-72100 6
-72000 8
-71900 6
-71800 5
-71700 1
-71600 3
-71500 10
-71400 3
-71300 3
-71200 4
-71100 6
-71000 5
-70900 2
-70800 5
-70700 2
-70600 8
-70500 7
-70400 7
-70300 3
-70200 3
-70100 2
-70000 5
-69900 4
-69800 7
-69700 7
-69600 5
-69500 3
-69400 10
-69300 11
-69200 10
-69100 24
-69000 318
-68900 2805
-68800 9796
-68700 9054
-68600 2276
-68500 209
-68400 23
-68300 12
-68200 10
-68100 9
-68000 4
-67900 3
-67800 6
-67700 5
-67600 2
-67500 3
-67400 3
-67300 4
-67200 4
-67100 3
-67000 3
-66900 0
-66800 2
-66700 3
-66600 5
-66500 4
-66400 7
-66300 2
-66200 5
-66100 2
-66000 7
-65900 4
-65800 4
-65700 4
-65600 3
-65500 6
-65400 5
-65300 3
-65200 3
-65100 6
-65000 2
-64900 3
-64800 4
-64700 3
-64600 3
-64500 6
-64400 4
-64300 6
-64200 7
-64100 8
-64000 18
-63900 53
-63800 37
-63700 19
-63600 4
-63500 4
-63400 5
-63300 2
-63200 4
-63100 5
-63000 6
-62900 2
-62800 7
-62700 4
-62600 5
-62500 4
-62400 7
-62300 5
-62200 1
-62100 3
-62000 2
-61900 4
-61800 5
-61700 0
-61600 5
-61500 6
-61400 8
-61300 4
-61200 5
-61100 5
-61000 5
-60900 4
-60800 8
-60700 2
-60600 6
-60500 5
-60400 6
-60300 3
-60200 2
-60100 9
-60000 2
-59900 5
-59800 4
-59700 4
-59600 6
-59500 3
-59400 1
-59300 4
-59200 3
-59100 5
-59000 5
-58900 5
-58800 6
-58700 1
-58600 2
-58500 2
-58400 7
-58300 6
-58200 5
-58100 3
-58000 2
-57900 3
-57800 3
-57700 7
-57600 4
-57500 5
-57400 2
-57300 4
-57200 6
-57100 2
-57000 7
-56900 3
-56800 7
-56700 6
-56600 3
-56500 7
-56400 8
-56300 8
-56200 8
-56100 13
-56000 23
-55900 160
-55800 1736
-55700 8014
-55600 10263
-55500 3715
-55400 421
-55300 36
-55200 17
-55100 12
-55000 7
-54900 7
-54800 2
-54700 7
-54600 5
-54500 3
-54400 3
-54300 3
-54200 4
-54100 4
-54000 9
-53900 5
-53800 2
-53700 4
-53600 5
-53500 5
-53400 3
-53300 5
-53200 5
-53100 5
-53000 4
-52900 3
-52800 4
-52700 5
-52600 7
-52500 5
-52400 4
-52300 4
-52200 2
-52100 6
-52000 3
-51900 4
-51800 5
-51700 2
-51600 6
-51500 4
-51400 5
-51300 1
-51200 3
-51100 10
-51000 4
-50900 10
-50800 43
-50700 57
-50600 30
-50500 6
-50400 7
-50300 6
-50200 4
-50100 5
-50000 4
-49900 1
-49800 4
-49700 8
-49600 4
-49500 4
-49400 6
-49300 4
-49200 1
-49100 4
-49000 5
-48900 3
-48800 6
-48700 6
-48600 9
-48500 5
-48400 6
-48300 4
-48200 7
-48100 7
-48000 8
-47900 5
-47800 7
-47700 7
-47600 6
-47500 6
-47400 5
-47300 9
-47200 3
-47100 3
-47000 4
-46900 5
-46800 4
-46700 4
-46600 3
-46500 4
-46400 1
-46300 4
-46200 4
-46100 7
-46000 4
-45900 1
-45800 6
-45700 2
-45600 2
-45500 3
-45400 3
-45300 1
-45200 6
-45100 4
-45000 8
-44900 8
-44800 7
-44700 6
-44600 1
-44500 1
-44400 6
-44300 5
-44200 5
-44100 7
-44000 5
-43900 2
-43800 4
-43700 3
-43600 4
-43500 1
-43400 3
-43300 4
-43200 10
-43100 8
-43000 14
-42900 31
-42800 70
-42700 444
-42600 3616
-42500 10685
-42400 7899
-42300 1610
-42200 132
-42100 22
-42000 9
-41900 12
-41800 4
-41700 7
-41600 2
-41500 3
-41400 6
-41300 3
-41200 4
-41100 1
-41000 6
-40900 8
-40800 13
-40700 4
-40600 5
-40500 5
-40400 4
-40300 2
-40200 4
-40100 7
-40000 4
-39900 3
-39800 3
-39700 4
-39600 4
-39500 2
-39400 5
-39300 3
-39200 6
-39100 6
-39000 3
-38900 4
-38800 6
-38700 6
-38600 7
-38500 5
-38400 3
-38300 5
-38200 2
-38100 6
-38000 3
-37900 3
-37800 6
-37700 24
-37600 43
-37500 30
-37400 3
-37300 5
-37200 7
-37100 3
-37000 5
-36900 6
-36800 6
-36700 12
-36600 0
-36500 3
-36400 7
-36300 6
-36200 7
-36100 4
-36000 3
-35900 4
-35800 7
-35700 5
-35600 9
-35500 5
-35400 6
-35300 3
-35200 4
-35100 3
-35000 8
-34900 5
-34800 6
-34700 4
-34600 4
-34500 3
-34400 8
-34300 5
-34200 5
-34100 3
-34000 3
-33900 6
-33800 6
-33700 4
-33600 4
-33500 8
-33400 5
-33300 2
-33200 3
-33100 5
-33000 8
-32900 3
-32800 3
-32700 2
-32600 6
-32500 9
-32400 1
-32300 5
-32200 3
-32100 4
-32000 6
-31900 3
-31800 7
-31700 1
-31600 1
-31500 5
-31400 6
-31300 2
-31200 3
-31100 3
-31000 7
-30900 6
-30800 7
-30700 1
-30600 8
-30500 7
-30400 4
-30300 4
-30200 2
-30100 4
-30000 21
-29900 33
-29800 62
-29700 62
-29600 188
-29500 1852
-29400 8366
-29300 10109
-29200 3209
-29100 305
-29000 33
-28900 23
-28800 16
-28700 12
-28600 2
-28500 6
-28400 3
-28300 7
-28200 1
-28100 1
-28000 4
-27900 2
-27800 7
-27700 4
-27600 3
-27500 2
-27400 7
-27300 2
-27200 4
-27100 3
-27000 8
-26900 4
-26800 6
-26700 3
-26600 4
-26500 2
-26400 0
-26300 5
-26200 8
-26100 4
-26000 3
-25900 9
-25800 4
-25700 1
-25600 6
-25500 0
-25400 4
-25300 6
-25200 2
-25100 10
-25000 5
-24900 6
-24800 1
-24700 5
-24600 18
-24500 39
-24400 38
-24300 7
-24200 8
-24100 3
-24000 1
-23900 8
-23800 3
-23700 4
-23600 1
-23500 3
-23400 7
-23300 5
-23200 4
-23100 3
-23000 4
-22900 6
-22800 4
-22700 7
-22600 3
-22500 1
-22400 2
-22300 6
-22200 5
-22100 3
-22000 5
-21900 6
-21800 3
-21700 4
-21600 1
-21500 3
-21400 4
-21300 5
-21200 3
-21100 4
-21000 1
-20900 0
-20800 10
-20700 6
-20600 2
-20500 9
-20400 4
-20300 3
-20200 5
-20100 4
-20000 3
-19900 3
-19800 3
-19700 3
-19600 6
-19500 5
-19400 7
-19300 2
-19200 8
-19100 5
-19000 3
-18900 3
-18800 4
-18700 3
-18600 6
-18500 3
-18400 5
-18300 7
-18200 2
-18100 3
-18000 7
-17900 5
-17800 6
-17700 6
-17600 6
-17500 6
-17400 5
-17300 3
-17200 4
-17100 7
-17000 3
-16900 6
-16800 7
-16700 17
-16600 21
-16500 317
-16400 2915
-16300 9420
-16200 8780
-16100 2433
-16000 221
-15900 27
-15800 18
-15700 15
-15600 9
-15500 6
-15400 2
-15300 3
-15200 4
-15100 3
-15000 6
-14900 6
-14800 5
-14700 2
-14600 2
-14500 6
-14400 7
-14300 8
-14200 4
-14100 2
-14000 1
-13900 4
-13800 5
-13700 4
-13600 3
-13500 7
-13400 3
-13300 1
-13200 5
-13100 9
-13000 5
-12900 10
-12800 2
-12700 3
-12600 1
-12500 3
-12400 6
-12300 3
-12200 1
-12100 3
-12000 3
-11900 4
-11800 3
-11700 2
-11600 0
-11500 16
-11400 55
-11300 44
-11200 13
-11100 5
-11000 4
-10900 5
-10800 4
-10700 2
-10600 4
-10500 1
-10400 5
-10300 7
-10200 0
-10100 3
-10000 6
-9900 7
-9800 4
-9700 5
-9600 4
-9500 2
-9400 3
-9300 2
-9200 8
-9100 4
-9000 6
-8900 2
-8800 3
-8700 4
-8600 4
-8500 3
-8400 5
-8300 5
-8200 6
-8100 2
-8000 3
-7900 8
-7800 2
-7700 5
-7600 4
-7500 6
-7400 5
-7300 4
-7200 8
-7100 6
-7000 5
-6900 4
-6800 3
-6700 1
-6600 4
-6500 4
-6400 6
-6300 0
-6200 8
-6100 4
-6000 3
-5900 4
-5800 3
-5700 3
-5600 3
-5500 3
-5400 9
-5300 3
-5200 3
-5100 4
-5000 5
-4900 6
-4800 4
-4700 6
-4600 7
-4500 5
-4400 8
-4300 1
-4200 5
-4100 5
-4000 9
-3900 0
-3800 3
-3700 7
-3600 13
-3500 21
-3400 34
-3300 523
-3200 4049
-3100 10521
-3000 7256
-2900 1354
-2800 95
-2700 17
-2600 15
-2500 13
-2400 8
-2300 6
-2200 3
-2100 4
-2000 1
-1900 6
-1800 3
-1700 5
-1600 4
-1500 4
-1400 6
-1300 5
-1200 5
-1100 3
-1000 1
-900 3
-800 4
-700 1
-600 5
-500 4
-400 5
-300 9
-200 2
-100 5
0 3
100 7
200 6
300 7
400 4
500 4
600 7
700 3
800 5
900 8
1000 2
1100 1
1200 5
1300 2
1400 4
1500 2
1600 11
1700 17
1800 44
1900 33
2000 7
2100 3
2200 8
2300 6
2400 9
2500 3
2600 6
2700 2
2800 7
2900 4
3000 1
3100 3
3200 6
3300 2
3400 3
3500 4
3600 5
3700 4
3800 7
3900 7
4000 5
4100 2
4200 2
4300 3
4400 6
4500 1
4600 7
4700 2
4800 2
4900 6
5000 8
5100 4
5200 1
5300 7
5400 5
5500 8
5600 5
5700 3
5800 4
5900 5
6000 7
6100 6
6200 2
6300 4
6400 3
6500 5
6600 5
6700 8
6800 4
6900 4
7000 3
7100 3
7200 2
7300 2
7400 4
7500 6
7600 4
7700 1
7800 4
7900 9
8000 1
8100 1
8200 4
8300 6
8400 4
8500 5
8600 4
8700 1
8800 3
8900 5
9000 3
9100 4
9200 7
9300 6
9400 10
9500 37
9600 55
9700 114
9800 609
9900 7473
10000 44264
10100 77178
10200 37011
10300 5399
10400 365
10500 76
10600 89
10700 36
10800 17
10900 6
11000 6
11100 4
11200 4
11300 7
11400 4
11500 2
11600 7
11700 5
11800 3
11900 8
12000 2
12100 8
12200 4
12300 7
12400 2
12500 1
12600 6
12700 8
12800 9
12900 3
13000 7
13100 4
13200 6
13300 6
13400 7
13500 2
13600 6
13700 2
13800 3
13900 6
14000 5
14100 5
14200 4
14300 5
14400 5
14500 4
14600 8
14700 2
14800 6
14900 25
15000 40
15100 31
15200 8
15300 9
15400 5
15500 5
15600 6
15700 10
15800 8
15900 3
16000 4
16100 2
16200 3
16300 3
16400 4
16500 2
16600 1
16700 2
16800 2
16900 4
17000 4
17100 4
17200 3
17300 3
17400 2
17500 3
17600 5
17700 7
17800 4
17900 2
18000 11
18100 5
18200 4
18300 8
18400 3
18500 5
18600 4
18700 4
18800 3
18900 2
19000 2
19100 6
19200 3
19300 3
19400 4
19500 7
19600 3
19700 4
19800 9
19900 7
20000 5
20100 2
20200 2
20300 2
20400 6
20500 6
20600 4
20700 5
20800 4
20900 0
21000 4
21100 6
21200 4
21300 2
21400 7
21500 6
21600 6
21700 6
21800 4
21900 5
22000 5
22100 1
22200 2
22300 3
22400 6
22500 3
22600 3
22700 12
22800 20
22900 56
23000 436
23100 3866
23200 10381
23300 7710
23400 1599
23500 121
23600 26
23700 16
23800 6
23900 5
24000 4
24100 4
24200 6
24300 5
24400 3
24500 7
24600 6
24700 8
24800 8
24900 9
25000 5
25100 6
25200 5
25300 8
25400 3
25500 3
25600 3
25700 3
25800 7
25900 3
26000 7
26100 8
26200 3
26300 6
26400 4
26500 6
26600 0
26700 9
26800 3
26900 3
27000 5
27100 3
27200 4
27300 7
27400 1
27500 8
27600 3
27700 3
27800 4
27900 11
28000 25
28100 56
28200 23
28300 9
28400 4
28500 6
28600 5
28700 2
28800 2
28900 2
29000 7
29100 2
29200 5
29300 4
29400 5
29500 7
29600 2
29700 5
29800 7
29900 6
30000 6
30100 1
30200 7
30300 5
30400 6
30500 3
30600 5
30700 4
30800 5
30900 2
31000 3
31100 6
31200 3
31300 6
31400 6
31500 8
31600 5
31700 2
31800 7
31900 6
32000 4
32100 4
32200 3
32300 7
32400 4
32500 5
32600 2
32700 4
32800 5
32900 6
33000 6
33100 3
33200 4
33300 4
33400 3
33500 4
33600 4
33700 0
33800 6
33900 4
34000 6
34100 3
34200 2
34300 3
34400 2
34500 6
34600 6
34700 7
34800 6
34900 5
35000 5
35100 9
35200 4
35300 3
35400 5
35500 1
35600 7
35700 7
35800 12
35900 7
36000 43
36100 528
36200 4625
36300 10652
36400 7011
36500 1248
36600 85
36700 19
36800 21
36900 12
37000 7
37100 5
37200 1
37300 6
37400 2
37500 4
37600 6
37700 1
37800 9
37900 5
38000 11
38100 4
38200 6
38300 8
38400 9
38500 7
38600 3
38700 6
38800 7
38900 3
39000 2
39100 4
39200 2
39300 6
39400 1
39500 3
39600 4
39700 4
39800 2
39900 4
40000 6
40100 3
40200 2
40300 2
40400 1
40500 4
40600 4
40700 2
40800 2
40900 10
41000 6
41100 29
41200 50
41300 20
41400 8
41500 4
41600 2
41700 1
41800 2
41900 4
42000 3
42100 3
42200 4
42300 6
42400 4
42500 5
42600 5
42700 3
42800 7
42900 1
43000 10
43100 9
43200 5
43300 4
43400 4
43500 6
43600 2
43700 3
43800 4
43900 4
44000 7
44100 4
44200 4
44300 3
44400 7
44500 3
44600 4
44700 2
44800 3
44900 4
45000 5
45100 3
45200 4
45300 9
45400 4
45500 4
45600 7
45700 6
45800 8
45900 5
46000 1
46100 6
46200 6
46300 3
46400 5
46500 3
46600 7
46700 6
46800 5
46900 8
47000 2
47100 2
47200 4
47300 3
47400 4
47500 5
47600 4
47700 4
47800 10
47900 6
48000 4
48100 5
48200 6
48300 6
48400 5
48500 5
48600 2
48700 5
48800 8
48900 14
49000 15
49100 15
49200 148
49300 1620
49400 7821
49500 10355
49600 3700
49700 344
49800 58
49900 74
50000 64
50100 36
50200 11
50300 6
50400 3
50500 0
50600 4
50700 3
50800 4
50900 4
51000 4
51100 9
51200 7
51300 6
51400 4
51500 5
51600 7
51700 4
51800 6
51900 2
52000 5
52100 6
52200 3
52300 2
52400 7
52500 4
52600 5
52700 5
52800 3
52900 3
53000 4
53100 5
53200 2
53300 2
53400 3
53500 5
53600 5
53700 5
53800 2
53900 6
54000 4
54100 10
54200 59
54300 289
54400 305
54500 97
54600 17
54700 13
54800 9
54900 3
55000 6
55100 4
55200 11
55300 2
55400 3
55500 2
55600 4
55700 1
55800 7
55900 4
56000 3
56100 5
56200 6
56300 3
56400 2
56500 3
56600 5
56700 4
56800 7
56900 6
57000 4
57100 3
57200 6
57300 11
57400 1
57500 3
57600 6
57700 2
57800 4
57900 3
58000 3
58100 5
58200 5
58300 6
58400 6
58500 3
58600 6
58700 9
58800 3
58900 9
59000 7
59100 4
59200 7
59300 4
59400 6
59500 1
59600 5
59700 3
59800 5
59900 4
60000 1
60100 2
60200 4
60300 6
60400 6
60500 1
60600 5
60700 6
60800 2
60900 7
61000 4
61100 3
61200 2
61300 6
61400 2
61500 6
61600 5
61700 5
61800 4
61900 6
62000 7
62100 10
62200 18
62300 45
62400 561
62500 4308
62600 10668
62700 7253
62800 1404
62900 182
63000 48
63100 13
63200 13
63300 8
63400 8
63500 4
63600 6
63700 4
63800 8
63900 6
64000 5
64100 5
64200 6
64300 4
64400 6
64500 2
64600 5
64700 4
64800 3
64900 12
65000 3
65100 5
65200 6
65300 6
65400 7
65500 4
65600 1
65700 4
65800 11
65900 5
66000 5
66100 4
66200 9
66300 5
66400 7
66500 4
66600 7
66700 6
66800 2
66900 4
67000 3
67100 2
67200 7
67300 5
67400 34
67500 52
67600 38
67700 10
67800 7
67900 9
68000 8
68100 1
68200 5
68300 3
68400 4
68500 2
68600 5
68700 4
68800 3
68900 5
69000 2
69100 4
69200 7
69300 1
69400 5
69500 2
69600 8
69700 4
69800 5
69900 8
70000 6
70100 1
70200 3
70300 3
70400 3
70500 4
70600 4
70700 4
70800 3
70900 5
71000 5
71100 7
71200 6
71300 4
71400 0
71500 2
71600 5
71700 1
71800 9
71900 2
72000 3
72100 3
72200 4
72300 6
72400 4
72500 5
72600 3
72700 7
72800 3
72900 5
73000 5
73100 5
73200 6
73300 4
73400 1
73500 4
73600 5
73700 3
73800 6
73900 3
74000 6
74100 9
74200 10
74300 9
74400 5
74500 4
74600 3
74700 2
74800 4
74900 2
75000 4
75100 5
75200 14
75300 15
75400 50
75500 395
75600 3418
75700 10198
75800 8305
75900 1843
76000 166
76100 22
76200 21
76300 21
76400 8
76500 7
76600 6
76700 6
76800 2
76900 5
77000 7
77100 4
77200 6
77300 7
77400 6
77500 4
77600 2
77700 9
77800 3
77900 1
78000 3
78100 3
78200 6
78300 6
78400 5
78500 3
78600 1
78700 8
78800 8
78900 3
79000 5
79100 4
79200 5
79300 9
79400 3
79500 5
79600 6
79700 7
79800 3
79900 4
80000 6
80100 7
80200 3
80300 6
80400 4
80500 21
80600 46
80700 24
80800 9
80900 6
81000 9
81100 4
81200 4
81300 7
81400 3
81500 5
81600 6
81700 2
81800 3
81900 7
82000 4
82100 1
82200 2
82300 5
82400 0
82500 0
82600 5
82700 2
82800 10
82900 7
83000 6
83100 6
83200 5
83300 3
83400 7
83500 6
83600 4
83700 7
83800 4
83900 2
84000 2
84100 6
84200 3
84300 4
84400 6
84500 3
84600 4
84700 2
84800 1
84900 5
85000 5
85100 3
85200 5
85300 7
85400 5
85500 5
85600 5
85700 4
85800 4
85900 5
86000 4
86100 8
86200 2
86300 3
86400 3
86500 3
86600 2
86700 5
86800 5
86900 4
87000 5
87100 3
87200 7
87300 6
87400 7
87500 5
87600 3
87700 0
87800 5
87900 5
88000 3
88100 2
88200 8
88300 13
88400 17
88500 32
88600 187
88700 2159
88800 8621
88900 9982
89000 3124
89100 302
89200 28
89300 14
89400 7
89500 6
89600 3
89700 5
89800 1
89900 4
90000 5
90100 4
90200 0
90300 4
90400 4
90500 6
90600 6
90700 5
90800 1
90900 2
91000 1
91100 6
91200 3
91300 4
91400 8
91500 4
91600 2
91700 7
91800 0
91900 3
92000 3
92100 5
92200 3
92300 3
92400 3
92500 5
92600 5
92700 4
92800 2
92900 5
93000 2
93100 8
93200 3
93300 5
93400 6
93500 5
93600 15
93700 41
93800 48
93900 17
94000 3
94100 4
94200 3
94300 4
94400 4
94500 3
94600 3
94700 7
94800 4
94900 5
95000 8
95100 4
95200 3
95300 6
95400 3
95500 2
95600 2
95700 5
95800 6
95900 3
96000 5
96100 3
96200 3
96300 3
96400 4
96500 4
96600 1
96700 7
96800 2
96900 2
97000 5
97100 4
97200 6
97300 5
97400 3
97500 5
97600 5
97700 7
97800 3
97900 4
98000 4
98100 4
98200 9
98300 9
98400 8
98500 3
98600 12
98700 14
98800 2
98900 4
99000 5
99100 6
99200 3
99300 3
99400 2
99500 5
99600 2
99700 4
99800 3
99900 10
100000 4
100100 6
100200 3
100300 10
100400 6
100500 2
100600 5
100700 4
100800 6
100900 5
101000 4
101100 3
101200 6
101300 4
101400 11
101500 15
101600 15
101700 55
101800 648
101900 4873
102000 10947
102100 6495
102200 1107
102300 85
102400 15
102500 14
102600 11
102700 9
102800 0
102900 2
103000 3
103100 5
103200 8
103300 2
103400 8
103500 6
103600 9
103700 3
103800 5
103900 3
104000 6
104100 3
104200 5
104300 5
104400 4
104500 5
104600 3
104700 2
104800 1
104900 3
105000 7
105100 0
105200 1
105300 4
105400 5
105500 5
105600 3
105700 5
105800 3
105900 4
106000 7
106100 3
106200 6
106300 1
106400 5
106500 5
106600 5
106700 7
106800 24
106900 47
107000 23
107100 9
107200 0
107300 3
107400 3
107500 7
107600 2
107700 5
107800 2
107900 3
108000 1
108100 1
108200 2
108300 5
108400 3
108500 3
108600 2
108700 5
108800 9
108900 6
109000 5
109100 5
109200 3
109300 4
109400 3
109500 3
109600 0
109700 1
109800 2
109900 1
110000 7
110100 4
110200 4
110300 5
110400 4
110500 5
110600 1
110700 1
110800 3
110900 5
111000 6
111100 7
111200 5
111300 7
111400 6
111500 6
111600 4
111700 1
111800 7
111900 7
112000 3
112100 4
112200 4
112300 2
112400 5
112500 3
112600 4
112700 4
112800 7
112900 3
113000 1
113100 5
113200 2
113300 4
113400 4
113500 7
113600 7
113700 8
113800 4
113900 3
114000 9
114100 6
114200 1
114300 5
114400 6
114500 7
114600 12
114700 15
114800 32
114900 274
115000 2950
115100 9758
115200 8839
115300 2207
115400 218
115500 21
115600 15
115700 11
115800 2
115900 5
116000 4
116100 5
116200 7
116300 4
116400 4
116500 4
116600 6
116700 8
116800 9
116900 5
117000 2
117100 2
117200 4
117300 9
117400 6
117500 4
117600 10
117700 4
117800 4
117900 5
118000 6
118100 9
118200 2
118300 9
118400 0
118500 6
118600 7
118700 7
118800 3
118900 3
119000 2
119100 4
119200 6
119300 4
119400 3
119500 1
119600 2
119700 6
119800 2
119900 18
120000 44
120100 29
120200 12
120300 8
120400 3
120500 8
120600 3
120700 4
120800 2
120900 2
121000 5
121100 5
121200 4
121300 4
121400 4
121500 4
121600 1
121700 8
121800 6
121900 6
122000 3
122100 3
122200 1
122300 2
122400 3
122500 3
122600 4
122700 5
122800 1
122900 7
123000 4
123100 5
123200 3
123300 1
123400 3
123500 7
123600 3
123700 4
123800 3
123900 3
124000 2
124100 3
124200 4
124300 8
124400 4
124500 8
124600 2
124700 4
124800 4
124900 7
125000 3
125100 6
125200 6
125300 4
125400 4
125500 2
125600 3
125700 2
125800 4
125900 6
126000 7
126100 5
126200 2
126300 2
126400 4
126500 5
126600 2
126700 10
126800 7
126900 5
127000 5
127100 1
127200 4
127300 1
127400 6
127500 3
127600 6
127700 8
127800 23
127900 21
128000 116
128100 1535
128200 7602
128300 10545
128400 3967
128500 426
128600 35
128700 19
128800 7
128900 7
129000 6
129100 6
129200 4
129300 6
129400 3
129500 5
129600 6
129700 3
129800 8
129900 3
130000 2
130100 4
130200 7
130300 5
130400 1
130500 9
130600 5
130700 4
130800 10
130900 2
131000 6
131100 5
131200 4
131300 6
131400 5
131500 5
131600 5
131700 6
131800 3
131900 1
132000 5
132100 2
132200 3
132300 4
132400 2
132500 4
132600 3
132700 7
132800 6
132900 8
133000 11
133100 45
133200 55
133300 11
133400 7
133500 3
133600 6
133700 2
133800 6
133900 5
134000 2
134100 1
134200 0
134300 3
134400 2
134500 4
134600 2
134700 4
134800 2
134900 4
135000 3
135100 4
135200 4
135300 2
135400 3
135500 2
135600 4
135700 3
135800 4
135900 2
136000 3
136100 3
136200 9
136300 1
136400 2
136500 7
136600 6
136700 4
136800 4
136900 5
137000 1
137100 6
137200 0
137300 10
137400 4
137500 8
137600 4
137700 6
137800 3
137900 2
138000 0
138100 5
138200 5
138300 5
138400 6
138500 6
138600 4
138700 6
138800 5
138900 1
139000 4
139100 3
139200 3
139300 2
139400 6
139500 2
139600 9
139700 2
139800 2
139900 9
140000 6
140100 7
140200 3
140300 5
140400 4
140500 6
140600 1
140700 3
140800 10
140900 15
141000 18
141100 53
141200 660
141300 4861
141400 10845
141500 6645
141600 1184
141700 101
141800 14
141900 25
142000 9
142100 6
142200 10
142300 7
142400 7
142500 9
142600 1
142700 6
142800 5
142900 8
143000 4
143100 7
143200 1
143300 4
143400 4
143500 6
143600 2
143700 5
143800 4
143900 4
144000 5
144100 6
144200 4
144300 2
144400 5
144500 4
144600 2
144700 2
144800 2
144900 3
145000 6
145100 7
145200 3
145300 6
145400 5
145500 5
145600 8
145700 5
145800 2
145900 2
146000 11
146100 5
146200 33
146300 54
146400 34
146500 7
146600 5
146700 4
146800 5
146900 4
147000 6
147100 4
147200 8
147300 7
147400 8
147500 5
147600 2
147700 5
147800 5
147900 5
148000 3
148100 3
148200 5
148300 2
148400 4
148500 3
148600 5
148700 1
148800 5
148900 9
149000 0
149100 5
149200 3
149300 4
149400 4
149500 2
149600 5
149700 6
149800 5
149900 10
150000 6
150100 6
150200 9
150300 3
150400 4
150500 3
150600 5
150700 10
150800 4
150900 11
151000 2
151100 7
151200 8
151300 9
151400 2
151500 3
151600 4
151700 3
151800 3
151900 3
152000 3
152100 3
152200 2
152300 6
152400 2
152500 4
152600 2
152700 3
152800 5
152900 8
153000 3
153100 7
153200 4
153300 3
153400 4
153500 4
153600 3
153700 3
153800 5
153900 7
154000 11
154100 18
154200 27
154300 245
154400 2364
154500 9110
154600 9271
154700 2704
154800 258
154900 26
155000 13
155100 10
155200 13
155300 7
155400 4
155500 5
155600 3
155700 3
155800 0
155900 2
156000 3
156100 4
156200 9
156300 5
156400 5
156500 3
156600 4
156700 3
156800 2
156900 2
157000 4
157100 2
157200 5
157300 10
157400 6
157500 2
157600 2
157700 9
157800 6
157900 5
158000 4
158100 7
158200 9
158300 4
158400 4
158500 4
158600 2
158700 4
158800 1
158900 3
159000 4
159100 3
159200 7
159300 15
159400 52
159500 51
159600 8
159700 3
159800 4
159900 5
160000 3
160100 5
160200 5
160300 6
160400 5
160500 6
160600 2
160700 5
160800 2
160900 4
161000 1
161100 2
161200 5
161300 1
161400 5
161500 7
161600 5
161700 3
161800 3
161900 4
162000 4
162100 6
162200 7
162300 6
162400 8
162500 5
162600 6
162700 7
162800 3
162900 2
163000 7
163100 7
163200 4
163300 4
163400 7
163500 6
163600 2
163700 7
163800 5
163900 10
164000 8
164100 11
164200 2
164300 3
164400 7
164500 5
164600 4
164700 4
164800 4
164900 2
165000 5
165100 8
165200 3
165300 5
165400 2
165500 7
165600 2
165700 3
165800 3
165900 2
166000 2
166100 7
166200 6
166300 4
166400 4
166500 4
166600 4
166700 4
166800 6
166900 5
167000 3
167100 9
167200 10
167300 21
167400 112
167500 1197
167600 6815
167700 10735
167800 4679
167900 603
168000 43
168100 19
168200 11
168300 8
168400 8
168500 6
168600 2
168700 6
168800 5
168900 3
169000 1
169100 5
169200 7
169300 16
169400 8
169500 3
169600 4
169700 5
169800 6
169900 4
170000 4
170100 5
170200 3
170300 4
170400 6
170500 3
170600 4
170700 7
170800 5
170900 3
171000 5
171100 5
171200 5
171300 5
171400 6
171500 0
171600 1
171700 3
171800 5
171900 6
172000 8
172100 7
172200 4
172300 4
172400 8
172500 39
172600 55
172700 14
172800 9
172900 2
173000 3
173100 2
173200 7
173300 3
173400 5
173500 1
173600 1
173700 6
173800 3
173900 2
174000 5
174100 5
174200 6
174300 2
174400 9
174500 2
174600 3
174700 3
174800 10
174900 2
175000 6
175100 2
175200 3
175300 3
175400 9
175500 6
175600 4
175700 6
175800 7
175900 3
176000 2
176100 4
176200 4
176300 4
176400 3
176500 3
176600 5
176700 4
176800 1
176900 6
177000 5
177100 3
177200 6
177300 5
177400 4
177500 8
177600 4
177700 5
177800 3
177900 6
178000 5
178100 4
178200 7
178300 7
178400 3
178500 7
178600 3
178700 4
178800 6
178900 4
179000 5
179100 6
179200 3
179300 8
179400 6
179500 1
179600 6
179700 9
179800 11
179900 3
180000 9
180100 2
180200 7
180300 12
180400 20
180500 50
180600 516
180700 4273
180800 10438
180900 7338
181000 1463
181100 113
181200 16
181300 27
181400 9
181500 10
181600 5
181700 2
181800 3
181900 7
182000 6
182100 2
182200 6
182300 13
182400 24
182500 16
182600 6
182700 4
182800 7
182900 6
183000 3
183100 5
183200 3
183300 7
183400 4
183500 7
183600 4
183700 2
183800 3
183900 3
184000 5
184100 6
184200 5
184300 5
184400 1
184500 7
184600 2
184700 5
184800 7
184900 7
185000 2
185100 5
185200 7
185300 6
185400 4
185500 8
185600 26
185700 52
185800 28
185900 6
186000 4
186100 4
186200 7
186300 1
186400 4
186500 1
186600 6
186700 2
186800 3
186900 7
187000 7
187100 5
187200 6
187300 3
187400 12
187500 1
187600 2
187700 4
187800 3
187900 3
188000 2
188100 5
188200 4
188300 6
188400 5
188500 0
188600 7
188700 4
188800 5
188900 6
189000 4
189100 5
189200 7
189300 8
189400 3
189500 3
189600 2
189700 6
189800 3
189900 7
190000 4
190100 5
190200 3
190300 4
190400 2
190500 1
190600 11
190700 4
190800 9
190900 10
191000 3
191100 4
191200 6
191300 1
191400 5
191500 2
191600 7
191700 1
191800 6
191900 0
192000 6
192100 4
192200 6
192300 6
192400 7
192500 5
192600 1
192700 1
192800 5
192900 4
193000 6
193100 2
193200 5
193300 7
193400 6
193500 11
193600 35
193700 196
193800 2072
193900 8404
194000 10007
194100 3295
194200 376
194300 42
194400 25
194500 12
194600 11
194700 6
194800 1
194900 2
195000 6
195100 7
195200 3
195300 5
195400 3
195500 6
195600 11
195700 4
195800 4
195900 2
196000 2
196100 3
196200 4
196300 5
196400 3
196500 6
196600 3
196700 7
196800 5
196900 5
197000 7
197100 4
197200 5
197300 5
197400 3
197500 6
197600 2
197700 5
197800 1
197900 3
198000 1
198100 2
198200 2
198300 1
198400 1
198500 7
198600 1
198700 16
198800 42
198900 35
199000 16
199100 5
199200 2
199300 6
199400 9
199500 4
199600 0
199700 7
199800 4
199900 7
200000 4
200100 2
200200 6
200300 3
200400 5
200500 4
200600 3
200700 1
200800 2
200900 5
201000 6
201100 4
201200 4
201300 5
201400 4
201500 6
201600 0
201700 4
201800 4
201900 8
202000 8
202100 4
202200 5
202300 2
202400 4
202500 5
202600 2
202700 8
202800 4
202900 7
203000 6
203100 7
203200 2
203300 3
203400 7
203500 5
203600 4
203700 5
203800 4
203900 3
204000 5
204100 2
204200 3
204300 6
204400 7
204500 2
204600 2
204700 6
204800 5
204900 4
205000 6
205100 5
205200 2
205300 4
205400 5
205500 7
205600 7
205700 6
205800 8
205900 2
206000 4
206100 4
206200 6
206300 3
206400 6
206500 7
206600 15
206700 20
206800 111
206900 1123
207000 6493
207100 10646
207200 5204
207300 712
207400 65
207500 24
207600 21
207700 9
207800 7
207900 3
208000 8
208100 3
208200 3
208300 6
208400 5
208500 10
208600 6
208700 6
208800 7
208900 2
209000 3
209100 5
209200 6
209300 5
209400 4
209500 7
209600 5
209700 4
209800 3
209900 5
210000 6
210100 6
210200 3
210300 1
210400 3
210500 6
210600 5
210700 8
210800 1
210900 2
211000 5
211100 4
211200 7
211300 1
211400 4
211500 4
211600 3
211700 1
211800 20
211900 39
212000 54
212100 16
212200 7
212300 4
212400 11
212500 5
212600 1
212700 5
212800 8
212900 7
213000 3
213100 10
213200 2
213300 1
213400 5
213500 6
213600 4
213700 7
213800 5
213900 4
214000 4
214100 5
214200 4
214300 2
214400 6
214500 5
214600 3
214700 1
214800 5
214900 2
215000 3
215100 4
215200 1
215300 5
215400 3
215500 4
215600 2
215700 4
215800 4
215900 6
216000 6
216100 5
216200 3
216300 1
216400 6
216500 4
216600 3
216700 6
216800 6
216900 4
217000 7
217100 2
217200 9
217300 3
217400 2
217500 3
217600 8
217700 6
217800 4
217900 5
218000 5
218100 4
218200 4
218300 8
218400 5
218500 7
218600 9
218700 11
218800 2
218900 2
219000 4
219100 4
219200 7
219300 6
219400 8
219500 5
219600 11
219700 8
219800 24
219900 39
220000 474
220100 3910
220200 10144
220300 7646
220400 1699
220500 152
220600 27
220700 12
220800 7
220900 7
221000 7
221100 2
221200 3
221300 6
221400 5
221500 4
221600 8
221700 2
221800 2
221900 5
222000 8
222100 5
222200 4
222300 8
222400 3
222500 6
222600 4
222700 3
222800 4
222900 5
223000 6
223100 4
223200 4
223300 4
223400 6
223500 4
223600 3
223700 4
223800 2
223900 5
224000 0
224100 4
224200 7
224300 3
224400 1
224500 4
224600 6
224700 10
224800 6
224900 8
225000 25
225100 41
225200 32
225300 8
225400 7
225500 1
225600 3
225700 4
225800 5
225900 8
226000 2
226100 5
226200 3
226300 1
226400 5
226500 2
226600 2
226700 2
226800 5
226900 3
227000 2
227100 3
227200 10
227300 7
227400 2
227500 7
227600 3
227700 5
227800 2
227900 1
228000 2
228100 7
228200 6
228300 3
228400 5
228500 3
228600 5
228700 3
228800 9
228900 6
229000 6
229100 2
229200 6
229300 8
229400 3
229500 4
229600 2
229700 7
229800 3
229900 3
230000 6
230100 3
230200 1
230300 1
230400 6
230500 4
230600 1
230700 5
230800 3
230900 8
231000 6
231100 1
231200 3
231300 1
231400 1
231500 0
231600 6
231700 13
231800 10
231900 9
232000 5
232100 5
232200 4
232300 4
232400 3
232500 2
232600 3
232700 8
232800 8
232900 15
233000 24
233100 293
233200 2778
233300 9310
233400 8929
233500 2672
233600 268
233700 21
233800 12
233900 15
234000 12
234100 5
234200 5
234300 2
234400 5
234500 6
234600 5
234700 4
234800 8
234900 3
235000 3
235100 5
235200 3
235300 9
235400 1
235500 4
235600 3
235700 4
235800 1
235900 0
236000 6
236100 5
236200 1
236300 5
236400 5
236500 8
236600 5
236700 3
236800 3
236900 6
237000 5
237100 6
237200 6
237300 2
237400 6
237500 2
237600 5
237700 3
237800 9
237900 4
238000 8
238100 10
238200 57
238300 39
238400 14
238500 7
238600 5
238700 4
238800 6
238900 6
239000 7
239100 2
239200 3
239300 2
239400 1
239500 5
239600 6
239700 1
239800 3
239900 4
240000 3
240100 2
240200 8
240300 5
240400 4
240500 6
240600 3
240700 4
240800 3
240900 6
241000 2
241100 3
241200 4
241300 1
241400 4
241500 7
241600 5
241700 9
241800 5
241900 6
242000 6
242100 2
242200 5
242300 3
242400 4
242500 6
242600 3
242700 2
242800 1
242900 5
243000 6
243100 2
243200 4
243300 5
243400 4
243500 4
243600 5
243700 1
243800 4
243900 6
244000 4
244100 5
244200 2
244300 1
244400 2
244500 3
244600 5
244700 3
244800 6
244900 12
245000 8
245100 7
245200 4
245300 4
245400 3
245500 7
245600 3
245700 1
245800 9
245900 12
246000 16
246100 20
246200 111
246300 1215
246400 6334
246500 10403
246600 5201
246700 816
246800 65
246900 13
247000 22
247100 12
247200 3
247300 4
247400 3
247500 8
247600 4
247700 4
247800 4
247900 2
248000 6
248100 9
248200 5
248300 4
248400 6
248500 4
248600 5
248700 2
248800 3
248900 7
249000 7
249100 4
249200 5
249300 4
249400 4
249500 5
249600 6
249700 7
249800 6
249900 5
250000 4
250100 1
250200 4
250300 5
250400 7
250500 5
250600 4
250700 7
250800 4
250900 2
251000 6
251100 4
251200 10
251300 31
251400 45
251500 17
251600 9
251700 11
251800 5
251900 0
252000 5
252100 6
252200 3
252300 7
252400 4
252500 4
252600 5
252700 4
252800 3
252900 3
253000 2
253100 1
253200 4
253300 3
253400 2
253500 6
253600 2
253700 6
253800 3
253900 2
254000 7
254100 6
254200 3
254300 3
254400 4
254500 3
254600 7
254700 4
254800 6
254900 7
255000 3
255100 4
255200 6
255300 5
255400 5
255500 5
255600 6
255700 5
255800 3
255900 5
256000 7
256100 8
256200 2
256300 8
256400 3
256500 2
256600 4
256700 5
256800 4
256900 5
257000 4
257100 2
257200 3
257300 2
257400 1
257500 4
257600 4
257700 3
257800 8
257900 8
258000 10
258100 6
258200 1
258300 6
258400 3
258500 7
258600 1
258700 5
258800 3
258900 6
259000 6
259100 9
259200 18
259300 66
259400 560
259500 4081
259600 10130
259700 7594
259800 1663
259900 120
260000 13
260100 9
260200 8
260300 7
260400 3
260500 4
260600 4
260700 8
260800 5
260900 6
261000 5
261100 4
261200 4
261300 6
261400 6
261500 4
261600 5
261700 2
261800 9
261900 8
262000 4
262100 5
262200 3
262300 2
262400 5
262500 4
262600 5
262700 2
262800 5
262900 6
263000 4
263100 3
263200 3
263300 10
263400 4
263500 5
263600 3
263700 3
263800 7
263900 7
264000 3
264100 2
264200 6
264300 5
264400 25
264500 53
264600 31
264700 9
264800 4
264900 3
265000 9
265100 3
265200 4
265300 7
265400 2
265500 3
265600 1
265700 4
265800 2
265900 4
266000 4
266100 5
266200 8
266300 13
266400 4
266500 6
266600 4
266700 5
266800 7
266900 4
267000 1
267100 5
267200 3
267300 2
267400 6
267500 5
267600 3
267700 6
267800 3
267900 7
268000 7
268100 4
268200 6
268300 6
268400 10
268500 4
268600 6
268700 4
268800 6
268900 2
269000 4
269100 7
269200 3
269300 1
269400 4
269500 2
269600 6
269700 2
269800 3
269900 5
270000 6
270100 6
270200 4
270300 5
270400 5
270500 7
270600 4
270700 6
270800 6
270900 3
271000 7
271100 5
271200 3
271300 6
271400 5
271500 5
271600 4
271700 6
271800 5
271900 2
272000 4
272100 10
272200 12
272300 13
272400 35
272500 270
272600 2444
272700 8626
272800 9330
272900 3025
273000 318
273100 25
273200 16
273300 15
273400 5
273500 4
273600 7
273700 9
273800 3
273900 4
274000 2
274100 6
274200 4
274300 6
274400 9
274500 2
274600 6
274700 2
274800 2
274900 5
275000 4
275100 4
275200 2
275300 3
275400 1
275500 4
275600 6
275700 5
275800 3
275900 3
276000 3
276100 5
276200 2
276300 5
276400 4
276500 1
276600 6
276700 4
276800 8
276900 6
277000 7
277100 6
277200 1
277300 3
277400 4
277500 20
277600 47
277700 38
277800 15
277900 8
278000 3
278100 4
278200 6
278300 3
278400 3
278500 5
278600 3
278700 4
278800 3
278900 3
279000 4
279100 5
279200 2
279300 2
279400 3
279500 3
279600 3
279700 5
279800 4
279900 8
280000 4
280100 3
280200 3
280300 3
280400 2
280500 3
280600 8
280700 4
280800 1
280900 0
281000 5
281100 1
281200 2
281300 4
281400 1
281500 4
281600 4
281700 2
281800 5
281900 5
282000 1
282100 1
282200 8
282300 8
282400 1
282500 5
282600 6
282700 2
282800 5
282900 2
283000 2
283100 3
283200 5
283300 3
283400 2
283500 10
283600 3
283700 2
283800 5
283900 3
284000 3
284100 3
284200 8
284300 10
284400 3
284500 4
284600 7
284700 2
284800 7
284900 5
285000 5
285100 4
285200 3
285300 1
285400 17
285500 11
285600 100
285700 1265
285800 6261
285900 10527
286000 5240
286100 848
286200 51
286300 18
286400 11
286500 9
286600 7
286700 4
286800 3
286900 2
287000 5
287100 5
287200 6
287300 2
287400 5
287500 7
287600 5
287700 2
287800 4
287900 3
288000 5
288100 2
288200 7
288300 4
288400 6
288500 4
288600 8
288700 6
288800 3
288900 3
289000 5
289100 9
289200 5
289300 3
289400 5
289500 5
289600 5
289700 6
289800 2
289900 4
290000 5
290100 5
290200 8
290300 7
290400 5
290500 4
290600 5
290700 34
290800 63
290900 23
291000 10
291100 4
291200 2
291300 5
291400 7
291500 5
291600 6
291700 9
291800 4
291900 7
292000 6
292100 7
292200 5
292300 7
292400 3
292500 0
292600 4
292700 6
292800 3
292900 7
293000 4
293100 5
293200 9
293300 3
293400 1
293500 5
293600 3
293700 7
293800 7
293900 4
294000 5
294100 2
294200 0
294300 3
294400 4
294500 1
294600 5
294700 5
294800 5
294900 6
295000 4
295100 4
295200 4
295300 8
295400 3
295500 5
295600 5
295700 5
295800 4
295900 11
296000 4
296100 4
296200 2
296300 8
296400 3
296500 3
296600 5
296700 2
296800 3
296900 2
297000 5
297100 7
297200 3
297300 5
297400 11
297500 6
297600 10
297700 9
297800 9
297900 2
298000 4
298100 3
298200 3
298300 6
298400 5
298500 6
298600 13
298700 37
298800 525
298900 3715
299000 9852
299100 7924
299200 1914
299300 198
299400 26
299500 15
299600 16
299700 7
299800 5
299900 9
300000 3
300100 2
300200 6
300300 4
300400 6
300500 3
300600 8
300700 12
300800 5
300900 2
301000 4
301100 7
301200 3
301300 4
301400 6
301500 2
301600 6
301700 1
301800 4
301900 4
302000 5
302100 5
302200 4
302300 5
302400 1
302500 10
302600 3
302700 8
302800 1
302900 4
303000 1
303100 7
303200 7
303300 3
303400 5
303500 2
303600 2
303700 5
303800 23
303900 64
304000 28
304100 17
304200 6
304300 4
304400 7
304500 5
304600 6
304700 4
304800 3
304900 6
305000 6
305100 4
305200 3
305300 3
305400 4
305500 7
305600 1
305700 5
305800 5
305900 4
306000 5
306100 6
306200 3
306300 2
306400 3
306500 3
306600 2
306700 4
306800 4
306900 3
307000 2
307100 9
307200 10
307300 4
307400 3
307500 5
307600 7
307700 2
307800 3
307900 7
308000 5
308100 2
308200 6
308300 1
308400 2
308500 3
308600 3
308700 2
308800 6
308900 7
309000 6
309100 5
309200 4
309300 9
309400 4
309500 8
309600 5
309700 3
309800 5
309900 1
