-290000 2
-289900 0
-289800 0
-289700 1
-289600 1
-289500 2
-289400 0
-289300 1
-289200 0
-289100 0
-289000 0
-288900 1
-288800 1
-288700 0
-288600 0
-288500 0
-288400 4
-288300 1
-288200 1
-288100 0
-288000 0
-287900 1
-287800 1
-287700 0
-287600 0
-287500 1
-287400 0
-287300 0
-287200 0
-287100 0
-287000 0
-286900 1
-286800 1
-286700 0
-286600 0
-286500 0
-286400 0
-286300 0
-286200 0
-286100 1
-286000 0
-285900 2
-285800 1
-285700 1
-285600 2
-285500 1
-285400 1
-285300 0
-285200 0
-285100 1
-285000 0
-284900 0
-284800 0
-284700 0
-284600 0
-284500 1
-284400 0
-284300 0
-284200 0
-284100 1
-284000 1
-283900 1
-283800 0
-283700 0
-283600 1
-283500 2
-283400 0
-283300 0
-283200 0
-283100 0
-283000 0
-282900 0
-282800 0
-282700 0
-282600 0
-282500 0
-282400 0
-282300 0
-282200 0
-282100 0
-282000 0
-281900 1
-281800 0
-281700 0
-281600 0
-281500 0
-281400 1
-281300 0
-281200 0
-281100 0
-281000 2
-280900 0
-280800 0
-280700 0
-280600 0
-280500 0
-280400 1
-280300 1
-280200 0
-280100 0
-280000 0
-279900 1
-279800 0
-279700 0
-279600 0
-279500 0
-279400 2
-279300 0
-279200 2
-279100 9
-279000 63
-278900 93
-278800 53
-278700 7
-278600 0
-278500 0
-278400 0
-278300 1
-278200 2
-278100 0
-278000 0
-277900 1
-277800 0
-277700 1
-277600 0
-277500 1
-277400 1
-277300 1
-277200 1
-277100 0
-277000 1
-276900 1
-276800 0
-276700 0
-276600 0
-276500 0
-276400 2
-276300 0
-276200 0
-276100 0
-276000 0
-275900 0
-275800 0
-275700 0
-275600 1
-275500 1
-275400 1
-275300 0
-275200 0
-275100 0
-275000 2
-274900 0
-274800 0
-274700 1
-274600 1
-274500 1
-274400 1
-274300 1
-274200 0
-274100 0
-274000 1
-273900 0
-273800 1
-273700 0
-273600 0
-273500 0
-273400 0
-273300 0
-273200 0
-273100 2
-273000 1
-272900 0
-272800 0
-272700 0
-272600 0
-272500 0
-272400 1
-272300 0
-272200 0
-272100 0
-272000 0
-271900 1
-271800 2
-271700 0
-271600 0
-271500 0
-271400 0
-271300 0
-271200 1
-271100 0
-271000 1
-270900 1
-270800 0
-270700 1
-270600 0
-270500 0
-270400 0
-270300 0
-270200 1
-270100 1
-270000 0
-269900 2
-269800 0
-269700 1
-269600 0
-269500 0
-269400 0
-269300 0
-269200 2
-269100 1
-269000 0
-268900 0
-268800 0
-268700 2
-268600 1
-268500 0
-268400 0
-268300 0
-268200 0
-268100 1
-268000 0
-267900 0
-267800 1
-267700 0
-267600 2
-267500 0
-267400 2
-267300 0
-267200 0
-267100 1
-267000 0
-266900 0
-266800 0
-266700 2
-266600 0
-266500 2
-266400 0
-266300 0
-266200 0
-266100 1
-266000 7
-265900 37
-265800 102
-265700 86
-265600 15
-265500 1
-265400 1
-265300 1
-265200 3
-265100 1
-265000 1
-264900 0
-264800 0
-264700 0
-264600 1
-264500 1
-264400 0
-264300 0
-264200 1
-264100 0
-264000 1
-263900 1
-263800 0
-263700 0
-263600 0
-263500 0
-263400 1
-263300 1
-263200 0
-263100 0
-263000 0
-262900 0
-262800 0
-262700 0
-262600 0
-262500 0
-262400 0
-262300 0
-262200 0
-262100 0
-262000 0
-261900 1
-261800 1
-261700 0
-261600 0
-261500 0
-261400 0
-261300 0
-261200 3
-261100 0
-261000 1
-260900 1
-260800 0
-260700 0
-260600 1
-260500 0
-260400 0
-260300 0
-260200 0
-260100 1
-260000 0
-259900 0
-259800 1
-259700 0
-259600 0
-259500 0
-259400 0
-259300 0
-259200 0
-259100 0
-259000 0
-258900 0
-258800 2
-258700 0
-258600 0
-258500 0
-258400 1
-258300 1
-258200 0
-258100 0
-258000 1
-257900 0
-257800 3
-257700 0
-257600 0
-257500 0
-257400 0
-257300 1
-257200 0
-257100 0
-257000 2
-256900 1
-256800 2
-256700 1
-256600 0
-256500 0
-256400 0
-256300 0
-256200 1
-256100 0
-256000 1
-255900 0
-255800 0
-255700 1
-255600 0
-255500 0
-255400 0
-255300 0
-255200 0
-255100 0
-255000 0
-254900 0
-254800 1
-254700 1
-254600 0
-254500 0
-254400 0
-254300 1
-254200 0
-254100 0
-254000 0
-253900 1
-253800 1
-253700 0
-253600 0
-253500 0
-253400 1
-253300 0
-253200 1
-253100 0
-253000 0
-252900 3
-252800 18
-252700 83
-252600 95
-252500 27
-252400 4
-252300 0
-252200 0
-252100 1
-252000 0
-251900 1
-251800 0
-251700 0
-251600 1
-251500 0
-251400 0
-251300 1
-251200 1
-251100 3
-251000 0
-250900 3
-250800 0
-250700 0
-250600 1
-250500 1
-250400 1
-250300 1
-250200 0
-250100 1
-250000 1
-249900 1
-249800 0
-249700 1
-249600 1
-249500 0
-249400 0
-249300 1
-249200 0
-249100 0
-249000 1
-248900 1
-248800 0
-248700 1
-248600 2
-248500 0
-248400 0
-248300 1
-248200 0
-248100 0
-248000 0
-247900 0
-247800 0
-247700 0
-247600 0
-247500 1
-247400 1
-247300 2
-247200 1
-247100 0
-247000 1
-246900 1
-246800 1
-246700 0
-246600 0
-246500 0
-246400 0
-246300 0
-246200 0
-246100 0
-246000 0
-245900 1
-245800 1
-245700 0
-245600 1
-245500 0
-245400 1
-245300 0
-245200 0
-245100 0
-245000 0
-244900 1
-244800 0
-244700 0
-244600 0
-244500 0
-244400 1
-244300 2
-244200 0
-244100 1
-244000 0
-243900 2
-243800 0
-243700 0
-243600 2
-243500 1
-243400 0
-243300 0
-243200 2
-243100 2
-243000 1
-242900 1
-242800 0
-242700 0
-242600 0
-242500 1
-242400 0
-242300 0
-242200 0
-242100 0
-242000 0
-241900 1
-241800 1
-241700 1
-241600 0
-241500 1
-241400 1
-241300 1
-241200 0
-241100 1
-241000 0
-240900 0
-240800 0
-240700 1
-240600 0
-240500 0
-240400 0
-240300 0
-240200 0
-240100 0
-240000 0
-239900 1
-239800 0
-239700 11
-239600 51
-239500 98
-239400 46
-239300 3
-239200 0
-239100 0
-239000 1
-238900 0
-238800 0
-238700 2
-238600 0
-238500 0
-238400 0
-238300 0
-238200 1
-238100 0
-238000 1
-237900 0
-237800 0
-237700 0
-237600 0
-237500 1
-237400 0
-237300 1
-237200 0
-237100 0
-237000 2
-236900 0
-236800 0
-236700 0
-236600 0
-236500 0
-236400 0
-236300 0
-236200 2
-236100 0
-236000 0
-235900 0
-235800 1
-235700 0
-235600 1
-235500 0
-235400 1
-235300 1
-235200 1
-235100 0
-235000 0
-234900 1
-234800 1
-234700 0
-234600 1
-234500 1
-234400 1
-234300 0
-234200 0
-234100 1
-234000 1
-233900 2
-233800 0
-233700 0
-233600 0
-233500 1
-233400 1
-233300 1
-233200 1
-233100 0
-233000 0
-232900 0
-232800 0
-232700 0
-232600 0
-232500 0
-232400 0
-232300 0
-232200 1
-232100 0
-232000 0
-231900 1
-231800 0
-231700 0
-231600 1
-231500 0
-231400 0
-231300 0
-231200 0
-231100 0
-231000 0
-230900 0
-230800 1
-230700 1
-230600 0
-230500 1
-230400 0
-230300 0
-230200 1
-230100 0
-230000 2
-229900 2
-229800 1
-229700 0
-229600 1
-229500 1
-229400 0
-229300 0
-229200 0
-229100 0
-229000 0
-228900 1
-228800 0
-228700 0
-228600 0
-228500 0
-228400 1
-228300 0
-228200 0
-228100 0
-228000 2
-227900 1
-227800 1
-227700 1
-227600 0
-227500 0
-227400 0
-227300 0
-227200 1
-227100 1
-227000 0
-226900 0
-226800 2
-226700 2
-226600 6
-226500 35
-226400 76
-226300 81
-226200 16
-226100 5
-226000 1
-225900 1
-225800 0
-225700 0
-225600 1
-225500 0
-225400 0
-225300 0
-225200 0
-225100 0
-225000 1
-224900 1
-224800 1
-224700 0
-224600 1
-224500 1
-224400 1
-224300 1
-224200 0
-224100 0
-224000 0
-223900 0
-223800 0
-223700 0
-223600 2
-223500 1
-223400 0
-223300 0
-223200 1
-223100 0
-223000 0
-222900 1
-222800 0
-222700 1
-222600 0
-222500 3
-222400 0
-222300 0
-222200 0
-222100 0
-222000 0
-221900 0
-221800 2
-221700 2
-221600 0
-221500 0
-221400 0
-221300 1
-221200 1
-221100 1
-221000 0
-220900 0
-220800 0
-220700 1
-220600 0
-220500 0
-220400 1
-220300 3
-220200 1
-220100 0
-220000 1
-219900 0
-219800 1
-219700 0
-219600 1
-219500 0
-219400 0
-219300 0
-219200 1
-219100 1
-219000 1
-218900 0
-218800 0
-218700 0
-218600 0
-218500 1
-218400 0
-218300 1
-218200 1
-218100 0
-218000 0
-217900 0
-217800 0
-217700 0
-217600 0
-217500 0
-217400 0
-217300 0
-217200 0
-217100 0
-217000 0
-216900 0
-216800 0
-216700 0
-216600 0
-216500 1
-216400 0
-216300 0
-216200 0
-216100 0
-216000 0
-215900 0
-215800 0
-215700 0
-215600 0
-215500 0
-215400 0
-215300 1
-215200 0
-215100 0
-215000 0
-214900 0
-214800 0
-214700 0
-214600 0
-214500 0
-214400 0
-214300 0
-214200 1
-214100 2
-214000 0
-213900 0
-213800 0
-213700 0
-213600 0
-213500 1
-213400 15
-213300 81
-213200 95
-213100 24
-213000 4
-212900 0
-212800 0
-212700 0
-212600 0
-212500 0
-212400 1
-212300 0
-212200 0
-212100 0
-212000 0
-211900 0
-211800 0
-211700 0
-211600 0
-211500 0
-211400 1
-211300 0
-211200 0
-211100 0
-211000 0
-210900 3
-210800 0
-210700 1
-210600 1
-210500 0
-210400 0
-210300 0
-210200 0
-210100 1
-210000 0
-209900 0
-209800 0
-209700 2
-209600 0
-209500 1
-209400 1
-209300 0
-209200 1
-209100 0
-209000 0
-208900 1
-208800 0
-208700 1
-208600 0
-208500 1
-208400 0
-208300 0
-208200 0
-208100 1
-208000 0
-207900 0
-207800 0
-207700 0
-207600 1
-207500 1
-207400 0
-207300 2
-207200 1
-207100 1
-207000 0
-206900 1
-206800 1
-206700 0
-206600 0
-206500 0
-206400 1
-206300 0
-206200 2
-206100 0
-206000 0
-205900 1
-205800 1
-205700 3
-205600 0
-205500 0
-205400 1
-205300 0
-205200 0
-205100 0
-205000 0
-204900 1
-204800 0
-204700 0
-204600 0
-204500 0
-204400 0
-204300 0
-204200 0
-204100 0
-204000 1
-203900 1
-203800 0
-203700 1
-203600 0
-203500 0
-203400 0
-203300 0
-203200 0
-203100 1
-203000 0
-202900 0
-202800 0
-202700 1
-202600 0
-202500 0
-202400 0
-202300 0
-202200 0
-202100 0
-202000 0
-201900 0
-201800 0
-201700 0
-201600 1
-201500 2
-201400 0
-201300 1
-201200 1
-201100 0
-201000 2
-200900 0
-200800 0
-200700 0
-200600 0
-200500 0
-200400 1
-200300 16
-200200 54
-200100 88
-200000 44
-199900 10
-199800 0
-199700 0
-199600 1
-199500 0
-199400 0
-199300 1
-199200 0
-199100 0
-199000 0
-198900 0
-198800 1
-198700 0
-198600 0
-198500 0
-198400 0
-198300 0
-198200 0
-198100 2
-198000 0
-197900 0
-197800 1
-197700 1
-197600 0
-197500 0
-197400 0
-197300 0
-197200 0
-197100 2
-197000 1
-196900 0
-196800 1
-196700 0
-196600 1
-196500 0
-196400 0
-196300 0
-196200 0
-196100 0
-196000 0
-195900 0
-195800 0
-195700 0
-195600 0
-195500 0
-195400 0
-195300 0
-195200 1
-195100 1
-195000 0
-194900 0
-194800 0
-194700 0
-194600 0
-194500 0
-194400 0
-194300 1
-194200 1
-194100 0
-194000 1
-193900 2
-193800 0
-193700 0
-193600 1
-193500 0
-193400 0
-193300 0
-193200 0
-193100 0
-193000 1
-192900 0
-192800 0
-192700 1
-192600 0
-192500 1
-192400 0
-192300 0
-192200 1
-192100 0
-192000 1
-191900 0
-191800 1
-191700 1
-191600 0
-191500 1
-191400 0
-191300 1
-191200 1
-191100 0
-191000 0
-190900 0
-190800 0
-190700 0
-190600 0
-190500 0
-190400 2
-190300 1
-190200 2
-190100 0
-190000 0
-189900 0
-189800 1
-189700 1
-189600 1
-189500 0
-189400 1
-189300 0
-189200 0
-189100 2
-189000 0
-188900 0
-188800 1
-188700 1
-188600 0
-188500 0
-188400 0
-188300 0
-188200 2
-188100 0
-188000 0
-187900 0
-187800 1
-187700 1
-187600 1
-187500 0
-187400 0
-187300 1
-187200 6
-187100 34
-187000 91
-186900 88
-186800 15
-186700 1
-186600 1
-186500 0
-186400 3
-186300 0
-186200 0
-186100 0
-186000 1
-185900 0
-185800 0
-185700 3
-185600 0
-185500 0
-185400 2
-185300 0
-185200 0
-185100 1
-185000 0
-184900 2
-184800 1
-184700 1
-184600 0
-184500 0
-184400 0
-184300 0
-184200 1
-184100 0
-184000 0
-183900 2
-183800 1
-183700 1
-183600 1
-183500 1
-183400 0
-183300 0
-183200 0
-183100 0
-183000 1
-182900 1
-182800 0
-182700 0
-182600 1
-182500 0
-182400 0
-182300 0
-182200 1
-182100 1
-182000 0
-181900 0
-181800 0
-181700 0
-181600 1
-181500 0
-181400 0
-181300 1
-181200 1
-181100 1
-181000 0
-180900 0
-180800 0
-180700 0
-180600 0
-180500 0
-180400 0
-180300 1
-180200 1
-180100 1
-180000 0
-179900 1
-179800 0
-179700 0
-179600 0
-179500 1
-179400 1
-179300 0
-179200 0
-179100 0
-179000 1
-178900 2
-178800 0
-178700 0
-178600 1
-178500 0
-178400 0
-178300 0
-178200 1
-178100 1
-178000 0
-177900 0
-177800 1
-177700 1
-177600 0
-177500 0
-177400 2
-177300 0
-177200 1
-177100 0
-177000 0
-176900 0
-176800 0
-176700 0
-176600 0
-176500 1
-176400 0
-176300 1
-176200 0
-176100 0
-176000 0
-175900 0
-175800 0
-175700 1
-175600 0
-175500 1
-175400 0
-175300 0
-175200 1
-175100 0
-175000 0
-174900 1
-174800 1
-174700 0
-174600 0
-174500 0
-174400 0
-174300 0
-174200 0
-174100 0
-174000 22
-173900 69
-173800 90
-173700 48
-173600 6
-173500 1
-173400 0
-173300 1
-173200 1
-173100 0
-173000 0
-172900 1
-172800 1
-172700 1
-172600 2
-172500 3
-172400 0
-172300 1
-172200 0
-172100 0
-172000 1
-171900 0
-171800 0
-171700 0
-171600 1
-171500 0
-171400 0
-171300 2
-171200 0
-171100 0
-171000 0
-170900 0
-170800 0
-170700 1
-170600 1
-170500 0
-170400 1
-170300 0
-170200 1
-170100 0
-170000 0
-169900 0
-169800 1
-169700 0
-169600 1
-169500 0
-169400 0
-169300 0
-169200 1
-169100 0
-169000 1
-168900 1
-168800 1
-168700 1
-168600 0
-168500 0
-168400 1
-168300 0
-168200 1
-168100 1
-168000 0
-167900 0
-167800 1
-167700 0
-167600 0
-167500 0
-167400 0
-167300 0
-167200 2
-167100 1
-167000 0
-166900 0
-166800 0
-166700 1
-166600 0
-166500 0
-166400 0
-166300 0
-166200 0
-166100 1
-166000 1
-165900 0
-165800 1
-165700 1
-165600 0
-165500 1
-165400 1
-165300 0
-165200 0
-165100 0
-165000 0
-164900 0
-164800 0
-164700 5
-164600 1
-164500 0
-164400 0
-164300 0
-164200 1
-164100 0
-164000 1
-163900 0
-163800 1
-163700 1
-163600 0
-163500 0
-163400 1
-163300 0
-163200 0
-163100 0
-163000 1
-162900 0
-162800 0
-162700 0
-162600 2
-162500 0
-162400 2
-162300 2
-162200 2
-162100 1
-162000 0
-161900 1
-161800 0
-161700 0
-161600 1
-161500 0
-161400 1
-161300 0
-161200 0
-161100 0
-161000 0
-160900 11
-160800 52
-160700 99
-160600 59
-160500 7
-160400 1
-160300 4
-160200 0
-160100 0
-160000 0
-159900 0
-159800 0
-159700 1
-159600 0
-159500 2
-159400 0
-159300 0
-159200 1
-159100 0
-159000 0
-158900 0
-158800 1
-158700 0
-158600 1
-158500 0
-158400 0
-158300 1
-158200 0
-158100 0
-158000 0
-157900 0
-157800 0
-157700 0
-157600 1
-157500 0
-157400 0
-157300 0
-157200 0
-157100 1
-157000 0
-156900 0
-156800 0
-156700 1
-156600 0
-156500 0
-156400 0
-156300 0
-156200 0
-156100 0
-156000 2
-155900 3
-155800 2
-155700 1
-155600 1
-155500 0
-155400 0
-155300 1
-155200 0
-155100 0
-155000 1
-154900 0
-154800 2
-154700 0
-154600 0
-154500 0
-154400 0
-154300 0
-154200 1
-154100 2
-154000 0
-153900 1
-153800 0
-153700 0
-153600 0
-153500 0
-153400 2
-153300 1
-153200 0
-153100 2
-153000 0
-152900 0
-152800 0
-152700 0
-152600 0
-152500 0
-152400 0
-152300 2
-152200 0
-152100 0
-152000 0
-151900 0
-151800 0
-151700 0
-151600 1
-151500 0
-151400 0
-151300 0
-151200 0
-151100 0
-151000 0
-150900 0
-150800 1
-150700 1
-150600 0
-150500 1
-150400 0
-150300 0
-150200 2
-150100 0
-150000 0
-149900 1
-149800 1
-149700 3
-149600 0
-149500 0
-149400 1
-149300 0
-149200 0
-149100 1
-149000 0
-148900 0
-148800 0
-148700 0
-148600 1
-148500 1
-148400 1
-148300 0
-148200 1
-148100 0
-148000 0
-147900 0
-147800 4
-147700 30
-147600 94
-147500 76
-147400 25
-147300 2
-147200 0
-147100 0
-147000 0
-146900 2
-146800 0
-146700 1
-146600 1
-146500 0
-146400 0
-146300 0
-146200 0
-146100 0
-146000 1
-145900 0
-145800 2
-145700 0
-145600 0
-145500 0
-145400 1
-145300 2
-145200 0
-145100 0
-145000 0
-144900 0
-144800 0
-144700 0
-144600 1
-144500 0
-144400 2
-144300 1
-144200 0
-144100 1
-144000 0
-143900 0
-143800 0
-143700 0
-143600 0
-143500 1
-143400 1
-143300 0
-143200 0
-143100 0
-143000 0
-142900 1
-142800 0
-142700 1
-142600 1
-142500 1
-142400 1
-142300 0
-142200 2
-142100 0
-142000 0
-141900 1
-141800 0
-141700 1
-141600 0
-141500 0
-141400 0
-141300 1
-141200 0
-141100 1
-141000 0
-140900 0
-140800 0
-140700 0
-140600 0
-140500 1
-140400 0
-140300 2
-140200 0
-140100 1
-140000 1
-139900 0
-139800 1
-139700 0
-139600 0
-139500 0
-139400 0
-139300 1
-139200 0
-139100 1
-139000 0
-138900 0
-138800 0
-138700 1
-138600 0
-138500 0
-138400 0
-138300 0
-138200 0
-138100 0
-138000 0
-137900 0
-137800 0
-137700 1
-137600 0
-137500 0
-137400 1
-137300 0
-137200 0
-137100 0
-137000 0
-136900 0
-136800 0
-136700 0
-136600 0
-136500 1
-136400 0
-136300 1
-136200 1
-136100 0
-136000 0
-135900 0
-135800 0
-135700 0
-135600 0
-135500 0
-135400 1
-135300 1
-135200 0
-135100 2
-135000 0
-134900 0
-134800 0
-134700 1
-134600 9
-134500 56
-134400 107
-134300 35
-134200 5
-134100 0
-134000 2
-133900 0
-133800 0
-133700 0
-133600 0
-133500 0
-133400 0
-133300 0
-133200 0
-133100 0
-133000 1
-132900 0
-132800 2
-132700 0
-132600 1
-132500 1
-132400 0
-132300 1
-132200 1
-132100 0
-132000 1
-131900 0
-131800 0
-131700 0
-131600 2
-131500 0
-131400 1
-131300 0
-131200 1
-131100 1
-131000 0
-130900 0
-130800 0
-130700 0
-130600 0
-130500 1
-130400 0
-130300 0
-130200 0
-130100 0
-130000 0
-129900 0
-129800 0
-129700 1
-129600 0
-129500 0
-129400 0
-129300 1
-129200 1
-129100 1
-129000 0
-128900 0
-128800 2
-128700 0
-128600 2
-128500 0
-128400 1
-128300 0
-128200 1
-128100 0
-128000 1
-127900 0
-127800 1
-127700 0
-127600 1
-127500 0
-127400 0
-127300 0
-127200 0
-127100 0
-127000 0
-126900 2
-126800 0
-126700 1
-126600 0
-126500 0
-126400 1
-126300 0
-126200 1
-126100 1
-126000 0
-125900 1
-125800 1
-125700 0
-125600 0
-125500 0
-125400 1
-125300 0
-125200 1
-125100 1
-125000 0
-124900 0
-124800 1
-124700 0
-124600 0
-124500 0
-124400 2
-124300 0
-124200 1
-124100 1
-124000 2
-123900 1
-123800 1
-123700 0
-123600 0
-123500 2
-123400 1
-123300 0
-123200 0
-123100 0
-123000 0
-122900 0
-122800 0
-122700 2
-122600 0
-122500 0
-122400 3
-122300 3
-122200 2
-122100 1
-122000 0
-121900 0
-121800 0
-121700 1
-121600 1
-121500 9
-121400 43
-121300 115
-121200 49
-121100 16
-121000 0
-120900 0
-120800 2
-120700 0
-120600 0
-120500 0
-120400 0
-120300 1
-120200 0
-120100 0
-120000 0
-119900 0
-119800 0
-119700 0
-119600 2
-119500 1
-119400 0
-119300 0
-119200 1
-119100 0
-119000 1
-118900 1
-118800 0
-118700 1
-118600 0
-118500 0
-118400 1
-118300 0
-118200 1
-118100 0
-118000 1
-117900 0
-117800 0
-117700 1
-117600 0
-117500 1
-117400 0
-117300 1
-117200 0
-117100 0
-117000 1
-116900 0
-116800 1
-116700 0
-116600 0
-116500 3
-116400 1
-116300 0
-116200 0
-116100 1
-116000 0
-115900 0
-115800 0
-115700 0
-115600 0
-115500 1
-115400 0
-115300 0
-115200 1
-115100 1
-115000 0
-114900 0
-114800 1
-114700 1
-114600 0
-114500 1
-114400 0
-114300 1
-114200 0
-114100 1
-114000 0
-113900 0
-113800 0
-113700 0
-113600 0
-113500 0
-113400 0
-113300 0
-113200 1
-113100 0
-113000 0
-112900 0
-112800 0
-112700 0
-112600 0
-112500 0
-112400 0
-112300 0
-112200 0
-112100 0
-112000 0
-111900 1
-111800 1
-111700 1
-111600 0
-111500 0
-111400 0
-111300 0
-111200 1
-111100 0
-111000 2
-110900 1
-110800 1
-110700 0
-110600 0
-110500 1
-110400 1
-110300 0
-110200 0
-110100 1
-110000 1
-109900 0
-109800 1
-109700 0
-109600 1
-109500 0
-109400 1
-109300 0
-109200 0
-109100 0
-109000 0
-108900 0
-108800 0
-108700 1
-108600 0
-108500 0
-108400 2
-108300 23
-108200 100
-108100 79
-108000 21
-107900 1
-107800 2
-107700 0
-107600 1
-107500 0
-107400 1
-107300 1
-107200 0
-107100 0
-107000 1
-106900 0
-106800 1
-106700 1
-106600 1
-106500 1
-106400 0
-106300 1
-106200 0
-106100 0
-106000 0
-105900 0
-105800 0
-105700 0
-105600 0
-105500 0
-105400 0
-105300 0
-105200 0
-105100 0
-105000 0
-104900 0
-104800 1
-104700 0
-104600 2
-104500 0
-104400 1
-104300 1
-104200 0
-104100 0
-104000 1
-103900 0
-103800 0
-103700 0
-103600 1
-103500 0
-103400 1
-103300 0
-103200 2
-103100 1
-103000 0
-102900 0
-102800 0
-102700 0
-102600 1
-102500 0
-102400 0
-102300 0
-102200 0
-102100 0
-102000 0
-101900 0
-101800 0
-101700 2
-101600 1
-101500 0
-101400 0
-101300 2
-101200 0
-101100 1
-101000 0
-100900 1
-100800 0
-100700 0
-100600 0
-100500 0
-100400 0
-100300 1
-100200 0
-100100 0
-100000 1
-99900 1
-99800 0
-99700 1
-99600 1
-99500 0
-99400 0
-99300 1
-99200 1
-99100 1
-99000 0
-98900 0
-98800 0
-98700 0
-98600 1
-98500 0
-98400 0
-98300 0
-98200 0
-98100 0
-98000 2
-97900 1
-97800 1
-97700 0
-97600 0
-97500 2
-97400 0
-97300 0
-97200 1
-97100 0
-97000 1
-96900 1
-96800 1
-96700 1
-96600 0
-96500 0
-96400 0
-96300 0
-96200 0
-96100 0
-96000 0
-95900 1
-95800 1
-95700 1
-95600 0
-95500 1
-95400 2
-95300 2
-95200 11
-95100 58
-95000 106
-94900 58
-94800 8
-94700 2
-94600 0
-94500 1
-94400 1
-94300 2
-94200 0
-94100 0
-94000 0
-93900 0
-93800 0
-93700 0
-93600 0
-93500 0
-93400 1
-93300 0
-93200 0
-93100 1
-93000 0
-92900 0
-92800 0
-92700 0
-92600 0
-92500 0
-92400 0
-92300 0
-92200 1
-92100 1
-92000 1
-91900 0
-91800 1
-91700 0
-91600 0
-91500 0
-91400 1
-91300 1
-91200 0
-91100 0
-91000 0
-90900 0
-90800 1
-90700 0
-90600 0
-90500 1
-90400 0
-90300 0
-90200 0
-90100 3
-90000 1
-89900 0
-89800 1
-89700 0
-89600 0
-89500 0
-89400 1
-89300 0
-89200 1
-89100 0
-89000 1
-88900 2
-88800 1
-88700 0
-88600 0
-88500 0
-88400 0
-88300 0
-88200 0
-88100 1
-88000 0
-87900 0
-87800 0
-87700 0
-87600 0
-87500 0
-87400 3
-87300 1
-87200 1
-87100 0
-87000 0
-86900 1
-86800 0
-86700 0
-86600 0
-86500 1
-86400 0
-86300 0
-86200 1
-86100 0
-86000 0
-85900 0
-85800 1
-85700 0
-85600 0
-85500 0
-85400 1
-85300 1
-85200 1
-85100 1
-85000 1
-84900 0
-84800 0
-84700 0
-84600 0
-84500 0
-84400 0
-84300 0
-84200 0
-84100 1
-84000 0
-83900 2
-83800 0
-83700 0
-83600 1
-83500 0
-83400 0
-83300 0
-83200 0
-83100 1
-83000 0
-82900 1
-82800 0
-82700 2
-82600 0
-82500 1
-82400 0
-82300 0
-82200 1
-82100 6
-82000 29
-81900 108
-81800 66
-81700 13
-81600 0
-81500 0
-81400 0
-81300 0
-81200 0
-81100 0
-81000 0
-80900 2
-80800 0
-80700 0
-80600 0
-80500 1
-80400 3
-80300 3
-80200 0
-80100 1
-80000 1
-79900 1
-79800 0
-79700 0
-79600 0
-79500 0
-79400 0
-79300 0
-79200 0
-79100 0
-79000 1
-78900 0
-78800 1
-78700 0
-78600 0
-78500 2
-78400 1
-78300 0
-78200 0
-78100 1
-78000 0
-77900 0
-77800 0
-77700 0
-77600 0
-77500 2
-77400 0
-77300 0
-77200 0
-77100 1
-77000 1
-76900 0
-76800 0
-76700 0
-76600 1
-76500 0
-76400 1
-76300 0
-76200 1
-76100 0
-76000 1
-75900 1
-75800 0
-75700 0
-75600 0
-75500 0
-75400 0
-75300 0
-75200 0
-75100 0
-75000 0
-74900 0
-74800 1
-74700 0
-74600 0
-74500 1
-74400 0
-74300 2
-74200 0
-74100 0
-74000 1
-73900 0
-73800 0
-73700 1
-73600 0
-73500 0
-73400 1
-73300 0
-73200 0
-73100 1
-73000 1
-72900 0
-72800 1
-72700 0
-72600 0
-72500 1
-72400 1
-72300 1
-72200 1
-72100 2
-72000 0
-71900 1
-71800 1
-71700 1
-71600 0
-71500 1
-71400 0
-71300 0
-71200 0
-71100 0
-71000 1
-70900 0
-70800 0
-70700 0
-70600 1
-70500 0
-70400 0
-70300 1
-70200 0
-70100 0
-70000 0
-69900 0
-69800 0
-69700 1
-69600 0
-69500 1
-69400 1
-69300 0
-69200 0
-69100 1
-69000 0
-68900 27
-68800 94
-68700 92
-68600 24
-68500 1
-68400 0
-68300 0
-68200 0
-68100 0
-68000 0
-67900 0
-67800 0
-67700 0
-67600 0
-67500 1
-67400 0
-67300 1
-67200 1
-67100 1
-67000 0
-66900 1
-66800 0
-66700 0
-66600 0
-66500 0
-66400 0
-66300 0
-66200 0
-66100 0
-66000 1
-65900 1
-65800 0
-65700 2
-65600 1
-65500 2
-65400 1
-65300 1
-65200 0
-65100 0
-65000 0
-64900 1
-64800 0
-64700 0
-64600 0
-64500 1
-64400 1
-64300 2
-64200 1
-64100 1
-64000 0
-63900 0
-63800 1
-63700 0
-63600 0
-63500 0
-63400 0
-63300 0
-63200 1
-63100 0
-63000 0
-62900 0
-62800 0
-62700 1
-62600 1
-62500 0
-62400 0
-62300 0
-62200 0
-62100 0
-62000 0
-61900 0
-61800 0
-61700 0
-61600 0
-61500 1
-61400 0
-61300 0
-61200 0
-61100 0
-61000 0
-60900 0
-60800 2
-60700 1
-60600 1
-60500 1
-60400 0
-60300 0
-60200 1
-60100 1
-60000 1
-59900 1
-59800 1
-59700 0
-59600 0
-59500 0
-59400 1
-59300 0
-59200 0
-59100 1
-59000 0
-58900 2
-58800 0
-58700 2
-58600 0
-58500 0
-58400 1
-58300 0
-58200 0
-58100 0
-58000 1
-57900 0
-57800 0
-57700 0
-57600 0
-57500 1
-57400 0
-57300 1
-57200 0
-57100 0
-57000 1
-56900 0
-56800 1
-56700 0
-56600 0
-56500 0
-56400 0
-56300 0
-56200 0
-56100 1
-56000 0
-55900 0
-55800 14
-55700 62
-55600 91
-55500 20
-55400 5
-55300 0
-55200 0
-55100 1
-55000 0
-54900 1
-54800 1
-54700 0
-54600 1
-54500 0
-54400 0
-54300 2
-54200 1
-54100 0
-54000 1
-53900 0
-53800 0
-53700 0
-53600 0
-53500 1
-53400 1
-53300 0
-53200 0
-53100 0
-53000 0
-52900 1
-52800 0
-52700 0
-52600 0
-52500 1
-52400 0
-52300 1
-52200 2
-52100 1
-52000 1
-51900 0
-51800 0
-51700 0
-51600 0
-51500 0
-51400 2
-51300 0
-51200 0
-51100 0
-51000 0
-50900 1
-50800 3
-50700 0
-50600 1
-50500 0
-50400 0
-50300 0
-50200 0
-50100 0
-50000 0
-49900 0
-49800 0
-49700 1
-49600 0
-49500 1
-49400 1
-49300 2
-49200 1
-49100 1
-49000 0
-48900 0
-48800 1
-48700 1
-48600 1
-48500 0
-48400 1
-48300 0
-48200 1
-48100 0
-48000 1
-47900 0
-47800 0
-47700 0
-47600 0
-47500 1
-47400 1
-47300 0
-47200 0
-47100 0
-47000 0
-46900 0
-46800 1
-46700 1
-46600 0
-46500 0
-46400 0
-46300 2
-46200 1
-46100 0
-46000 1
-45900 0
-45800 0
-45700 1
-45600 2
-45500 0
-45400 0
-45300 0
-45200 3
-45100 0
-45000 0
-44900 1
-44800 0
-44700 0
-44600 0
-44500 0
-44400 0
-44300 0
-44200 1
-44100 0
-44000 0
-43900 2
-43800 1
-43700 0
-43600 0
-43500 1
-43400 0
-43300 0
-43200 0
-43100 0
-43000 1
-42900 1
-42800 1
-42700 9
-42600 33
-42500 89
-42400 66
-42300 13
-42200 0
-42100 0
-42000 0
-41900 0
-41800 0
-41700 0
-41600 0
-41500 0
-41400 0
-41300 0
-41200 1
-41100 1
-41000 0
-40900 0
-40800 1
-40700 1
-40600 0
-40500 2
-40400 0
-40300 0
-40200 1
-40100 0
-40000 0
-39900 0
-39800 0
-39700 1
-39600 1
-39500 0
-39400 0
-39300 0
-39200 1
-39100 0
-39000 1
-38900 0
-38800 0
-38700 0
-38600 2
-38500 1
-38400 1
-38300 0
-38200 0
-38100 0
-38000 1
-37900 0
-37800 0
-37700 1
-37600 0
-37500 0
-37400 1
-37300 1
-37200 1
-37100 0
-37000 1
-36900 0
-36800 0
-36700 0
-36600 1
-36500 0
-36400 2
-36300 0
-36200 0
-36100 1
-36000 2
-35900 0
-35800 0
-35700 0
-35600 0
-35500 0
-35400 0
-35300 1
-35200 0
-35100 1
-35000 0
-34900 0
-34800 0
-34700 1
-34600 0
-34500 0
-34400 0
-34300 0
-34200 0
-34100 0
-34000 1
-33900 0
-33800 0
-33700 0
-33600 0
-33500 0
-33400 0
-33300 0
-33200 0
-33100 1
-33000 0
-32900 0
-32800 0
-32700 1
-32600 1
-32500 0
-32400 2
-32300 1
-32200 0
-32100 0
-32000 1
-31900 0
-31800 1
-31700 1
-31600 0
-31500 0
-31400 0
-31300 0
-31200 0
-31100 0
-31000 0
-30900 0
-30800 0
-30700 1
-30600 1
-30500 0
-30400 0
-30300 0
-30200 1
-30100 0
-30000 0
-29900 1
-29800 2
-29700 3
-29600 1
-29500 10
-29400 86
-29300 84
-29200 38
-29100 3
-29000 2
-28900 1
-28800 0
-28700 0
-28600 0
-28500 0
-28400 1
-28300 1
-28200 0
-28100 0
-28000 0
-27900 2
-27800 1
-27700 0
-27600 0
-27500 1
-27400 2
-27300 0
-27200 1
-27100 0
-27000 0
-26900 1
-26800 0
-26700 0
-26600 1
-26500 0
-26400 1
-26300 1
-26200 0
-26100 1
-26000 1
-25900 0
-25800 1
-25700 0
-25600 2
-25500 2
-25400 0
-25300 1
-25200 0
-25100 0
-25000 0
-24900 0
-24800 1
-24700 0
-24600 0
-24500 1
-24400 0
-24300 0
-24200 0
-24100 1
-24000 0
-23900 0
-23800 1
-23700 1
-23600 1
-23500 2
-23400 1
-23300 2
-23200 1
-23100 0
-23000 0
-22900 1
-22800 0
-22700 0
-22600 1
-22500 0
-22400 0
-22300 1
-22200 0
-22100 0
-22000 1
-21900 0
-21800 0
-21700 0
-21600 0
-21500 1
-21400 0
-21300 0
-21200 0
-21100 0
-21000 0
-20900 1
-20800 0
-20700 1
-20600 0
-20500 0
-20400 0
-20300 0
-20200 0
-20100 0
-20000 0
-19900 1
-19800 0
-19700 0
-19600 1
-19500 1
-19400 1
-19300 1
-19200 1
-19100 1
-19000 0
-18900 1
-18800 0
-18700 1
-18600 1
-18500 1
-18400 1
-18300 0
-18200 0
-18100 0
-18000 1
-17900 0
-17800 0
-17700 1
-17600 1
-17500 0
-17400 1
-17300 1
-17200 0
-17100 0
-17000 0
-16900 0
-16800 1
-16700 1
-16600 1
-16500 5
-16400 33
-16300 90
-16200 90
-16100 24
-16000 2
-15900 0
-15800 0
-15700 0
-15600 0
-15500 0
-15400 0
-15300 0
-15200 0
-15100 1
-15000 0
-14900 0
-14800 0
-14700 0
-14600 2
-14500 0
-14400 0
-14300 0
-14200 0
-14100 0
-14000 0
-13900 1
-13800 0
-13700 1
-13600 0
-13500 1
-13400 1
-13300 1
-13200 0
-13100 1
-13000 0
-12900 0
-12800 0
-12700 1
-12600 2
-12500 0
-12400 0
-12300 0
-12200 0
-12100 1
-12000 0
-11900 0
-11800 0
-11700 0
-11600 0
-11500 2
-11400 1
-11300 1
-11200 2
-11100 0
-11000 1
-10900 0
-10800 1
-10700 0
-10600 0
-10500 1
-10400 1
-10300 1
-10200 1
-10100 1
-10000 1
-9900 0
-9800 0
-9700 0
-9600 0
-9500 0
-9400 1
-9300 0
-9200 0
-9100 1
-9000 0
-8900 1
-8800 0
-8700 1
-8600 0
-8500 0
-8400 0
-8300 0
-8200 0
-8100 1
-8000 0
-7900 0
-7800 0
-7700 0
-7600 0
-7500 0
-7400 1
-7300 1
-7200 2
-7100 1
-7000 1
-6900 0
-6800 0
-6700 1
-6600 1
-6500 0
-6400 0
-6300 1
-6200 0
-6100 0
-6000 0
-5900 2
-5800 0
-5700 1
-5600 0
-5500 3
-5400 0
-5300 0
-5200 0
-5100 0
-5000 1
-4900 2
-4800 1
-4700 0
-4600 2
-4500 0
-4400 0
-4300 0
-4200 0
-4100 0
-4000 0
-3900 1
-3800 0
-3700 0
-3600 0
-3500 1
-3400 2
-3300 4
-3200 50
-3100 105
-3000 68
-2900 4
-2800 2
-2700 3
-2600 0
-2500 1
-2400 0
-2300 1
-2200 0
-2100 1
-2000 0
-1900 0
-1800 0
-1700 0
-1600 1
-1500 0
-1400 0
-1300 0
-1200 0
-1100 0
-1000 0
-900 0
-800 1
-700 0
-600 0
-500 0
-400 0
-300 0
-200 0
-100 0
0 0
100 0
200 0
300 3
400 0
500 0
600 0
700 0
800 1
900 0
1000 0
1100 0
1200 1
1300 0
1400 0
1500 1
1600 0
1700 0
1800 1
1900 1
2000 0
2100 0
2200 0
2300 0
2400 2
2500 0
2600 0
2700 1
2800 1
2900 0
3000 0
3100 0
3200 1
3300 0
3400 0
3500 1
3600 0
3700 0
3800 1
3900 1
4000 0
4100 0
4200 0
4300 0
4400 0
4500 1
4600 0
4700 1
4800 1
4900 1
5000 1
5100 0
5200 0
5300 0
5400 1
5500 0
5600 0
5700 0
5800 0
5900 1
6000 0
6100 0
6200 0
6300 1
6400 0
6500 0
6600 0
6700 0
6800 0
6900 0
7000 0
7100 1
7200 1
7300 0
7400 1
7500 0
7600 0
7700 0
7800 1
7900 0
8000 2
8100 1
8200 2
8300 0
8400 0
8500 0
8600 0
8700 0
8800 0
8900 1
9000 0
9100 0
9200 0
9300 0
9400 0
9500 1
9600 1
9700 1
9800 26
9900 547
10000 3324
10100 5588
10200 2593
10300 346
10400 13
10500 4
10600 1
10700 0
10800 0
10900 0
11000 1
11100 2
11200 1
11300 0
11400 0
11500 0
11600 0
11700 0
11800 0
11900 0
12000 0
12100 2
12200 0
12300 1
12400 1
12500 1
12600 1
12700 0
12800 1
12900 0
13000 0
13100 0
13200 0
13300 0
13400 0
13500 1
13600 0
13700 1
13800 0
13900 0
14000 0
14100 0
14200 0
14300 0
14400 1
14500 1
14600 0
14700 0
14800 0
14900 2
15000 1
15100 0
15200 0
15300 0
15400 0
15500 1
15600 0
15700 0
15800 1
15900 1
16000 0
16100 1
16200 1
16300 1
16400 0
16500 0
16600 1
16700 1
16800 0
16900 0
17000 1
17100 0
17200 0
17300 1
17400 0
17500 0
17600 1
17700 1
17800 1
17900 1
18000 0
18100 0
18200 0
18300 0
18400 1
18500 0
18600 0
18700 0
18800 0
18900 0
19000 0
19100 0
19200 1
19300 1
19400 1
19500 1
19600 0
19700 0
19800 0
19900 1
20000 0
20100 0
20200 1
20300 0
20400 0
20500 0
20600 0
20700 0
20800 1
20900 0
21000 0
21100 0
21200 0
21300 0
21400 0
21500 2
21600 0
21700 0
21800 0
21900 0
22000 0
22100 1
22200 1
22300 0
22400 0
22500 0
22600 1
22700 0
22800 1
22900 1
23000 3
23100 45
23200 88
23300 74
23400 7
23500 3
23600 1
23700 1
23800 2
23900 0
24000 0
24100 1
24200 0
24300 0
24400 1
24500 2
24600 0
24700 0
24800 0
24900 0
25000 0
25100 2
25200 0
25300 0
25400 0
25500 0
25600 2
25700 0
25800 0
25900 0
26000 0
26100 0
26200 2
26300 0
26400 0
26500 0
26600 1
26700 0
26800 0
26900 1
27000 1
27100 0
27200 0
27300 0
27400 0
27500 1
27600 1
27700 1
27800 0
27900 3
28000 1
28100 0
28200 0
28300 1
28400 0
28500 0
28600 1
28700 1
28800 0
28900 0
29000 0
29100 0
29200 0
29300 0
29400 2
29500 0
29600 0
29700 0
29800 0
29900 0
30000 0
30100 0
30200 0
30300 2
30400 2
30500 0
30600 1
30700 0
30800 1
30900 0
31000 2
31100 1
31200 0
31300 0
31400 0
31500 0
31600 0
31700 0
31800 0
31900 0
32000 0
32100 0
32200 0
32300 0
32400 1
32500 1
32600 0
32700 0
32800 1
32900 1
33000 0
33100 0
33200 1
33300 0
33400 0
33500 1
33600 0
33700 1
33800 1
33900 0
34000 0
34100 1
34200 0
34300 1
34400 0
34500 0
34600 1
34700 0
34800 1
34900 1
35000 1
35100 0
35200 1
35300 0
35400 1
35500 0
35600 0
35700 2
35800 2
35900 0
36000 2
36100 4
36200 45
36300 101
36400 66
36500 10
36600 2
36700 1
36800 0
36900 1
37000 0
37100 0
37200 1
37300 0
37400 2
37500 0
37600 0
37700 0
37800 0
37900 1
38000 0
38100 0
38200 0
38300 0
38400 0
38500 0
38600 1
38700 0
38800 0
38900 0
39000 1
39100 0
39200 0
39300 1
39400 1
39500 0
39600 0
39700 1
39800 0
39900 1
40000 0
40100 0
40200 0
40300 0
40400 0
40500 0
40600 0
40700 0
40800 2
40900 2
41000 0
41100 1
41200 0
41300 1
41400 2
41500 0
41600 1
41700 0
41800 1
41900 0
42000 4
42100 0
42200 0
42300 0
42400 0
42500 0
42600 0
42700 0
42800 0
42900 0
43000 0
43100 0
43200 1
43300 0
43400 1
43500 1
43600 0
43700 0
43800 0
43900 1
44000 0
44100 0
44200 0
44300 0
44400 0
44500 0
44600 0
44700 2
44800 0
44900 1
45000 0
45100 0
45200 0
45300 0
45400 0
45500 0
45600 1
45700 1
45800 1
45900 1
46000 0
46100 0
46200 0
46300 0
46400 0
46500 0
46600 1
46700 1
46800 1
46900 0
47000 2
47100 0
47200 0
47300 0
47400 1
47500 1
47600 0
47700 0
47800 1
47900 0
48000 0
48100 1
48200 0
48300 0
48400 0
48500 0
48600 0
48700 1
48800 0
48900 0
49000 0
49100 0
49200 2
49300 20
49400 65
49500 106
49600 32
49700 4
49800 1
49900 2
50000 4
50100 1
50200 0
50300 1
50400 0
50500 0
50600 1
50700 0
50800 0
50900 0
51000 2
51100 0
51200 0
51300 0
51400 1
51500 0
51600 0
51700 0
51800 0
51900 0
52000 1
52100 0
52200 0
52300 1
52400 1
52500 0
52600 1
52700 2
52800 2
52900 0
53000 0
53100 0
53200 2
53300 0
53400 0
53500 1
53600 0
53700 0
53800 0
53900 0
54000 0
54100 0
54200 5
54300 19
54400 29
54500 6
54600 1
54700 0
54800 0
54900 0
55000 0
55100 0
55200 1
55300 0
55400 0
55500 0
55600 0
55700 1
55800 0
55900 2
56000 2
56100 0
56200 0
56300 0
56400 0
56500 0
56600 0
56700 1
56800 2
56900 1
57000 1
57100 1
57200 0
57300 1
57400 0
57500 1
57600 0
57700 0
57800 0
57900 0
58000 1
58100 1
58200 1
58300 0
58400 0
58500 1
58600 0
58700 1
58800 0
58900 0
59000 1
59100 0
59200 0
59300 0
59400 0
59500 0
59600 0
59700 0
59800 1
59900 0
60000 0
60100 0
60200 0
60300 0
60400 1
60500 1
60600 1
60700 0
60800 0
60900 1
61000 0
61100 2
61200 1
61300 1
61400 2
61500 0
61600 1
61700 0
61800 1
61900 0
62000 0
62100 0
62200 0
62300 2
62400 3
62500 38
62600 98
62700 54
62800 16
62900 3
63000 0
63100 1
63200 0
63300 0
63400 1
63500 0
63600 0
63700 0
63800 0
63900 0
64000 0
64100 1
64200 2
64300 1
64400 0
64500 0
64600 0
64700 0
64800 0
64900 0
65000 0
65100 0
65200 0
65300 0
65400 0
65500 1
65600 0
65700 1
65800 0
65900 0
66000 0
66100 0
66200 0
66300 1
66400 0
66500 1
66600 0
66700 1
66800 0
66900 0
67000 1
67100 0
67200 1
67300 1
67400 0
67500 2
67600 1
67700 0
67800 0
67900 0
68000 0
68100 0
68200 0
68300 0
68400 0
68500 0
68600 0
68700 0
68800 1
68900 0
69000 0
69100 0
69200 0
69300 1
69400 0
69500 0
69600 0
69700 0
69800 0
69900 1
70000 0
70100 0
70200 0
70300 1
70400 0
70500 0
70600 0
70700 0
70800 0
70900 0
71000 1
71100 1
71200 0
71300 2
71400 1
71500 0
71600 1
71700 1
71800 0
71900 0
72000 0
72100 1
72200 0
72300 0
72400 1
72500 0
72600 1
72700 0
72800 1
72900 0
73000 0
73100 0
73200 0
73300 0
73400 0
73500 2
73600 0
73700 0
73800 0
73900 0
74000 0
74100 2
74200 0
74300 0
74400 0
74500 0
74600 0
74700 1
74800 0
74900 0
75000 1
75100 0
75200 1
75300 1
75400 0
75500 9
75600 30
75700 95
75800 76
75900 10
76000 2
76100 2
76200 0
76300 1
76400 1
76500 1
76600 0
76700 0
76800 0
76900 0
77000 0
77100 0
77200 1
77300 0
77400 2
77500 1
77600 1
77700 0
77800 0
77900 1
78000 1
78100 0
78200 0
78300 0
78400 2
78500 0
78600 0
78700 0
78800 0
78900 0
79000 0
79100 1
79200 0
79300 0
79400 0
79500 0
79600 1
79700 1
79800 0
79900 1
80000 2
80100 1
80200 2
80300 0
80400 0
80500 0
80600 1
80700 0
80800 0
80900 0
81000 0
81100 0
81200 1
81300 0
81400 0
81500 0
81600 0
81700 1
81800 1
81900 0
82000 0
82100 0
82200 1
82300 0
82400 1
82500 1
82600 0
82700 0
82800 0
82900 0
83000 0
83100 0
83200 1
83300 0
83400 1
83500 0
83600 0
83700 0
83800 0
83900 0
84000 1
84100 1
84200 0
84300 1
84400 0
84500 1
84600 1
84700 0
84800 0
84900 2
85000 0
85100 0
85200 0
85300 1
85400 0
85500 1
85600 2
85700 1
85800 1
85900 0
86000 0
86100 1
86200 2
86300 0
86400 0
86500 0
86600 0
86700 0
86800 0
86900 0
87000 1
87100 0
87200 0
87300 0
87400 0
87500 0
87600 0
87700 0
87800 0
87900 0
88000 0
88100 0
88200 0
88300 0
88400 2
88500 0
88600 2
88700 17
88800 74
88900 108
89000 32
89100 4
89200 1
89300 1
89400 0
89500 1
89600 1
89700 0
89800 0
89900 0
90000 1
90100 1
90200 0
90300 0
90400 1
90500 0
90600 1
90700 1
90800 0
90900 1
91000 0
91100 1
91200 0
91300 0
91400 0
91500 0
91600 1
91700 1
91800 0
91900 0
92000 0
92100 0
92200 1
92300 0
92400 1
92500 0
92600 0
92700 0
92800 0
92900 0
93000 0
93100 0
93200 0
93300 2
93400 0
93500 0
93600 0
93700 1
93800 1
93900 0
94000 0
94100 1
94200 0
94300 0
94400 0
94500 1
94600 1
94700 1
94800 0
94900 0
95000 0
95100 1
95200 0
95300 0
95400 0
95500 0
95600 2
95700 1
95800 2
95900 0
96000 1
96100 1
96200 0
96300 0
96400 1
96500 0
96600 0
96700 0
96800 1
96900 0
97000 3
97100 0
97200 1
97300 0
97400 0
97500 0
97600 0
97700 0
97800 1
97900 0
98000 0
98100 0
98200 0
98300 0
98400 0
98500 1
98600 0
98700 0
98800 1
98900 2
99000 0
99100 1
99200 0
99300 0
99400 0
99500 1
99600 0
99700 0
99800 1
99900 0
100000 0
100100 0
100200 0
100300 0
100400 0
100500 0
100600 0
100700 0
100800 0
100900 0
101000 0
101100 0
101200 0
101300 0
101400 0
101500 0
101600 0
101700 0
101800 2
101900 46
102000 99
102100 59
102200 14
102300 1
102400 0
102500 0
102600 0
102700 1
102800 1
102900 0
103000 1
103100 0
103200 2
103300 1
103400 0
103500 0
103600 2
103700 0
103800 1
103900 1
104000 0
104100 0
104200 0
104300 1
104400 1
104500 0
104600 2
104700 0
104800 0
104900 1
105000 1
105100 0
105200 0
105300 1
105400 0
105500 1
105600 0
105700 0
105800 0
105900 1
106000 0
106100 0
106200 1
106300 1
106400 0
106500 1
106600 0
106700 1
106800 1
106900 2
107000 0
107100 0
107200 1
107300 0
107400 1
107500 0
107600 0
107700 0
107800 1
107900 1
108000 0
108100 0
108200 0
108300 1
108400 1
108500 1
108600 0
108700 0
108800 0
108900 2
109000 0
109100 0
109200 0
109300 0
109400 0
109500 2
109600 0
109700 0
109800 1
109900 1
110000 2
110100 0
110200 1
110300 0
110400 3
110500 0
110600 0
110700 0
110800 1
110900 0
111000 0
111100 1
111200 2
111300 1
111400 0
111500 0
111600 0
111700 1
111800 0
111900 1
112000 0
112100 2
112200 0
112300 0
112400 0
112500 0
112600 0
112700 0
112800 0
112900 1
113000 1
113100 0
113200 2
113300 1
113400 0
113500 0
113600 1
113700 0
113800 1
113900 0
114000 0
114100 0
114200 0
114300 0
114400 1
114500 1
114600 0
114700 1
114800 0
114900 4
115000 20
115100 86
115200 72
115300 15
115400 3
115500 0
115600 0
115700 0
115800 0
115900 0
116000 0
116100 1
116200 0
116300 0
116400 0
116500 0
116600 3
116700 1
116800 0
116900 0
117000 0
117100 0
117200 2
117300 0
117400 1
117500 0
117600 0
117700 0
117800 0
117900 1
118000 1
118100 1
118200 1
118300 0
118400 1
118500 1
118600 0
118700 1
118800 0
118900 0
119000 0
119100 0
119200 0
119300 0
119400 0
119500 0
119600 0
119700 0
119800 2
119900 1
120000 0
120100 1
120200 1
120300 0
120400 0
120500 0
120600 0
120700 0
120800 1
120900 2
121000 0
121100 0
121200 0
121300 0
121400 1
121500 1
121600 0
121700 1
121800 0
121900 0
122000 0
122100 0
122200 0
122300 0
122400 1
122500 1
122600 1
122700 0
122800 0
122900 0
123000 1
123100 2
123200 0
123300 0
123400 0
123500 2
123600 0
123700 0
123800 0
123900 1
124000 1
124100 0
124200 2
124300 0
124400 0
124500 0
124600 0
124700 0
124800 0
124900 0
125000 1
125100 0
125200 1
125300 0
125400 1
125500 0
125600 0
125700 0
125800 0
125900 1
126000 2
126100 0
126200 1
126300 0
126400 0
126500 0
126600 1
126700 0
126800 0
126900 1
127000 0
127100 0
127200 1
127300 0
127400 0
127500 0
127600 0
127700 1
127800 1
127900 0
128000 3
128100 13
128200 69
128300 98
128400 42
128500 1
128600 1
128700 0
128800 0
128900 0
129000 0
129100 0
129200 2
129300 0
129400 0
129500 0
129600 0
129700 2
129800 0
129900 0
130000 0
130100 0
130200 1
130300 0
130400 0
130500 0
130600 0
130700 0
130800 1
130900 0
131000 0
131100 0
131200 0
131300 0
131400 0
131500 1
131600 1
131700 0
131800 0
131900 0
132000 1
132100 1
132200 0
132300 0
132400 0
132500 0
132600 1
132700 1
132800 0
132900 1
133000 1
133100 0
133200 0
133300 0
133400 0
133500 1
133600 2
133700 0
133800 0
133900 0
134000 0
134100 0
134200 1
134300 0
134400 0
134500 0
134600 2
134700 1
134800 1
134900 0
135000 0
135100 0
135200 1
135300 0
135400 1
135500 0
135600 3
135700 0
135800 0
135900 0
136000 1
136100 0
136200 0
136300 0
136400 3
136500 2
136600 2
136700 0
136800 1
136900 2
137000 0
137100 0
137200 0
137300 1
137400 0
137500 0
137600 0
137700 0
137800 0
137900 1
138000 0
138100 0
138200 1
138300 0
138400 0
138500 0
138600 0
138700 0
138800 3
138900 1
139000 0
139100 0
139200 2
139300 0
139400 0
139500 2
139600 0
139700 0
139800 0
139900 0
140000 0
140100 0
140200 0
140300 0
140400 0
140500 0
140600 0
140700 0
140800 0
140900 0
141000 2
141100 0
141200 5
141300 43
141400 90
141500 61
141600 8
141700 0
141800 0
141900 0
142000 0
142100 0
142200 2
142300 0
142400 3
142500 0
142600 0
142700 0
142800 0
142900 1
143000 2
143100 1
143200 1
143300 1
143400 0
143500 0
143600 0
143700 1
143800 1
143900 0
144000 0
144100 0
144200 0
144300 0
144400 0
144500 1
144600 0
144700 0
144800 1
144900 0
145000 0
145100 0
145200 1
145300 0
145400 0
145500 0
145600 1
145700 0
145800 1
145900 0
146000 1
146100 2
146200 1
146300 0
146400 1
146500 0
146600 2
146700 0
146800 1
146900 0
147000 1
147100 0
147200 0
147300 0
147400 0
147500 0
147600 1
147700 2
147800 2
147900 0
148000 0
148100 0
148200 0
148300 1
148400 0
148500 0
148600 1
148700 1
148800 1
148900 2
149000 1
149100 0
149200 0
149300 0
149400 0
149500 1
149600 0
149700 1
149800 1
149900 1
150000 1
150100 1
150200 1
150300 1
150400 1
150500 1
150600 0
150700 0
150800 0
150900 0
151000 0
151100 0
151200 0
151300 0
151400 0
151500 0
151600 1
151700 0
151800 1
151900 1
152000 0
152100 0
152200 0
152300 0
152400 1
152500 0
152600 0
152700 0
152800 0
152900 0
153000 0
153100 2
153200 0
153300 1
153400 1
153500 0
153600 1
153700 0
153800 0
153900 0
154000 2
154100 1
154200 0
154300 4
154400 21
154500 81
154600 78
154700 28
154800 0
154900 0
155000 0
155100 0
155200 0
155300 2
155400 0
155500 0
155600 0
155700 1
155800 1
155900 1
156000 0
156100 0
156200 1
156300 0
156400 0
156500 1
156600 0
156700 0
156800 1
156900 0
157000 1
157100 0
157200 0
157300 1
157400 0
157500 0
157600 1
157700 1
157800 0
157900 1
158000 0
158100 1
158200 0
158300 0
158400 1
158500 2
158600 0
158700 0
158800 1
158900 2
159000 0
159100 0
159200 0
159300 0
159400 0
159500 1
159600 0
159700 0
159800 1
159900 2
160000 0
160100 0
160200 0
160300 0
160400 1
160500 1
160600 0
160700 0
160800 0
160900 1
161000 0
161100 0
161200 0
161300 0
161400 2
161500 1
161600 2
161700 0
161800 1
161900 1
162000 0
162100 0
162200 2
162300 1
162400 0
162500 0
162600 0
162700 0
162800 0
162900 0
163000 0
163100 0
163200 0
163300 0
163400 0
163500 0
163600 0
163700 1
163800 1
163900 1
164000 0
164100 0
164200 0
164300 0
164400 0
164500 0
164600 0
164700 0
164800 0
164900 0
165000 0
165100 0
165200 0
165300 0
165400 0
165500 0
165600 1
165700 0
165800 0
165900 1
166000 0
166100 0
166200 1
166300 0
166400 1
166500 0
166600 0
166700 0
166800 0
166900 0
167000 0
167100 1
167200 0
167300 0
167400 2
167500 11
167600 73
167700 101
167800 41
167900 11
168000 0
168100 0
168200 1
168300 0
168400 1
168500 0
168600 0
168700 0
168800 1
168900 1
169000 0
169100 0
169200 0
169300 0
169400 1
169500 0
169600 2
169700 1
169800 0
169900 0
170000 0
170100 0
170200 0
170300 1
170400 1
170500 0
170600 0
170700 2
170800 0
170900 0
171000 0
171100 0
171200 0
171300 0
171400 0
171500 2
171600 1
171700 0
171800 0
171900 1
172000 0
172100 0
172200 0
172300 0
172400 0
172500 0
172600 3
172700 0
172800 1
172900 1
173000 0
173100 0
173200 0
173300 1
173400 1
173500 0
173600 0
173700 0
173800 0
173900 1
174000 0
174100 0
174200 0
174300 0
174400 0
174500 0
174600 0
174700 1
174800 0
174900 0
175000 0
175100 1
175200 0
175300 0
175400 1
175500 0
175600 0
175700 1
175800 1
175900 0
176000 1
176100 1
176200 0
176300 1
176400 0
176500 0
176600 0
176700 1
176800 0
176900 0
177000 2
177100 1
177200 1
177300 0
177400 0
177500 0
177600 0
177700 1
177800 0
177900 0
178000 2
178100 0
178200 0
178300 1
178400 0
178500 2
178600 2
178700 0
178800 0
178900 0
179000 0
179100 1
179200 1
179300 0
179400 0
179500 0
179600 0
179700 0
179800 0
179900 0
180000 0
180100 0
180200 1
180300 0
180400 1
180500 0
180600 5
180700 35
180800 113
180900 71
181000 13
181100 1
181200 1
181300 2
181400 1
181500 1
181600 1
181700 1
181800 1
181900 0
182000 0
182100 0
182200 0
182300 0
182400 1
182500 2
182600 1
182700 0
182800 0
182900 0
183000 1
183100 1
183200 0
183300 0
183400 0
183500 2
183600 0
183700 0
183800 0
183900 0
184000 0
184100 2
184200 0
184300 2
184400 1
184500 2
184600 0
184700 0
184800 0
184900 0
185000 0
185100 0
185200 1
185300 3
185400 0
185500 2
185600 1
185700 0
185800 1
185900 3
186000 0
186100 0
186200 0
186300 0
186400 1
186500 0
186600 0
186700 0
186800 0
186900 0
187000 0
187100 1
187200 0
187300 0
187400 0
187500 1
187600 0
187700 0
187800 1
187900 0
188000 0
188100 1
188200 0
188300 1
188400 0
188500 0
188600 0
188700 0
188800 0
188900 0
189000 0
189100 0
189200 0
189300 0
189400 0
189500 0
189600 1
189700 0
189800 0
189900 1
190000 0
190100 0
190200 1
190300 1
190400 0
190500 0
190600 2
190700 2
190800 0
190900 0
191000 0
191100 0
191200 0
191300 0
191400 0
191500 1
191600 1
191700 1
191800 1
191900 0
192000 0
192100 0
192200 1
192300 0
192400 0
192500 1
192600 2
192700 0
192800 0
192900 1
193000 1
193100 1
193200 0
193300 0
193400 0
193500 1
193600 1
193700 4
193800 19
193900 62
194000 102
194100 22
194200 2
194300 0
194400 0
194500 1
194600 0
194700 0
194800 0
194900 1
195000 1
195100 0
195200 0
195300 3
195400 1
195500 0
195600 0
195700 1
195800 0
195900 1
196000 0
196100 0
196200 1
196300 0
196400 0
196500 1
196600 0
196700 1
196800 0
196900 2
197000 0
197100 0
197200 0
197300 2
197400 0
197500 1
197600 0
197700 1
197800 1
197900 0
198000 1
198100 0
198200 1
198300 0
198400 0
198500 0
198600 0
198700 1
198800 0
198900 0
199000 2
199100 0
199200 0
199300 1
199400 1
199500 0
199600 0
199700 0
199800 0
199900 0
200000 0
200100 1
200200 1
200300 0
200400 0
200500 0
200600 0
200700 0
200800 0
200900 1
201000 1
201100 0
201200 0
201300 1
201400 0
201500 1
201600 1
201700 1
201800 1
201900 0
202000 0
202100 0
202200 0
202300 0
202400 0
202500 1
202600 1
202700 0
202800 1
202900 0
203000 0
203100 0
203200 1
203300 0
203400 1
203500 0
203600 0
203700 0
203800 0
203900 0
204000 0
204100 0
204200 0
204300 0
204400 1
204500 0
204600 0
204700 1
204800 0
204900 0
205000 0
205100 1
205200 0
205300 0
205400 0
205500 1
205600 2
205700 0
205800 0
205900 0
206000 0
206100 1
206200 0
206300 1
206400 1
206500 1
206600 0
206700 1
206800 1
206900 11
207000 68
207100 100
207200 49
207300 5
207400 0
207500 1
207600 1
207700 1
207800 0
207900 0
208000 0
208100 2
208200 1
208300 0
208400 0
208500 0
208600 0
208700 0
208800 0
208900 0
209000 0
209100 0
209200 0
209300 0
209400 0
209500 0
209600 0
209700 0
209800 1
209900 0
210000 0
210100 0
210200 0
210300 0
210400 1
210500 0
210600 0
210700 1
210800 0
210900 0
211000 0
211100 0
211200 0
211300 1
211400 0
211500 0
211600 0
211700 0
211800 0
211900 3
212000 2
212100 0
212200 0
212300 0
212400 0
212500 0
212600 1
212700 0
212800 1
212900 0
213000 0
213100 0
213200 0
213300 0
213400 0
213500 0
213600 0
213700 0
213800 0
213900 0
214000 0
214100 1
214200 0
214300 0
214400 0
214500 0
214600 0
214700 0
214800 2
214900 0
215000 1
215100 0
215200 1
215300 1
215400 0
215500 0
215600 0
215700 0
215800 0
215900 0
216000 1
216100 1
216200 1
216300 0
216400 1
216500 0
216600 2
216700 0
216800 1
216900 2
217000 1
217100 0
217200 2
217300 0
217400 2
217500 0
217600 0
217700 0
217800 0
217900 1
218000 0
218100 0
218200 0
218300 1
218400 1
218500 0
218600 0
218700 0
218800 0
218900 2
219000 2
219100 0
219200 0
219300 0
219400 0
219500 1
219600 2
219700 1
219800 1
219900 0
220000 3
220100 33
220200 91
220300 65
220400 20
220500 0
220600 1
220700 1
220800 0
220900 0
221000 0
221100 0
221200 0
221300 0
221400 1
221500 0
221600 0
221700 1
221800 0
221900 1
222000 0
222100 0
222200 0
222300 0
222400 0
222500 1
222600 1
222700 1
222800 0
222900 0
223000 0
223100 0
223200 0
223300 2
223400 0
223500 3
223600 1
223700 0
223800 1
223900 0
224000 0
224100 0
224200 1
224300 0
224400 0
224500 1
224600 0
224700 0
224800 0
224900 0
225000 0
225100 0
225200 0
225300 1
225400 0
225500 1
225600 0
225700 0
225800 1
225900 0
226000 1
226100 0
226200 0
226300 0
226400 1
226500 0
226600 0
226700 1
226800 1
226900 0
227000 1
227100 0
227200 0
227300 2
227400 1
227500 2
227600 1
227700 0
227800 1
227900 0
228000 1
228100 0
228200 0
228300 0
228400 0
228500 0
228600 0
228700 0
228800 0
228900 0
229000 1
229100 0
229200 0
229300 1
229400 0
229500 0
229600 1
229700 0
229800 0
229900 1
230000 0
230100 0
230200 0
230300 0
230400 0
230500 1
230600 0
230700 0
230800 0
230900 0
231000 0
231100 0
231200 0
231300 0
231400 2
231500 1
231600 0
231700 2
231800 0
231900 0
232000 0
232100 1
232200 2
232300 0
232400 1
232500 0
232600 0
232700 0
232800 0
232900 1
233000 0
233100 2
233200 26
233300 86
233400 83
233500 29
233600 2
233700 0
233800 0
233900 2
234000 1
234100 0
234200 1
234300 1
234400 0
234500 1
234600 2
234700 0
234800 0
234900 1
235000 0
235100 0
235200 0
235300 0
235400 0
235500 0
235600 3
235700 0
235800 0
235900 0
236000 1
236100 2
236200 0
236300 2
236400 1
236500 0
236600 0
236700 1
236800 0
236900 1
237000 0
237100 0
237200 1
237300 0
237400 1
237500 1
237600 0
237700 0
237800 0
237900 0
238000 0
238100 0
238200 0
238300 0
238400 0
238500 0
238600 0
238700 0
238800 0
238900 0
239000 0
239100 0
239200 2
239300 0
239400 1
239500 1
239600 1
239700 0
239800 1
239900 0
240000 1
240100 0
240200 0
240300 1
240400 1
240500 1
240600 1
240700 0
240800 0
240900 0
241000 0
241100 0
241200 0
241300 0
241400 0
241500 0
241600 0
241700 1
241800 0
241900 0
242000 0
242100 1
242200 0
242300 0
242400 2
242500 0
242600 0
242700 0
242800 1
242900 1
243000 0
243100 1
243200 1
243300 1
243400 1
243500 0
243600 2
243700 0
243800 0
243900 1
244000 0
244100 0
244200 0
244300 1
244400 0
244500 0
244600 0
244700 0
244800 2
244900 0
245000 2
245100 1
245200 1
245300 1
245400 0
245500 1
245600 2
245700 0
245800 0
245900 0
246000 2
246100 0
246200 1
246300 17
246400 57
246500 97
246600 56
246700 12
246800 4
246900 1
247000 0
247100 0
247200 0
247300 0
247400 0
247500 0
247600 1
247700 0
247800 1
247900 0
248000 0
248100 1
248200 0
248300 1
248400 0
248500 0
248600 1
248700 0
248800 1
248900 0
249000 1
249100 1
249200 1
249300 0
249400 0
249500 1
249600 0
249700 0
249800 1
249900 0
250000 0
250100 1
250200 2
250300 1
250400 1
250500 0
250600 0
250700 1
250800 0
250900 0
251000 1
251100 1
251200 1
251300 1
251400 1
251500 1
251600 0
251700 0
251800 1
251900 0
252000 0
252100 0
252200 0
252300 1
252400 1
252500 1
252600 1
252700 1
252800 1
252900 0
253000 1
253100 1
253200 1
253300 0
253400 0
253500 1
253600 0
253700 0
253800 0
253900 0
254000 0
254100 1
254200 0
254300 1
254400 1
254500 0
254600 0
254700 0
254800 0
254900 1
255000 0
255100 0
255200 0
255300 3
255400 0
255500 0
255600 0
255700 1
255800 0
255900 0
256000 0
256100 0
256200 0
256300 0
256400 0
256500 0
256600 0
256700 1
256800 0
256900 0
257000 4
257100 1
257200 0
257300 1
257400 1
257500 0
257600 0
257700 2
257800 0
257900 0
258000 1
258100 2
258200 0
258300 1
258400 1
258500 0
258600 0
258700 0
258800 0
258900 0
259000 1
259100 1
259200 0
259300 0
259400 7
259500 30
259600 93
259700 72
259800 6
259900 3
260000 1
260100 0
260200 0
260300 1
260400 0
260500 0
260600 0
260700 0
260800 1
260900 0
261000 0
261100 0
261200 1
261300 0
261400 1
261500 0
261600 0
261700 0
261800 0
261900 0
262000 0
262100 0
262200 1
262300 0
262400 0
262500 0
262600 1
262700 0
262800 0
262900 0
263000 0
263100 0
263200 0
263300 0
263400 0
263500 0
263600 0
263700 0
263800 0
263900 1
264000 0
264100 1
264200 0
264300 0
264400 0
264500 1
264600 1
264700 0
264800 0
264900 0
265000 2
265100 0
265200 1
265300 0
265400 1
265500 0
265600 0
265700 0
265800 2
265900 1
266000 2
266100 1
266200 0
266300 0
266400 1
266500 1
266600 0
266700 0
266800 0
266900 1
267000 1
267100 0
267200 0
267300 0
267400 0
267500 1
267600 0
267700 0
267800 0
267900 1
268000 1
268100 1
268200 0
268300 1
268400 0
268500 0
268600 0
268700 0
268800 0
268900 0
269000 0
269100 0
269200 3
269300 1
269400 1
269500 1
269600 1
269700 0
269800 1
269900 0
270000 0
270100 0
270200 0
270300 0
270400 1
270500 1
270600 0
270700 1
270800 0
270900 1
271000 0
271100 0
271200 0
271300 2
271400 0
271500 0
271600 1
271700 0
271800 0
271900 0
272000 0
272100 1
272200 0
272300 0
272400 1
272500 2
272600 25
272700 82
272800 79
272900 39
273000 2
273100 0
273200 0
273300 0
273400 1
273500 0
273600 0
273700 2
273800 0
273900 0
274000 1
274100 1
274200 0
274300 0
274400 0
274500 1
274600 2
274700 0
274800 0
274900 0
275000 0
275100 0
275200 0
275300 0
275400 0
275500 0
275600 1
275700 0
275800 0
275900 1
276000 0
276100 0
276200 1
276300 0
276400 2
276500 1
276600 1
276700 0
276800 1
276900 0
277000 0
277100 1
277200 1
277300 0
277400 1
277500 0
277600 1
277700 1
277800 0
277900 1
278000 3
278100 3
278200 0
278300 1
278400 0
278500 0
278600 1
278700 0
278800 0
278900 0
279000 0
279100 0
279200 0
279300 0
279400 1
279500 0
279600 0
279700 0
279800 0
279900 0
280000 0
280100 0
280200 0
280300 0
280400 0
280500 0
280600 1
280700 0
280800 0
280900 0
281000 0
281100 0
281200 0
281300 0
281400 1
281500 0
281600 1
281700 0
281800 1
281900 0
282000 1
282100 1
282200 0
282300 0
282400 0
282500 0
282600 0
282700 1
282800 0
282900 0
283000 0
283100 0
283200 0
283300 1
283400 1
283500 0
283600 0
283700 0
283800 0
283900 0
284000 1
284100 0
284200 0
284300 0
284400 1
284500 1
284600 1
284700 1
284800 0
284900 0
285000 1
285100 1
285200 1
285300 0
285400 2
285500 0
285600 2
285700 11
285800 42
285900 94
286000 52
286100 7
286200 1
286300 1
286400 1
286500 0
286600 0
286700 0
286800 0
286900 1
287000 1
287100 0
287200 0
287300 1
287400 1
287500 0
287600 0
287700 0
287800 0
287900 0
288000 0
288100 0
288200 0
288300 0
288400 1
288500 1
288600 0
288700 1
288800 0
288900 0
289000 1
289100 0
289200 1
289300 2
289400 0
289500 0
289600 0
289700 0
289800 0
289900 0
290000 0
290100 0
290200 0
290300 0
290400 0
290500 0
290600 0
290700 0
290800 0
290900 0
291000 0
291100 1
291200 0
291300 0
291400 0
291500 0
291600 0
291700 0
291800 0
291900 0
292000 0
292100 0
292200 0
292300 1
292400 0
292500 1
292600 0
292700 1
292800 0
292900 1
293000 0
293100 0
293200 2
293300 0
293400 0
293500 0
293600 1
293700 1
293800 0
293900 0
294000 0
294100 1
294200 0
294300 1
294400 0
294500 0
294600 0
294700 0
294800 0
294900 0
295000 0
295100 0
295200 0
295300 0
295400 1
295500 0
295600 0
295700 0
295800 1
295900 1
296000 1
296100 1
296200 0
296300 1
296400 0
296500 1
296600 0
296700 1
296800 0
296900 1
297000 1
297100 0
297200 0
297300 0
297400 0
297500 1
297600 1
297700 1
297800 1
297900 0
298000 0
298100 0
298200 0
298300 0
298400 0
298500 0
298600 1
298700 0
298800 3
298900 28
299000 94
299100 79
299200 17
299300 2
299400 2
299500 0
299600 1
299700 0
299800 1
299900 0
300000 1
300100 2
300200 0
300300 1
300400 1
300500 0
300600 0
300700 0
300800 0
300900 0
301000 0
301100 0
301200 2
301300 0
301400 0
301500 0
301600 1
301700 0
301800 0
301900 0
302000 0
302100 0
302200 1
302300 0
302400 1
302500 2
302600 0
302700 0
302800 0
302900 0
303000 1
303100 3
303200 1
303300 0
303400 0
303500 0
303600 1
303700 0
303800 2
303900 2
304000 0
304100 1
304200 0
304300 0
304400 0
304500 1
304600 0
304700 0
304800 0
304900 1
305000 1
305100 0
305200 2
305300 0
305400 0
305500 0
305600 0
305700 0
305800 0
305900 0
306000 0
306100 0
306200 0
306300 1
306400 2
306500 0
306600 0
306700 0
306800 0
306900 0
307000 0
307100 0
307200 0
307300 0
307400 0
307500 0
307600 0
307700 0
307800 0
307900 0
308000 1
308100 1
308200 1
308300 0
308400 0
308500 0
308600 2
308700 0
308800 2
308900 1
309000 1
309100 0
309200 0
309300 2
309400 1
309500 1
309600 1
309700 1
309800 0
309900 0
