-290000 1
-289900 2
-289800 2
-289700 1
-289600 1
-289500 2
-289400 1
-289300 1
-289200 1
-289100 3
-289000 1
-288900 3
-288800 0
-288700 1
-288600 1
-288500 2
-288400 1
-288300 0
-288200 2
-288100 1
-288000 3
-287900 1
-287800 1
-287700 0
-287600 3
-287500 0
-287400 1
-287300 2
-287200 3
-287100 3
-287000 4
-286900 2
-286800 2
-286700 1
-286600 2
-286500 1
-286400 0
-286300 1
-286200 3
-286100 3
-286000 1
-285900 1
-285800 1
-285700 1
-285600 3
-285500 2
-285400 0
-285300 1
-285200 1
-285100 0
-285000 1
-284900 3
-284800 1
-284700 1
-284600 3
-284500 1
-284400 3
-284300 2
-284200 2
-284100 2
-284000 0
-283900 3
-283800 0
-283700 1
-283600 0
-283500 1
-283400 1
-283300 1
-283200 3
-283100 2
-283000 1
-282900 1
-282800 1
-282700 0
-282600 1
-282500 3
-282400 1
-282300 0
-282200 1
-282100 0
-282000 0
-281900 1
-281800 1
-281700 1
-281600 0
-281500 1
-281400 2
-281300 1
-281200 2
-281100 0
-281000 2
-280900 2
-280800 2
-280700 0
-280600 2
-280500 1
-280400 0
-280300 3
-280200 0
-280100 1
-280000 2
-279900 2
-279800 3
-279700 0
-279600 2
-279500 2
-279400 2
-279300 3
-279200 9
-279100 117
-279000 502
-278900 870
-278800 436
-278700 75
-278600 8
-278500 1
-278400 2
-278300 1
-278200 1
-278100 1
-278000 0
-277900 3
-277800 3
-277700 1
-277600 0
-277500 3
-277400 3
-277300 2
-277200 1
-277100 1
-277000 2
-276900 1
-276800 0
-276700 1
-276600 0
-276500 1
-276400 1
-276300 0
-276200 0
-276100 1
-276000 3
-275900 1
-275800 2
-275700 0
-275600 0
-275500 4
-275400 2
-275300 0
-275200 1
-275100 1
-275000 0
-274900 1
-274800 1
-274700 2
-274600 3
-274500 0
-274400 0
-274300 0
-274200 2
-274100 3
-274000 3
-273900 4
-273800 1
-273700 1
-273600 0
-273500 0
-273400 0
-273300 0
-273200 4
-273100 1
-273000 0
-272900 1
-272800 3
-272700 1
-272600 1
-272500 1
-272400 1
-272300 0
-272200 2
-272100 0
-272000 3
-271900 1
-271800 1
-271700 1
-271600 2
-271500 3
-271400 0
-271300 0
-271200 2
-271100 0
-271000 2
-270900 1
-270800 1
-270700 2
-270600 3
-270500 0
-270400 0
-270300 1
-270200 1
-270100 0
-270000 1
-269900 1
-269800 1
-269700 0
-269600 2
-269500 0
-269400 2
-269300 1
-269200 2
-269100 1
-269000 1
-268900 0
-268800 2
-268700 1
-268600 2
-268500 2
-268400 0
-268300 1
-268200 1
-268100 0
-268000 1
-267900 3
-267800 1
-267700 1
-267600 2
-267500 1
-267400 0
-267300 1
-267200 1
-267100 1
-267000 0
-266900 0
-266800 2
-266700 1
-266600 0
-266500 1
-266400 2
-266300 1
-266200 1
-266100 6
-266000 37
-265900 333
-265800 833
-265700 654
-265600 135
-265500 14
-265400 2
-265300 1
-265200 3
-265100 0
-265000 0
-264900 3
-264800 0
-264700 1
-264600 1
-264500 1
-264400 0
-264300 1
-264200 1
-264100 1
-264000 1
-263900 2
-263800 0
-263700 1
-263600 2
-263500 2
-263400 2
-263300 2
-263200 2
-263100 2
-263000 1
-262900 0
-262800 0
-262700 1
-262600 1
-262500 1
-262400 1
-262300 1
-262200 2
-262100 2
-262000 0
-261900 2
-261800 0
-261700 2
-261600 0
-261500 3
-261400 2
-261300 0
-261200 0
-261100 1
-261000 5
-260900 6
-260800 4
-260700 1
-260600 2
-260500 0
-260400 3
-260300 1
-260200 1
-260100 1
-260000 1
-259900 2
-259800 2
-259700 0
-259600 1
-259500 1
-259400 3
-259300 1
-259200 0
-259100 0
-259000 0
-258900 1
-258800 2
-258700 1
-258600 1
-258500 2
-258400 1
-258300 1
-258200 0
-258100 0
-258000 2
-257900 2
-257800 2
-257700 0
-257600 3
-257500 1
-257400 0
-257300 2
-257200 2
-257100 3
-257000 1
-256900 0
-256800 2
-256700 0
-256600 1
-256500 1
-256400 3
-256300 2
-256200 1
-256100 1
-256000 2
-255900 0
-255800 2
-255700 4
-255600 1
-255500 0
-255400 0
-255300 0
-255200 2
-255100 2
-255000 3
-254900 3
-254800 0
-254700 2
-254600 2
-254500 2
-254400 1
-254300 0
-254200 3
-254100 1
-254000 0
-253900 2
-253800 1
-253700 0
-253600 3
-253500 1
-253400 1
-253300 0
-253200 4
-253100 1
-253000 5
-252900 27
-252800 201
-252700 738
-252600 760
-252500 264
-252400 26
-252300 6
-252200 0
-252100 2
-252000 2
-251900 0
-251800 1
-251700 0
-251600 2
-251500 0
-251400 4
-251300 0
-251200 1
-251100 0
-251000 2
-250900 1
-250800 3
-250700 1
-250600 3
-250500 1
-250400 1
-250300 2
-250200 4
-250100 0
-250000 0
-249900 0
-249800 1
-249700 1
-249600 3
-249500 3
-249400 0
-249300 0
-249200 0
-249100 3
-249000 2
-248900 1
-248800 1
-248700 1
-248600 0
-248500 1
-248400 2
-248300 3
-248200 2
-248100 0
-248000 1
-247900 0
-247800 2
-247700 7
-247600 2
-247500 0
-247400 1
-247300 0
-247200 1
-247100 1
-247000 1
-246900 1
-246800 1
-246700 2
-246600 0
-246500 1
-246400 2
-246300 0
-246200 2
-246100 2
-246000 3
-245900 0
-245800 1
-245700 0
-245600 2
-245500 0
-245400 0
-245300 3
-245200 4
-245100 0
-245000 1
-244900 0
-244800 0
-244700 2
-244600 1
-244500 1
-244400 1
-244300 1
-244200 1
-244100 1
-244000 1
-243900 1
-243800 1
-243700 1
-243600 3
-243500 1
-243400 0
-243300 3
-243200 2
-243100 3
-243000 2
-242900 1
-242800 0
-242700 1
-242600 0
-242500 2
-242400 2
-242300 0
-242200 3
-242100 3
-242000 2
-241900 3
-241800 0
-241700 1
-241600 1
-241500 3
-241400 1
-241300 0
-241200 3
-241100 1
-241000 0
-240900 0
-240800 2
-240700 0
-240600 0
-240500 1
-240400 1
-240300 0
-240200 2
-240100 2
-240000 1
-239900 1
-239800 3
-239700 79
-239600 517
-239500 920
-239400 440
-239300 81
-239200 6
-239100 2
-239000 0
-238900 1
-238800 0
-238700 4
-238600 4
-238500 0
-238400 2
-238300 1
-238200 1
-238100 2
-238000 1
-237900 4
-237800 5
-237700 2
-237600 1
-237500 3
-237400 0
-237300 0
-237200 2
-237100 3
-237000 0
-236900 1
-236800 0
-236700 1
-236600 2
-236500 2
-236400 3
-236300 1
-236200 2
-236100 1
-236000 1
-235900 2
-235800 0
-235700 1
-235600 3
-235500 3
-235400 1
-235300 1
-235200 0
-235100 0
-235000 1
-234900 0
-234800 1
-234700 1
-234600 6
-234500 0
-234400 3
-234300 1
-234200 2
-234100 1
-234000 0
-233900 2
-233800 4
-233700 2
-233600 3
-233500 0
-233400 1
-233300 1
-233200 2
-233100 0
-233000 1
-232900 1
-232800 1
-232700 2
-232600 0
-232500 0
-232400 0
-232300 1
-232200 2
-232100 3
-232000 2
-231900 5
-231800 0
-231700 1
-231600 2
-231500 1
-231400 0
-231300 2
-231200 0
-231100 2
-231000 3
-230900 1
-230800 3
-230700 0
-230600 1
-230500 2
-230400 1
-230300 0
-230200 0
-230100 1
-230000 2
-229900 0
-229800 0
-229700 2
-229600 0
-229500 0
-229400 3
-229300 0
-229200 1
-229100 4
-229000 3
-228900 1
-228800 1
-228700 2
-228600 0
-228500 2
-228400 0
-228300 3
-228200 2
-228100 2
-228000 2
-227900 1
-227800 1
-227700 1
-227600 2
-227500 1
-227400 2
-227300 0
-227200 0
-227100 0
-227000 2
-226900 3
-226800 1
-226700 6
-226600 35
-226500 260
-226400 860
-226300 756
-226200 164
-226100 13
-226000 0
-225900 0
-225800 3
-225700 0
-225600 2
-225500 0
-225400 2
-225300 0
-225200 0
-225100 3
-225000 0
-224900 1
-224800 0
-224700 1
-224600 1
-224500 1
-224400 2
-224300 2
-224200 2
-224100 1
-224000 1
-223900 1
-223800 1
-223700 2
-223600 0
-223500 2
-223400 0
-223300 2
-223200 2
-223100 0
-223000 2
-222900 1
-222800 0
-222700 2
-222600 2
-222500 0
-222400 1
-222300 3
-222200 0
-222100 1
-222000 1
-221900 0
-221800 1
-221700 2
-221600 3
-221500 7
-221400 4
-221300 0
-221200 0
-221100 3
-221000 1
-220900 1
-220800 1
-220700 1
-220600 0
-220500 2
-220400 2
-220300 1
-220200 2
-220100 2
-220000 1
-219900 2
-219800 0
-219700 1
-219600 1
-219500 1
-219400 0
-219300 2
-219200 3
-219100 2
-219000 1
-218900 3
-218800 2
-218700 3
-218600 1
-218500 0
-218400 0
-218300 3
-218200 2
-218100 1
-218000 1
-217900 0
-217800 0
-217700 0
-217600 2
-217500 5
-217400 1
-217300 1
-217200 0
-217100 0
-217000 0
-216900 2
-216800 0
-216700 1
-216600 2
-216500 2
-216400 0
-216300 1
-216200 1
-216100 1
-216000 4
-215900 5
-215800 1
-215700 1
-215600 2
-215500 2
-215400 2
-215300 0
-215200 1
-215100 0
-215000 2
-214900 1
-214800 3
-214700 1
-214600 0
-214500 2
-214400 2
-214300 2
-214200 2
-214100 1
-214000 2
-213900 2
-213800 0
-213700 0
-213600 0
-213500 14
-213400 178
-213300 736
-213200 845
-213100 285
-213000 28
-212900 1
-212800 2
-212700 4
-212600 1
-212500 2
-212400 0
-212300 0
-212200 0
-212100 0
-212000 3
-211900 1
-211800 2
-211700 1
-211600 0
-211500 2
-211400 2
-211300 1
-211200 1
-211100 0
-211000 2
-210900 0
-210800 2
-210700 2
-210600 0
-210500 2
-210400 0
-210300 1
-210200 2
-210100 0
-210000 0
-209900 0
-209800 0
-209700 2
-209600 1
-209500 2
-209400 1
-209300 3
-209200 3
-209100 1
-209000 2
-208900 3
-208800 1
-208700 2
-208600 1
-208500 5
-208400 7
-208300 2
-208200 2
-208100 0
-208000 2
-207900 0
-207800 1
-207700 1
-207600 2
-207500 0
-207400 1
-207300 1
-207200 3
-207100 0
-207000 2
-206900 1
-206800 0
-206700 0
-206600 0
-206500 1
-206400 1
-206300 1
-206200 0
-206100 2
-206000 0
-205900 2
-205800 2
-205700 1
-205600 3
-205500 0
-205400 0
-205300 2
-205200 2
-205100 0
-205000 4
-204900 1
-204800 1
-204700 2
-204600 0
-204500 0
-204400 0
-204300 0
-204200 2
-204100 2
-204000 4
-203900 1
-203800 1
-203700 2
-203600 2
-203500 1
-203400 1
-203300 1
-203200 1
-203100 0
-203000 0
-202900 2
-202800 0
-202700 0
-202600 0
-202500 1
-202400 0
-202300 2
-202200 2
-202100 3
-202000 0
-201900 3
-201800 0
-201700 1
-201600 1
-201500 1
-201400 1
-201300 2
-201200 3
-201100 3
-201000 1
-200900 2
-200800 2
-200700 1
-200600 2
-200500 2
-200400 12
-200300 105
-200200 565
-200100 909
-200000 417
-199900 56
-199800 4
-199700 1
-199600 0
-199500 0
-199400 1
-199300 2
-199200 3
-199100 3
-199000 2
-198900 2
-198800 2
-198700 0
-198600 2
-198500 1
-198400 3
-198300 1
-198200 1
-198100 1
-198000 2
-197900 0
-197800 1
-197700 1
-197600 1
-197500 0
-197400 1
-197300 1
-197200 2
-197100 1
-197000 1
-196900 1
-196800 3
-196700 3
-196600 3
-196500 1
-196400 1
-196300 2
-196200 1
-196100 2
-196000 0
-195900 3
-195800 0
-195700 1
-195600 2
-195500 1
-195400 0
-195300 2
-195200 3
-195100 0
-195000 1
-194900 1
-194800 0
-194700 1
-194600 1
-194500 0
-194400 1
-194300 4
-194200 0
-194100 2
-194000 1
-193900 1
-193800 0
-193700 0
-193600 2
-193500 1
-193400 0
-193300 2
-193200 0
-193100 0
-193000 0
-192900 2
-192800 0
-192700 1
-192600 0
-192500 1
-192400 0
-192300 2
-192200 1
-192100 2
-192000 3
-191900 1
-191800 3
-191700 1
-191600 0
-191500 1
-191400 2
-191300 3
-191200 1
-191100 0
-191000 1
-190900 3
-190800 0
-190700 1
-190600 1
-190500 0
-190400 3
-190300 0
-190200 2
-190100 1
-190000 1
-189900 0
-189800 0
-189700 0
-189600 2
-189500 2
-189400 0
-189300 0
-189200 1
-189100 2
-189000 1
-188900 0
-188800 0
-188700 3
-188600 1
-188500 2
-188400 3
-188300 1
-188200 2
-188100 1
-188000 3
-187900 2
-187800 2
-187700 3
-187600 3
-187500 0
-187400 3
-187300 3
-187200 39
-187100 311
-187000 892
-186900 601
-186800 144
-186700 7
-186600 2
-186500 2
-186400 0
-186300 2
-186200 0
-186100 0
-186000 1
-185900 4
-185800 1
-185700 1
-185600 0
-185500 2
-185400 2
-185300 0
-185200 0
-185100 1
-185000 0
-184900 1
-184800 2
-184700 1
-184600 1
-184500 3
-184400 1
-184300 1
-184200 0
-184100 1
-184000 2
-183900 1
-183800 2
-183700 1
-183600 1
-183500 0
-183400 0
-183300 2
-183200 0
-183100 0
-183000 1
-182900 0
-182800 0
-182700 1
-182600 2
-182500 1
-182400 2
-182300 1
-182200 4
-182100 1
-182000 2
-181900 3
-181800 1
-181700 1
-181600 0
-181500 2
-181400 0
-181300 0
-181200 2
-181100 0
-181000 2
-180900 1
-180800 1
-180700 2
-180600 2
-180500 2
-180400 2
-180300 1
-180200 1
-180100 1
-180000 1
-179900 1
-179800 0
-179700 1
-179600 0
-179500 1
-179400 1
-179300 1
-179200 1
-179100 2
-179000 1
-178900 2
-178800 1
-178700 3
-178600 1
-178500 3
-178400 4
-178300 1
-178200 1
-178100 0
-178000 2
-177900 2
-177800 1
-177700 1
-177600 0
-177500 0
-177400 1
-177300 1
-177200 0
-177100 0
-177000 0
-176900 0
-176800 0
-176700 0
-176600 2
-176500 1
-176400 0
-176300 1
-176200 1
-176100 0
-176000 1
-175900 0
-175800 1
-175700 0
-175600 2
-175500 0
-175400 1
-175300 2
-175200 0
-175100 2
-175000 4
-174900 0
-174800 0
-174700 1
-174600 2
-174500 0
-174400 1
-174300 0
-174200 3
-174100 18
-174000 159
-173900 710
-173800 889
-173700 313
-173600 30
-173500 4
-173400 1
-173300 2
-173200 1
-173100 2
-173000 3
-172900 1
-172800 1
-172700 3
-172600 1
-172500 0
-172400 0
-172300 1
-172200 0
-172100 4
-172000 0
-171900 3
-171800 3
-171700 3
-171600 3
-171500 1
-171400 2
-171300 0
-171200 0
-171100 1
-171000 2
-170900 1
-170800 1
-170700 2
-170600 1
-170500 0
-170400 1
-170300 3
-170200 0
-170100 1
-170000 0
-169900 0
-169800 0
-169700 1
-169600 0
-169500 2
-169400 1
-169300 1
-169200 0
-169100 1
-169000 3
-168900 5
-168800 3
-168700 0
-168600 1
-168500 1
-168400 1
-168300 3
-168200 0
-168100 1
-168000 1
-167900 2
-167800 0
-167700 1
-167600 1
-167500 0
-167400 0
-167300 1
-167200 2
-167100 1
-167000 2
-166900 3
-166800 0
-166700 0
-166600 0
-166500 1
-166400 1
-166300 3
-166200 1
-166100 0
-166000 0
-165900 1
-165800 2
-165700 2
-165600 3
-165500 0
-165400 1
-165300 0
-165200 0
-165100 2
-165000 1
-164900 1
-164800 1
-164700 3
-164600 2
-164500 2
-164400 0
-164300 1
-164200 1
-164100 1
-164000 2
-163900 2
-163800 0
-163700 1
-163600 1
-163500 1
-163400 2
-163300 0
-163200 1
-163100 2
-163000 2
-162900 0
-162800 2
-162700 0
-162600 1
-162500 0
-162400 5
-162300 0
-162200 4
-162100 2
-162000 1
-161900 2
-161800 0
-161700 1
-161600 2
-161500 2
-161400 1
-161300 2
-161200 0
-161100 3
-161000 7
-160900 75
-160800 480
-160700 905
-160600 479
-160500 87
-160400 5
-160300 2
-160200 2
-160100 2
-160000 2
-159900 1
-159800 0
-159700 1
-159600 2
-159500 1
-159400 2
-159300 2
-159200 1
-159100 1
-159000 0
-158900 0
-158800 1
-158700 0
-158600 0
-158500 1
-158400 1
-158300 3
-158200 0
-158100 0
-158000 1
-157900 2
-157800 1
-157700 3
-157600 1
-157500 1
-157400 1
-157300 4
-157200 1
-157100 4
-157000 1
-156900 2
-156800 2
-156700 0
-156600 1
-156500 1
-156400 0
-156300 2
-156200 2
-156100 0
-156000 4
-155900 1
-155800 9
-155700 1
-155600 0
-155500 0
-155400 1
-155300 0
-155200 0
-155100 1
-155000 0
-154900 1
-154800 2
-154700 1
-154600 0
-154500 2
-154400 1
-154300 0
-154200 5
-154100 2
-154000 2
-153900 0
-153800 3
-153700 0
-153600 0
-153500 0
-153400 3
-153300 0
-153200 1
-153100 0
-153000 2
-152900 1
-152800 1
-152700 2
-152600 3
-152500 3
-152400 0
-152300 2
-152200 2
-152100 1
-152000 2
-151900 1
-151800 3
-151700 1
-151600 4
-151500 1
-151400 1
-151300 3
-151200 1
-151100 2
-151000 3
-150900 1
-150800 3
-150700 1
-150600 0
-150500 1
-150400 2
-150300 0
-150200 0
-150100 3
-150000 4
-149900 1
-149800 1
-149700 0
-149600 0
-149500 0
-149400 0
-149300 1
-149200 0
-149100 4
-149000 2
-148900 1
-148800 1
-148700 3
-148600 1
-148500 1
-148400 0
-148300 2
-148200 0
-148100 2
-148000 3
-147900 3
-147800 33
-147700 292
-147600 850
-147500 688
-147400 178
-147300 21
-147200 4
-147100 1
-147000 2
-146900 3
-146800 0
-146700 0
-146600 2
-146500 1
-146400 1
-146300 2
-146200 1
-146100 1
-146000 0
-145900 1
-145800 1
-145700 1
-145600 3
-145500 1
-145400 0
-145300 0
-145200 1
-145100 1
-145000 1
-144900 0
-144800 2
-144700 0
-144600 1
-144500 1
-144400 1
-144300 1
-144200 1
-144100 2
-144000 0
-143900 0
-143800 0
-143700 1
-143600 1
-143500 0
-143400 3
-143300 1
-143200 1
-143100 0
-143000 0
-142900 1
-142800 0
-142700 3
-142600 4
-142500 5
-142400 1
-142300 0
-142200 0
-142100 2
-142000 5
-141900 0
-141800 0
-141700 2
-141600 0
-141500 3
-141400 1
-141300 2
-141200 2
-141100 0
-141000 2
-140900 2
-140800 2
-140700 2
-140600 0
-140500 2
-140400 1
-140300 0
-140200 0
-140100 1
-140000 1
-139900 1
-139800 1
-139700 1
-139600 1
-139500 2
-139400 1
-139300 3
-139200 1
-139100 2
-139000 2
-138900 3
-138800 2
-138700 1
-138600 0
-138500 2
-138400 1
-138300 1
-138200 1
-138100 4
-138000 2
-137900 0
-137800 1
-137700 2
-137600 0
-137500 1
-137400 3
-137300 1
-137200 2
-137100 3
-137000 3
-136900 0
-136800 0
-136700 0
-136600 1
-136500 0
-136400 2
-136300 4
-136200 3
-136100 1
-136000 0
-135900 2
-135800 2
-135700 1
-135600 1
-135500 1
-135400 1
-135300 2
-135200 1
-135100 3
-135000 0
-134900 2
-134800 2
-134700 10
-134600 149
-134500 597
-134400 882
-134300 375
-134200 31
-134100 6
-134000 0
-133900 0
-133800 2
-133700 3
-133600 2
-133500 0
-133400 1
-133300 5
-133200 1
-133100 2
-133000 0
-132900 0
-132800 1
-132700 1
-132600 4
-132500 0
-132400 3
-132300 0
-132200 1
-132100 3
-132000 2
-131900 1
-131800 0
-131700 1
-131600 0
-131500 1
-131400 3
-131300 4
-131200 1
-131100 1
-131000 1
-130900 3
-130800 1
-130700 2
-130600 0
-130500 0
-130400 2
-130300 2
-130200 0
-130100 1
-130000 2
-129900 1
-129800 2
-129700 3
-129600 3
-129500 4
-129400 2
-129300 2
-129200 3
-129100 2
-129000 2
-128900 0
-128800 1
-128700 2
-128600 1
-128500 2
-128400 2
-128300 1
-128200 0
-128100 0
-128000 0
-127900 2
-127800 2
-127700 0
-127600 1
-127500 1
-127400 3
-127300 4
-127200 2
-127100 1
-127000 0
-126900 1
-126800 3
-126700 0
-126600 1
-126500 1
-126400 2
-126300 2
-126200 1
-126100 3
-126000 1
-125900 2
-125800 0
-125700 0
-125600 3
-125500 0
-125400 2
-125300 2
-125200 0
-125100 2
-125000 5
-124900 1
-124800 1
-124700 5
-124600 0
-124500 3
-124400 2
-124300 1
-124200 2
-124100 1
-124000 0
-123900 2
-123800 1
-123700 2
-123600 1
-123500 0
-123400 0
-123300 0
-123200 1
-123100 1
-123000 0
-122900 1
-122800 2
-122700 2
-122600 0
-122500 2
-122400 0
-122300 3
-122200 3
-122100 1
-122000 1
-121900 2
-121800 0
-121700 0
-121600 5
-121500 54
-121400 438
-121300 1009
-121200 533
-121100 74
-121000 6
-120900 2
-120800 1
-120700 2
-120600 2
-120500 0
-120400 0
-120300 0
-120200 1
-120100 1
-120000 0
-119900 1
-119800 1
-119700 3
-119600 4
-119500 2
-119400 1
-119300 2
-119200 0
-119100 1
-119000 0
-118900 2
-118800 1
-118700 1
-118600 1
-118500 1
-118400 3
-118300 1
-118200 1
-118100 1
-118000 1
-117900 0
-117800 1
-117700 2
-117600 1
-117500 0
-117400 0
-117300 3
-117200 0
-117100 4
-117000 2
-116900 0
-116800 1
-116700 1
-116600 2
-116500 2
-116400 8
-116300 3
-116200 0
-116100 1
-116000 1
-115900 2
-115800 1
-115700 0
-115600 3
-115500 1
-115400 2
-115300 0
-115200 1
-115100 0
-115000 3
-114900 2
-114800 1
-114700 2
-114600 1
-114500 1
-114400 0
-114300 2
-114200 0
-114100 2
-114000 0
-113900 1
-113800 3
-113700 1
-113600 0
-113500 2
-113400 0
-113300 0
-113200 0
-113100 0
-113000 1
-112900 1
-112800 2
-112700 0
-112600 3
-112500 4
-112400 1
-112300 2
-112200 0
-112100 0
-112000 1
-111900 0
-111800 1
-111700 1
-111600 3
-111500 1
-111400 2
-111300 0
-111200 1
-111100 0
-111000 0
-110900 1
-110800 1
-110700 2
-110600 1
-110500 0
-110400 1
-110300 1
-110200 0
-110100 3
-110000 1
-109900 0
-109800 3
-109700 1
-109600 0
-109500 2
-109400 2
-109300 4
-109200 0
-109100 1
-109000 3
-108900 1
-108800 2
-108700 1
-108600 1
-108500 4
-108400 19
-108300 251
-108200 829
-108100 742
-108000 182
-107900 7
-107800 3
-107700 2
-107600 1
-107500 1
-107400 3
-107300 0
-107200 3
-107100 2
-107000 2
-106900 1
-106800 1
-106700 0
-106600 2
-106500 0
-106400 0
-106300 0
-106200 2
-106100 1
-106000 3
-105900 3
-105800 1
-105700 3
-105600 2
-105500 2
-105400 0
-105300 0
-105200 2
-105100 2
-105000 2
-104900 1
-104800 4
-104700 0
-104600 1
-104500 1
-104400 0
-104300 1
-104200 1
-104100 0
-104000 0
-103900 1
-103800 1
-103700 0
-103600 1
-103500 2
-103400 2
-103300 7
-103200 3
-103100 2
-103000 0
-102900 0
-102800 1
-102700 1
-102600 1
-102500 0
-102400 2
-102300 1
-102200 0
-102100 2
-102000 0
-101900 2
-101800 1
-101700 1
-101600 1
-101500 2
-101400 1
-101300 0
-101200 1
-101100 2
-101000 0
-100900 1
-100800 0
-100700 1
-100600 1
-100500 2
-100400 1
-100300 1
-100200 2
-100100 1
-100000 3
-99900 2
-99800 3
-99700 0
-99600 2
-99500 0
-99400 3
-99300 2
-99200 0
-99100 1
-99000 3
-98900 1
-98800 2
-98700 1
-98600 2
-98500 1
-98400 2
-98300 1
-98200 2
-98100 0
-98000 2
-97900 1
-97800 1
-97700 0
-97600 1
-97500 0
-97400 1
-97300 2
-97200 3
-97100 2
-97000 2
-96900 1
-96800 2
-96700 0
-96600 3
-96500 1
-96400 1
-96300 2
-96200 2
-96100 1
-96000 2
-95900 1
-95800 2
-95700 1
-95600 2
-95500 2
-95400 4
-95300 8
-95200 116
-95100 545
-95000 961
-94900 388
-94800 60
-94700 1
-94600 2
-94500 1
-94400 1
-94300 1
-94200 1
-94100 0
-94000 1
-93900 3
-93800 0
-93700 2
-93600 1
-93500 2
-93400 4
-93300 0
-93200 1
-93100 4
-93000 1
-92900 5
-92800 3
-92700 1
-92600 2
-92500 0
-92400 1
-92300 2
-92200 0
-92100 3
-92000 0
-91900 0
-91800 0
-91700 1
-91600 0
-91500 2
-91400 0
-91300 1
-91200 0
-91100 1
-91000 1
-90900 0
-90800 0
-90700 1
-90600 2
-90500 0
-90400 4
-90300 3
-90200 6
-90100 4
-90000 5
-89900 4
-89800 1
-89700 1
-89600 2
-89500 3
-89400 3
-89300 0
-89200 0
-89100 3
-89000 0
-88900 0
-88800 1
-88700 2
-88600 0
-88500 2
-88400 1
-88300 0
-88200 1
-88100 0
-88000 0
-87900 0
-87800 1
-87700 2
-87600 2
-87500 0
-87400 0
-87300 1
-87200 2
-87100 2
-87000 2
-86900 2
-86800 1
-86700 3
-86600 1
-86500 3
-86400 3
-86300 1
-86200 2
-86100 1
-86000 0
-85900 0
-85800 0
-85700 0
-85600 5
-85500 0
-85400 1
-85300 1
-85200 0
-85100 0
-85000 3
-84900 2
-84800 0
-84700 0
-84600 0
-84500 1
-84400 2
-84300 0
-84200 0
-84100 2
-84000 1
-83900 0
-83800 3
-83700 2
-83600 2
-83500 2
-83400 1
-83300 3
-83200 1
-83100 1
-83000 1
-82900 1
-82800 4
-82700 3
-82600 3
-82500 1
-82400 4
-82300 6
-82200 3
-82100 24
-82000 265
-81900 879
-81800 714
-81700 144
-81600 16
-81500 3
-81400 1
-81300 0
-81200 1
-81100 1
-81000 0
-80900 0
-80800 2
-80700 3
-80600 1
-80500 2
-80400 4
-80300 3
-80200 2
-80100 4
-80000 1
-79900 1
-79800 3
-79700 0
-79600 8
-79500 3
-79400 0
-79300 0
-79200 2
-79100 3
-79000 0
-78900 3
-78800 2
-78700 2
-78600 4
-78500 0
-78400 4
-78300 1
-78200 2
-78100 0
-78000 3
-77900 0
-77800 1
-77700 2
-77600 0
-77500 0
-77400 1
-77300 0
-77200 2
-77100 8
-77000 9
-76900 4
-76800 3
-76700 0
-76600 0
-76500 1
-76400 1
-76300 2
-76200 2
-76100 0
-76000 2
-75900 1
-75800 1
-75700 2
-75600 1
-75500 0
-75400 2
-75300 1
-75200 3
-75100 0
-75000 0
-74900 0
-74800 1
-74700 3
-74600 1
-74500 1
-74400 0
-74300 1
-74200 1
-74100 1
-74000 1
-73900 1
-73800 3
-73700 0
-73600 4
-73500 3
-73400 0
-73300 1
-73200 1
-73100 4
-73000 0
-72900 0
-72800 1
-72700 1
-72600 2
-72500 3
-72400 3
-72300 0
-72200 1
-72100 1
-72000 1
-71900 1
-71800 1
-71700 3
-71600 3
-71500 1
-71400 1
-71300 1
-71200 1
-71100 0
-71000 2
-70900 0
-70800 0
-70700 2
-70600 0
-70500 1
-70400 0
-70300 0
-70200 3
-70100 1
-70000 1
-69900 0
-69800 1
-69700 0
-69600 2
-69500 2
-69400 3
-69300 0
-69200 2
-69100 2
-69000 20
-68900 245
-68800 829
-68700 721
-68600 185
-68500 18
-68400 2
-68300 3
-68200 2
-68100 2
-68000 1
-67900 1
-67800 3
-67700 3
-67600 2
-67500 1
-67400 1
-67300 1
-67200 4
-67100 0
-67000 1
-66900 2
-66800 0
-66700 2
-66600 1
-66500 3
-66400 0
-66300 0
-66200 0
-66100 2
-66000 3
-65900 2
-65800 3
-65700 1
-65600 2
-65500 2
-65400 1
-65300 1
-65200 1
-65100 2
-65000 1
-64900 1
-64800 2
-64700 0
-64600 2
-64500 2
-64400 0
-64300 0
-64200 1
-64100 4
-64000 2
-63900 5
-63800 6
-63700 2
-63600 0
-63500 2
-63400 3
-63300 1
-63200 0
-63100 0
-63000 0
-62900 1
-62800 1
-62700 0
-62600 2
-62500 3
-62400 2
-62300 1
-62200 0
-62100 3
-62000 1
-61900 2
-61800 3
-61700 0
-61600 1
-61500 2
-61400 1
-61300 4
-61200 0
-61100 0
-61000 0
-60900 4
-60800 4
-60700 2
-60600 1
-60500 1
-60400 1
-60300 2
-60200 1
-60100 0
-60000 1
-59900 0
-59800 0
-59700 2
-59600 1
-59500 3
-59400 1
-59300 2
-59200 3
-59100 0
-59000 0
-58900 0
-58800 2
-58700 3
-58600 3
-58500 0
-58400 3
-58300 2
-58200 0
-58100 2
-58000 0
-57900 4
-57800 0
-57700 1
-57600 0
-57500 2
-57400 2
-57300 1
-57200 3
-57100 1
-57000 0
-56900 0
-56800 1
-56700 3
-56600 1
-56500 0
-56400 1
-56300 0
-56200 1
-56100 1
-56000 2
-55900 11
-55800 168
-55700 692
-55600 851
-55500 345
-55400 39
-55300 1
-55200 0
-55100 0
-55000 0
-54900 1
-54800 1
-54700 2
-54600 1
-54500 1
-54400 0
-54300 0
-54200 6
-54100 1
-54000 1
-53900 1
-53800 1
-53700 0
-53600 0
-53500 1
-53400 1
-53300 1
-53200 0
-53100 2
-53000 0
-52900 0
-52800 0
-52700 1
-52600 0
-52500 0
-52400 2
-52300 1
-52200 2
-52100 2
-52000 0
-51900 2
-51800 1
-51700 3
-51600 2
-51500 1
-51400 1
-51300 1
-51200 3
-51100 1
-51000 0
-50900 1
-50800 2
-50700 7
-50600 3
-50500 2
-50400 1
-50300 0
-50200 0
-50100 0
-50000 0
-49900 1
-49800 2
-49700 1
-49600 2
-49500 0
-49400 1
-49300 3
-49200 1
-49100 3
-49000 0
-48900 0
-48800 2
-48700 2
-48600 0
-48500 3
-48400 0
-48300 0
-48200 2
-48100 3
-48000 0
-47900 0
-47800 2
-47700 0
-47600 2
-47500 3
-47400 2
-47300 1
-47200 4
-47100 0
-47000 2
-46900 1
-46800 2
-46700 1
-46600 0
-46500 1
-46400 0
-46300 3
-46200 0
-46100 1
-46000 1
-45900 2
-45800 0
-45700 0
-45600 3
-45500 2
-45400 2
-45300 1
-45200 3
-45100 1
-45000 1
-44900 1
-44800 3
-44700 1
-44600 1
-44500 1
-44400 1
-44300 0
-44200 1
-44100 1
-44000 4
-43900 1
-43800 0
-43700 0
-43600 1
-43500 0
-43400 2
-43300 1
-43200 3
-43100 1
-43000 1
-42900 3
-42800 7
-42700 41
-42600 331
-42500 942
-42400 641
-42300 108
-42200 10
-42100 0
-42000 2
-41900 2
-41800 0
-41700 1
-41600 2
-41500 3
-41400 2
-41300 3
-41200 0
-41100 0
-41000 1
-40900 1
-40800 1
-40700 0
-40600 1
-40500 2
-40400 1
-40300 5
-40200 2
-40100 0
-40000 0
-39900 2
-39800 2
-39700 1
-39600 0
-39500 1
-39400 4
-39300 1
-39200 0
-39100 3
-39000 1
-38900 2
-38800 3
-38700 2
-38600 1
-38500 2
-38400 0
-38300 1
-38200 0
-38100 1
-38000 2
-37900 1
-37800 2
-37700 1
-37600 10
-37500 7
-37400 0
-37300 4
-37200 2
-37100 1
-37000 1
-36900 3
-36800 0
-36700 2
-36600 1
-36500 2
-36400 2
-36300 2
-36200 3
-36100 2
-36000 0
-35900 0
-35800 1
-35700 2
-35600 1
-35500 1
-35400 3
-35300 1
-35200 0
-35100 1
-35000 1
-34900 1
-34800 3
-34700 2
-34600 0
-34500 2
-34400 2
-34300 1
-34200 1
-34100 3
-34000 1
-33900 0
-33800 1
-33700 4
-33600 1
-33500 0
-33400 1
-33300 3
-33200 2
-33100 0
-33000 0
-32900 2
-32800 1
-32700 2
-32600 2
-32500 1
-32400 0
-32300 2
-32200 1
-32100 1
-32000 1
-31900 2
-31800 3
-31700 0
-31600 0
-31500 1
-31400 3
-31300 1
-31200 2
-31100 1
-31000 1
-30900 1
-30800 0
-30700 2
-30600 2
-30500 0
-30400 2
-30300 0
-30200 0
-30100 0
-30000 1
-29900 1
-29800 6
-29700 5
-29600 14
-29500 184
-29400 704
-29300 807
-29200 251
-29100 21
-29000 1
-28900 1
-28800 1
-28700 0
-28600 1
-28500 1
-28400 1
-28300 2
-28200 4
-28100 1
-28000 1
-27900 2
-27800 1
-27700 1
-27600 0
-27500 1
-27400 3
-27300 0
-27200 1
-27100 2
-27000 0
-26900 2
-26800 2
-26700 2
-26600 1
-26500 1
-26400 0
-26300 2
-26200 0
-26100 0
-26000 1
-25900 0
-25800 2
-25700 0
-25600 1
-25500 2
-25400 1
-25300 1
-25200 1
-25100 1
-25000 1
-24900 7
-24800 0
-24700 4
-24600 4
-24500 4
-24400 3
-24300 1
-24200 1
-24100 2
-24000 0
-23900 1
-23800 0
-23700 2
-23600 1
-23500 0
-23400 2
-23300 0
-23200 1
-23100 0
-23000 3
-22900 2
-22800 1
-22700 0
-22600 3
-22500 0
-22400 1
-22300 0
-22200 2
-22100 2
-22000 2
-21900 4
-21800 1
-21700 1
-21600 4
-21500 3
-21400 0
-21300 0
-21200 1
-21100 3
-21000 1
-20900 0
-20800 1
-20700 1
-20600 0
-20500 0
-20400 1
-20300 2
-20200 0
-20100 4
-20000 0
-19900 2
-19800 3
-19700 2
-19600 0
-19500 1
-19400 1
-19300 0
-19200 0
-19100 2
-19000 0
-18900 3
-18800 1
-18700 2
-18600 1
-18500 1
-18400 1
-18300 1
-18200 0
-18100 0
-18000 0
-17900 3
-17800 2
-17700 2
-17600 1
-17500 3
-17400 0
-17300 2
-17200 1
-17100 1
-17000 2
-16900 2
-16800 2
-16700 1
-16600 3
-16500 34
-16400 245
-16300 770
-16200 698
-16100 187
-16000 19
-15900 1
-15800 1
-15700 4
-15600 2
-15500 2
-15400 0
-15300 5
-15200 0
-15100 2
-15000 4
-14900 1
-14800 3
-14700 4
-14600 1
-14500 0
-14400 1
-14300 2
-14200 1
-14100 0
-14000 0
-13900 0
-13800 2
-13700 2
-13600 0
-13500 1
-13400 1
-13300 1
-13200 1
-13100 2
-13000 1
-12900 0
-12800 2
-12700 0
-12600 0
-12500 0
-12400 3
-12300 1
-12200 2
-12100 2
-12000 0
-11900 1
-11800 1
-11700 1
-11600 2
-11500 2
-11400 4
-11300 5
-11200 0
-11100 1
-11000 0
-10900 3
-10800 3
-10700 0
-10600 0
-10500 2
-10400 0
-10300 2
-10200 2
-10100 0
-10000 3
-9900 0
-9800 1
-9700 1
-9600 1
-9500 0
-9400 1
-9300 0
-9200 4
-9100 0
-9000 0
-8900 4
-8800 2
-8700 2
-8600 4
-8500 2
-8400 1
-8300 3
-8200 2
-8100 1
-8000 1
-7900 1
-7800 0
-7700 1
-7600 2
-7500 0
-7400 1
-7300 2
-7200 3
-7100 2
-7000 0
-6900 0
-6800 5
-6700 3
-6600 2
-6500 1
-6400 0
-6300 2
-6200 1
-6100 1
-6000 0
-5900 0
-5800 0
-5700 3
-5600 3
-5500 1
-5400 2
-5300 1
-5200 0
-5100 1
-5000 0
-4900 2
-4800 1
-4700 0
-4600 1
-4500 0
-4400 2
-4300 2
-4200 4
-4100 0
-4000 0
-3900 1
-3800 3
-3700 1
-3600 1
-3500 1
-3400 5
-3300 38
-3200 369
-3100 899
-3000 654
-2900 94
-2800 12
-2700 4
-2600 0
-2500 1
-2400 1
-2300 2
-2200 0
-2100 0
-2000 2
-1900 1
-1800 2
-1700 0
-1600 0
-1500 2
-1400 1
-1300 0
-1200 2
-1100 0
-1000 1
-900 0
-800 1
-700 3
-600 2
-500 1
-400 3
-300 1
-200 2
-100 3
0 0
100 1
200 0
300 0
400 1
500 4
600 3
700 1
800 0
900 2
1000 2
1100 0
1200 0
1300 1
1400 2
1500 1
1600 0
1700 7
1800 7
1900 5
2000 1
2100 0
2200 2
2300 0
2400 0
2500 1
2600 2
2700 2
2800 1
2900 1
3000 0
3100 2
3200 0
3300 0
3400 3
3500 2
3600 2
3700 3
3800 4
3900 0
4000 2
4100 0
4200 0
4300 2
4400 0
4500 1
4600 1
4700 0
4800 3
4900 1
5000 1
5100 1
5200 2
5300 0
5400 1
5500 1
5600 2
5700 0
5800 3
5900 0
6000 2
6100 0
6200 1
6300 0
6400 0
6500 1
6600 1
6700 3
6800 3
6900 0
7000 0
7100 1
7200 0
7300 2
7400 5
7500 0
7600 0
7700 3
7800 2
7900 3
8000 0
8100 1
8200 3
8300 2
8400 1
8500 3
8600 0
8700 1
8800 0
8900 2
9000 1
9100 2
9200 1
9300 2
9400 4
9500 4
9600 5
9700 11
9800 110
9900 1710
10000 10453
10100 17922
10200 8162
10300 1085
10400 68
10500 5
10600 3
10700 6
10800 3
10900 1
11000 3
11100 0
11200 1
11300 0
11400 0
11500 3
11600 0
11700 1
11800 1
11900 1
12000 0
12100 2
12200 0
12300 0
12400 0
12500 1
12600 1
12700 4
12800 1
12900 1
13000 2
13100 3
13200 2
13300 1
13400 1
13500 3
13600 0
13700 2
13800 1
13900 0
14000 0
14100 0
14200 1
14300 0
14400 2
14500 4
14600 0
14700 0
14800 0
14900 7
15000 11
15100 5
15200 3
15300 1
15400 1
15500 1
15600 1
15700 0
15800 0
15900 2
16000 1
16100 2
16200 2
16300 2
16400 1
16500 2
16600 1
16700 0
16800 2
16900 0
17000 2
17100 2
17200 0
17300 4
17400 2
17500 3
17600 2
17700 0
17800 1
17900 0
18000 2
18100 1
18200 3
18300 1
18400 0
18500 0
18600 5
18700 2
18800 0
18900 0
19000 1
19100 0
19200 0
19300 1
19400 0
19500 1
19600 3
19700 1
19800 3
19900 1
20000 2
20100 2
20200 1
20300 1
20400 2
20500 3
20600 1
20700 1
20800 3
20900 2
21000 2
21100 2
21200 1
21300 1
21400 3
21500 0
21600 2
21700 2
21800 2
21900 3
22000 1
22100 1
22200 1
22300 2
22400 0
22500 0
22600 1
22700 0
22800 2
22900 1
23000 51
23100 332
23200 859
23300 623
23400 122
23500 12
23600 3
23700 1
23800 1
23900 1
24000 0
24100 1
24200 1
24300 0
24400 1
24500 1
24600 1
24700 1
24800 2
24900 0
25000 1
25100 2
25200 1
25300 0
25400 1
25500 2
25600 2
25700 2
25800 0
25900 0
26000 0
26100 1
26200 1
26300 1
26400 3
26500 0
26600 1
26700 2
26800 1
26900 2
27000 0
27100 1
27200 4
27300 0
27400 0
27500 1
27600 1
27700 2
27800 2
27900 1
28000 2
28100 4
28200 0
28300 0
28400 2
28500 0
28600 2
28700 1
28800 3
28900 1
29000 1
29100 2
29200 2
29300 1
29400 1
29500 3
29600 1
29700 0
29800 3
29900 3
30000 1
30100 1
30200 0
30300 1
30400 0
30500 4
30600 1
30700 0
30800 1
30900 2
31000 0
31100 1
31200 1
31300 0
31400 0
31500 1
31600 2
31700 0
31800 0
31900 1
32000 1
32100 1
32200 2
32300 0
32400 1
32500 2
32600 3
32700 0
32800 0
32900 0
33000 2
33100 2
33200 1
33300 1
33400 3
33500 1
33600 1
33700 2
33800 1
33900 0
34000 1
34100 3
34200 0
34300 1
34400 0
34500 3
34600 0
34700 1
34800 2
34900 1
35000 0
35100 3
35200 3
35300 0
35400 0
35500 0
35600 2
35700 2
35800 1
35900 7
36000 4
36100 58
36200 389
36300 860
36400 574
36500 81
36600 6
36700 1
36800 5
36900 1
37000 2
37100 1
37200 1
37300 3
37400 1
37500 0
37600 0
37700 0
37800 0
37900 0
38000 2
38100 0
38200 5
38300 1
38400 4
38500 0
38600 1
38700 0
38800 3
38900 1
39000 0
39100 1
39200 1
39300 1
39400 0
39500 0
39600 1
39700 0
39800 0
39900 1
40000 0
40100 2
40200 2
40300 1
40400 0
40500 1
40600 1
40700 0
40800 1
40900 0
41000 2
41100 3
41200 7
41300 4
41400 1
41500 2
41600 0
41700 2
41800 0
41900 2
42000 2
42100 2
42200 1
42300 1
42400 0
42500 0
42600 0
42700 1
42800 3
42900 2
43000 1
43100 1
43200 1
43300 1
43400 0
43500 2
43600 0
43700 3
43800 0
43900 1
44000 0
44100 1
44200 1
44300 3
44400 2
44500 3
44600 5
44700 2
44800 1
44900 1
45000 2
45100 1
45200 3
45300 2
45400 0
45500 0
45600 2
45700 1
45800 1
45900 3
46000 1
46100 0
46200 0
46300 2
46400 2
46500 1
46600 1
46700 0
46800 2
46900 1
47000 1
47100 2
47200 1
47300 2
47400 1
47500 2
47600 1
47700 1
47800 2
47900 1
48000 2
48100 0
48200 2
48300 0
48400 0
48500 0
48600 1
48700 4
48800 4
48900 2
49000 0
49100 2
49200 10
49300 149
49400 661
49500 865
49600 286
49700 25
49800 4
49900 4
50000 5
50100 2
50200 2
50300 0
50400 2
50500 3
50600 1
50700 1
50800 0
50900 0
51000 1
51100 0
51200 1
51300 0
51400 1
51500 1
51600 0
51700 0
51800 0
51900 1
52000 0
52100 1
52200 1
52300 3
52400 2
52500 2
52600 4
52700 3
52800 2
52900 2
53000 0
53100 1
53200 2
53300 0
53400 0
53500 1
53600 1
53700 1
53800 3
53900 0
54000 0
54100 3
54200 19
54300 62
54400 83
54500 35
54600 1
54700 4
54800 4
54900 1
55000 3
55100 3
55200 4
55300 4
55400 2
55500 1
55600 1
55700 1
55800 1
55900 1
56000 2
56100 2
56200 0
56300 3
56400 0
56500 2
56600 0
56700 0
56800 1
56900 2
57000 0
57100 0
57200 1
57300 3
57400 3
57500 2
57600 0
57700 1
57800 1
57900 3
58000 0
58100 0
58200 2
58300 1
58400 0
58500 2
58600 3
58700 1
58800 0
58900 3
59000 1
59100 0
59200 3
59300 0
59400 2
59500 0
59600 3
59700 1
59800 1
59900 2
60000 1
60100 1
60200 2
60300 0
60400 1
60500 1
60600 0
60700 0
60800 0
60900 3
61000 1
61100 1
61200 3
61300 1
61400 1
61500 0
61600 1
61700 2
61800 1
61900 1
62000 0
62100 1
62200 4
62300 6
62400 51
62500 378
62600 908
62700 609
62800 102
62900 8
63000 0
63100 0
63200 0
63300 3
63400 4
63500 2
63600 4
63700 1
63800 1
63900 0
64000 2
64100 1
64200 2
64300 2
64400 0
64500 1
64600 0
64700 0
64800 2
64900 1
65000 0
65100 3
65200 2
65300 0
65400 1
65500 0
65600 0
65700 0
65800 1
65900 2
66000 4
66100 0
66200 3
66300 3
66400 1
66500 1
66600 1
66700 2
66800 0
66900 0
67000 0
67100 4
67200 1
67300 5
67400 3
67500 2
67600 2
67700 1
67800 1
67900 1
68000 1
68100 1
68200 1
68300 0
68400 3
68500 0
68600 1
68700 2
68800 0
68900 3
69000 0
69100 0
69200 0
69300 2
69400 1
69500 2
69600 1
69700 3
69800 3
69900 0
70000 1
70100 1
70200 0
70300 3
70400 1
70500 1
70600 0
70700 0
70800 0
70900 1
71000 3
71100 0
71200 0
71300 1
71400 1
71500 0
71600 2
71700 1
71800 2
71900 1
72000 0
72100 2
72200 0
72300 1
72400 2
72500 2
72600 2
72700 1
72800 0
72900 5
73000 1
73100 2
73200 2
73300 1
73400 1
73500 1
73600 2
73700 0
73800 2
73900 2
74000 0
74100 2
74200 3
74300 2
74400 2
74500 1
74600 0
74700 3
74800 2
74900 0
75000 2
75100 2
75200 0
75300 3
75400 5
75500 38
75600 287
75700 904
75800 687
75900 145
76000 10
76100 4
76200 3
76300 2
76400 2
76500 0
76600 1
76700 0
76800 0
76900 2
77000 0
77100 4
77200 2
77300 1
77400 5
77500 0
77600 3
77700 1
77800 0
77900 1
78000 1
78100 1
78200 1
78300 1
78400 1
78500 2
78600 3
78700 2
78800 2
78900 1
79000 4
79100 2
79200 1
79300 0
79400 0
79500 0
79600 3
79700 2
79800 0
79900 1
80000 2
80100 4
80200 1
80300 1
80400 1
80500 2
80600 4
80700 1
80800 1
80900 0
81000 1
81100 0
81200 4
81300 3
81400 1
81500 0
81600 1
81700 0
81800 3
81900 1
82000 0
82100 0
82200 0
82300 0
82400 1
82500 2
82600 1
82700 1
82800 0
82900 2
83000 1
83100 1
83200 0
83300 0
83400 1
83500 1
83600 3
83700 3
83800 0
83900 1
84000 0
84100 1
84200 0
84300 1
84400 1
84500 0
84600 2
84700 0
84800 0
84900 0
85000 3
85100 1
85200 2
85300 0
85400 1
85500 1
85600 2
85700 2
85800 3
85900 1
86000 1
86100 1
86200 0
86300 2
86400 1
86500 1
86600 0
86700 2
86800 2
86900 1
87000 1
87100 1
87200 1
87300 2
87400 3
87500 2
87600 0
87700 3
87800 2
87900 4
88000 1
88100 0
88200 2
88300 2
88400 0
88500 3
88600 15
88700 188
88800 716
88900 816
89000 242
89100 21
89200 0
89300 0
89400 1
89500 1
89600 3
89700 1
89800 0
89900 1
90000 2
90100 2
90200 0
90300 0
90400 1
90500 3
90600 2
90700 1
90800 0
90900 1
91000 0
91100 0
91200 1
91300 1
91400 1
91500 1
91600 0
91700 2
91800 1
91900 2
92000 1
92100 1
92200 1
92300 2
92400 3
92500 1
92600 2
92700 1
92800 0
92900 1
93000 1
93100 4
93200 2
93300 1
93400 2
93500 1
93600 4
93700 4
93800 4
93900 3
94000 2
94100 1
94200 2
94300 1
94400 1
94500 0
94600 1
94700 0
94800 2
94900 1
95000 2
95100 2
95200 1
95300 1
95400 2
95500 1
95600 1
95700 1
95800 0
95900 3
96000 0
96100 0
96200 2
96300 2
96400 1
96500 0
96600 0
96700 1
96800 0
96900 2
97000 1
97100 1
97200 2
97300 1
97400 0
97500 1
97600 0
97700 0
97800 0
97900 1
98000 0
98100 1
98200 0
98300 2
98400 0
98500 3
98600 2
98700 0
98800 1
98900 2
99000 2
99100 1
99200 1
99300 1
99400 0
99500 0
99600 1
99700 1
99800 0
99900 1
100000 3
100100 0
100200 0
100300 1
100400 1
100500 0
100600 1
100700 4
100800 0
100900 1
101000 2
101100 0
101200 0
101300 0
101400 0
101500 0
101600 3
101700 4
101800 64
101900 438
102000 900
102100 534
102200 93
102300 3
102400 1
102500 1
102600 2
102700 0
102800 2
102900 0
103000 1
103100 1
103200 1
103300 2
103400 2
103500 1
103600 2
103700 2
103800 2
103900 2
104000 2
104100 0
104200 2
104300 2
104400 0
104500 3
104600 3
104700 1
104800 2
104900 0
105000 0
105100 0
105200 0
105300 2
105400 0
105500 1
105600 1
105700 1
105800 1
105900 1
106000 0
106100 1
106200 0
106300 1
106400 0
106500 1
106600 2
106700 4
106800 5
106900 5
107000 3
107100 2
107200 2
107300 2
107400 0
107500 3
107600 2
107700 3
107800 1
107900 2
108000 2
108100 0
108200 1
108300 2
108400 1
108500 3
108600 0
108700 2
108800 1
108900 0
109000 1
109100 1
109200 1
109300 0
109400 1
109500 1
109600 0
109700 2
109800 0
109900 0
110000 0
110100 1
110200 1
110300 2
110400 1
110500 2
110600 0
110700 2
110800 3
110900 1
111000 0
111100 0
111200 2
111300 2
111400 2
111500 0
111600 2
111700 0
111800 1
111900 0
112000 1
112100 2
112200 0
112300 1
112400 1
112500 1
112600 1
112700 2
112800 2
112900 0
113000 1
113100 1
113200 1
113300 2
113400 1
113500 1
113600 3
113700 2
113800 1
113900 0
114000 2
114100 2
114200 3
114300 1
114400 2
114500 2
114600 2
114700 2
114800 0
114900 26
115000 259
115100 847
115200 784
115300 183
115400 16
115500 2
115600 1
115700 1
115800 2
115900 0
116000 3
116100 1
116200 1
116300 0
116400 1
116500 4
116600 1
116700 2
116800 1
116900 0
117000 1
117100 1
117200 1
117300 2
117400 1
117500 1
117600 0
117700 1
117800 0
117900 1
118000 2
118100 2
118200 1
118300 2
118400 2
118500 0
118600 2
118700 0
118800 0
118900 1
119000 2
119100 0
119200 0
119300 2
119400 2
119500 2
119600 2
119700 0
119800 1
119900 4
120000 3
120100 5
120200 1
120300 1
120400 1
120500 0
120600 0
120700 0
120800 2
120900 1
121000 0
121100 2
121200 2
121300 2
121400 2
121500 3
121600 0
121700 2
121800 1
121900 0
122000 1
122100 1
122200 1
122300 1
122400 2
122500 1
122600 1
122700 1
122800 4
122900 1
123000 0
123100 0
123200 1
123300 0
123400 2
123500 2
123600 0
123700 3
123800 2
123900 4
124000 2
124100 4
124200 3
124300 1
124400 4
124500 0
124600 2
124700 1
124800 0
124900 0
125000 1
125100 1
125200 1
125300 2
125400 2
125500 0
125600 1
125700 2
125800 1
125900 2
126000 0
126100 1
126200 0
126300 1
126400 1
126500 2
126600 4
126700 1
126800 0
126900 2
127000 1
127100 1
127200 0
127300 2
127400 1
127500 0
127600 5
127700 1
127800 3
127900 1
128000 9
128100 137
128200 617
128300 906
128400 322
128500 36
128600 2
128700 3
128800 1
128900 0
129000 0
129100 3
129200 0
129300 0
129400 0
129500 0
129600 0
129700 0
129800 4
129900 1
130000 1
130100 1
130200 2
130300 1
130400 0
130500 0
130600 2
130700 0
130800 2
130900 3
131000 2
131100 1
131200 1
131300 3
131400 1
131500 0
131600 0
131700 0
131800 3
131900 1
132000 2
132100 2
132200 2
132300 0
132400 1
132500 2
132600 0
132700 2
132800 1
132900 1
133000 2
133100 3
133200 8
133300 4
133400 1
133500 2
133600 1
133700 0
133800 1
133900 1
134000 0
134100 1
134200 2
134300 2
134400 1
134500 1
134600 1
134700 2
134800 1
134900 1
135000 0
135100 1
135200 1
135300 1
135400 0
135500 2
135600 0
135700 1
135800 1
135900 0
136000 0
136100 0
136200 0
136300 3
136400 1
136500 1
136600 1
136700 1
136800 2
136900 0
137000 1
137100 1
137200 1
137300 0
137400 1
137500 1
137600 1
137700 2
137800 0
137900 3
138000 1
138100 1
138200 0
138300 1
138400 1
138500 2
138600 3
138700 0
138800 1
138900 1
139000 4
139100 6
139200 0
139300 1
139400 0
139500 0
139600 1
139700 3
139800 1
139900 1
140000 0
140100 1
140200 2
140300 1
140400 1
140500 3
140600 1
140700 1
140800 1
140900 1
141000 1
141100 6
141200 54
141300 415
141400 914
141500 539
141600 87
141700 8
141800 1
141900 3
142000 3
142100 1
142200 2
142300 1
142400 0
142500 2
142600 4
142700 0
142800 2
142900 2
143000 1
143100 0
143200 0
143300 1
143400 3
143500 0
143600 2
143700 0
143800 2
143900 4
144000 0
144100 1
144200 0
144300 2
144400 1
144500 1
144600 0
144700 1
144800 0
144900 1
145000 1
145100 1
145200 0
145300 1
145400 0
145500 0
145600 2
145700 1
145800 2
145900 0
146000 2
146100 2
146200 6
146300 3
146400 3
146500 4
146600 1
146700 2
146800 1
146900 0
147000 2
147100 0
147200 0
147300 1
147400 1
147500 2
147600 4
147700 3
147800 3
147900 3
148000 2
148100 1
148200 0
148300 2
148400 2
148500 3
148600 0
148700 3
148800 2
148900 1
149000 0
149100 0
149200 1
149300 1
149400 3
149500 1
149600 1
149700 1
149800 1
149900 1
150000 2
150100 1
150200 1
150300 1
150400 2
150500 1
150600 0
150700 2
150800 2
150900 3
151000 1
151100 1
151200 0
151300 3
151400 1
151500 5
151600 1
151700 1
151800 2
151900 1
152000 1
152100 2
152200 1
152300 2
152400 1
152500 1
152600 1
152700 1
152800 3
152900 0
153000 6
153100 0
153200 0
153300 2
153400 0
153500 0
153600 1
153700 0
153800 0
153900 4
154000 1
154100 0
154200 2
154300 14
154400 213
154500 773
154600 803
154700 225
154800 19
154900 2
155000 1
155100 1
155200 2
155300 2
155400 0
155500 2
155600 0
155700 0
155800 1
155900 1
156000 2
156100 1
156200 2
156300 1
156400 2
156500 1
156600 1
156700 3
156800 1
156900 1
157000 1
157100 1
157200 1
157300 1
157400 1
157500 3
157600 3
157700 1
157800 3
157900 2
158000 2
158100 0
158200 0
158300 2
158400 2
158500 1
158600 2
158700 1
158800 0
158900 1
159000 2
159100 0
159200 1
159300 4
159400 1
159500 5
159600 2
159700 1
159800 1
159900 0
160000 0
160100 0
160200 0
160300 3
160400 1
160500 3
160600 2
160700 2
160800 2
160900 0
161000 1
161100 1
161200 2
161300 0
161400 0
161500 2
161600 1
161700 1
161800 2
161900 1
162000 1
162100 2
162200 0
162300 0
162400 0
162500 1
162600 1
162700 1
162800 1
162900 1
163000 4
163100 0
163200 0
163300 0
163400 0
163500 1
163600 1
163700 1
163800 0
163900 0
164000 2
164100 0
164200 0
164300 2
164400 2
164500 3
164600 0
164700 1
164800 2
164900 0
165000 3
165100 0
165200 1
165300 3
165400 1
165500 0
165600 1
165700 1
165800 1
165900 0
166000 2
166100 0
166200 0
166300 0
166400 0
166500 1
166600 2
166700 1
166800 1
166900 3
167000 1
167100 0
167200 2
167300 1
167400 11
167500 97
167600 542
167700 929
167800 381
167900 55
168000 2
168100 1
168200 3
168300 1
168400 3
168500 1
168600 0
168700 1
168800 2
168900 0
169000 0
169100 0
169200 2
169300 2
169400 1
169500 0
169600 2
169700 0
169800 2
169900 0
170000 1
170100 1
170200 1
170300 0
170400 0
170500 1
170600 0
170700 1
170800 1
170900 1
171000 1
171100 2
171200 0
171300 0
171400 0
171500 3
171600 1
171700 0
171800 0
171900 0
172000 0
172100 1
172200 0
172300 1
172400 4
172500 5
172600 3
172700 3
172800 1
172900 0
173000 0
173100 1
173200 0
173300 2
173400 1
173500 2
173600 1
173700 2
173800 1
173900 3
174000 2
174100 0
174200 2
174300 3
174400 0
174500 1
174600 3
174700 0
174800 0
174900 1
175000 1
175100 0
175200 2
175300 0
175400 2
175500 4
175600 0
175700 0
175800 1
175900 1
176000 0
176100 1
176200 3
176300 2
176400 0
176500 1
176600 0
176700 1
176800 1
176900 3
177000 0
177100 2
177200 1
177300 1
177400 3
177500 2
177600 0
177700 1
177800 1
177900 1
178000 0
178100 1
178200 0
178300 2
178400 2
178500 2
178600 0
178700 1
178800 2
178900 1
179000 0
179100 0
179200 1
179300 0
179400 3
179500 1
179600 1
179700 2
179800 3
179900 3
180000 2
180100 5
180200 0
180300 2
180400 1
180500 3
180600 58
180700 352
180800 889
180900 600
181000 131
181100 14
181200 2
181300 0
181400 1
181500 1
181600 2
181700 1
181800 1
181900 2
182000 0
182100 1
182200 1
182300 3
182400 4
182500 2
182600 1
182700 1
182800 1
182900 2
183000 4
183100 2
183200 0
183300 2
183400 2
183500 0
183600 2
183700 1
183800 0
183900 1
184000 2
184100 3
184200 2
184300 2
184400 0
184500 3
184600 2
184700 0
184800 1
184900 0
185000 1
185100 1
185200 2
185300 0
185400 1
185500 2
185600 1
185700 3
185800 3
185900 4
186000 2
186100 2
186200 0
186300 0
186400 1
186500 1
186600 1
186700 2
186800 1
186900 0
187000 0
187100 0
187200 0
187300 1
187400 0
187500 1
187600 2
187700 1
187800 0
187900 0
188000 1
188100 4
188200 2
188300 2
188400 1
188500 0
188600 4
188700 2
188800 2
188900 3
189000 0
189100 2
189200 1
189300 4
189400 2
189500 2
189600 0
189700 1
189800 2
189900 2
190000 2
190100 2
190200 2
190300 0
190400 1
190500 0
190600 2
190700 1
190800 4
190900 2
191000 0
191100 1
191200 1
191300 1
191400 0
191500 1
191600 1
191700 1
191800 0
191900 1
192000 0
192100 1
192200 0
192300 2
192400 0
192500 0
192600 4
192700 2
192800 2
192900 0
193000 0
193100 1
193200 2
193300 3
193400 1
193500 3
193600 2
193700 20
193800 188
193900 715
194000 859
194100 304
194200 27
194300 4
194400 0
194500 3
194600 2
194700 1
194800 1
194900 2
195000 5
195100 1
195200 1
195300 3
195400 0
195500 2
195600 1
195700 1
195800 2
195900 1
196000 3
196100 2
196200 1
196300 0
196400 1
196500 3
196600 0
196700 1
196800 1
196900 2
197000 1
197100 3
197200 0
197300 5
197400 4
197500 2
197600 0
197700 0
197800 1
197900 0
198000 1
198100 1
198200 1
198300 1
198400 0
198500 0
198600 3
198700 4
198800 6
198900 2
199000 2
199100 3
199200 1
199300 1
199400 1
199500 1
199600 1
199700 4
199800 1
199900 1
200000 0
200100 2
200200 1
200300 2
200400 1
200500 2
200600 1
200700 2
200800 0
200900 1
201000 1
201100 2
201200 0
201300 0
201400 2
201500 2
201600 3
201700 0
201800 0
201900 0
202000 0
202100 0
202200 0
202300 1
202400 1
202500 0
202600 4
202700 4
202800 0
202900 0
203000 1
203100 0
203200 0
203300 1
203400 3
203500 2
203600 1
203700 0
203800 1
203900 1
204000 2
204100 0
204200 2
204300 4
204400 1
204500 0
204600 1
204700 2
204800 1
204900 1
205000 0
205100 2
205200 0
205300 0
205400 2
205500 1
205600 1
205700 1
205800 1
205900 2
206000 3
206100 0
206200 0
206300 1
206400 1
206500 1
206600 1
206700 0
206800 8
206900 118
207000 535
207100 904
207200 451
207300 60
207400 5
207500 3
207600 1
207700 0
207800 2
207900 2
208000 1
208100 2
208200 0
208300 0
208400 1
208500 1
208600 2
208700 1
208800 1
208900 3
209000 3
209100 1
209200 1
209300 0
209400 0
209500 1
209600 1
209700 1
209800 0
209900 0
210000 0
210100 4
210200 2
210300 1
210400 3
210500 0
210600 1
210700 1
210800 1
210900 4
211000 0
211100 2
211200 1
211300 1
211400 0
211500 1
211600 0
211700 3
211800 2
211900 1
212000 1
212100 4
212200 1
212300 0
212400 4
212500 2
212600 1
212700 1
212800 1
212900 2
213000 0
213100 1
213200 3
213300 2
213400 1
213500 1
213600 1
213700 1
213800 1
213900 1
214000 1
214100 1
214200 1
214300 1
214400 2
214500 1
214600 0
214700 1
214800 0
214900 0
215000 1
215100 1
215200 0
215300 2
215400 0
215500 0
215600 1
215700 2
215800 1
215900 1
216000 2
216100 1
216200 2
216300 0
216400 1
216500 3
216600 4
216700 4
216800 0
216900 1
217000 0
217100 0
217200 2
217300 3
217400 0
217500 1
217600 0
217700 5
217800 3
217900 2
218000 0
218100 2
218200 1
218300 1
218400 0
218500 2
218600 1
218700 2
218800 1
218900 4
219000 2
219100 1
219200 2
219300 1
219400 0
219500 2
219600 1
219700 1
219800 2
219900 5
220000 50
220100 348
220200 901
220300 664
220400 137
220500 14
220600 3
220700 1
220800 2
220900 1
221000 0
221100 0
221200 3
221300 1
221400 0
221500 1
221600 1
221700 2
221800 1
221900 0
222000 1
222100 2
222200 2
222300 0
222400 2
222500 0
222600 0
222700 2
222800 3
222900 0
223000 2
223100 0
223200 2
223300 0
223400 1
223500 4
223600 1
223700 3
223800 1
223900 3
224000 1
224100 1
224200 1
224300 1
224400 1
224500 0
224600 3
224700 1
224800 0
224900 0
225000 1
225100 4
225200 2
225300 1
225400 2
225500 4
225600 0
225700 2
225800 0
225900 1
226000 0
226100 1
226200 2
226300 2
226400 3
226500 4
226600 2
226700 2
226800 2
226900 0
227000 1
227100 1
227200 0
227300 1
227400 0
227500 1
227600 0
227700 0
227800 2
227900 1
228000 2
228100 2
228200 1
228300 1
228400 2
228500 1
228600 0
228700 2
228800 1
228900 1
229000 1
229100 2
229200 1
229300 1
229400 2
229500 1
229600 1
229700 0
229800 2
229900 2
230000 0
230100 1
230200 0
230300 3
230400 2
230500 1
230600 0
230700 0
230800 0
230900 1
231000 2
231100 1
231200 3
231300 3
231400 2
231500 1
231600 2
231700 2
231800 2
231900 4
232000 0
232100 3
232200 1
232300 0
232400 0
232500 1
232600 1
232700 4
232800 0
232900 1
233000 3
233100 22
233200 214
233300 764
233400 745
233500 225
233600 26
233700 3
233800 1
233900 0
234000 3
234100 2
234200 1
234300 1
234400 2
234500 0
234600 1
234700 1
234800 0
234900 1
235000 0
235100 0
235200 1
235300 2
235400 2
235500 1
235600 2
235700 1
235800 0
235900 0
236000 1
236100 1
236200 1
236300 2
236400 2
236500 0
236600 1
236700 1
236800 3
236900 0
237000 3
237100 0
237200 1
237300 0
237400 2
237500 0
237600 1
237700 2
237800 0
237900 1
238000 1
238100 1
238200 7
238300 5
238400 1
238500 2
238600 0
238700 2
238800 1
238900 1
239000 1
239100 0
239200 3
239300 1
239400 2
239500 0
239600 2
239700 2
239800 0
239900 0
240000 1
240100 2
240200 1
240300 1
240400 2
240500 0
240600 1
240700 3
240800 3
240900 0
241000 0
241100 3
241200 0
241300 2
241400 1
241500 2
241600 1
241700 3
241800 1
241900 0
242000 3
242100 2
242200 3
242300 1
242400 0
242500 0
242600 3
242700 0
242800 2
242900 2
243000 1
243100 0
243200 2
243300 1
243400 2
243500 0
243600 0
243700 2
243800 0
243900 2
244000 0
244100 1
244200 1
244300 1
244400 2
244500 2
244600 1
244700 3
244800 1
244900 2
245000 2
245100 0
245200 1
245300 0
245400 2
245500 1
245600 2
245700 2
245800 1
245900 1
246000 3
246100 1
246200 9
246300 96
246400 513
246500 825
246600 429
246700 69
246800 4
246900 1
247000 2
247100 1
247200 1
247300 2
247400 1
247500 1
247600 0
247700 0
247800 1
247900 1
248000 3
248100 4
248200 1
248300 1
248400 0
248500 3
248600 1
248700 2
248800 6
248900 2
249000 0
249100 0
249200 0
249300 1
249400 4
249500 1
249600 2
249700 4
249800 1
249900 4
250000 0
250100 1
250200 2
250300 2
250400 1
250500 1
250600 4
250700 1
250800 1
250900 1
251000 3
251100 1
251200 5
251300 9
251400 3
251500 1
251600 0
251700 1
251800 1
251900 0
252000 1
252100 0
252200 1
252300 2
252400 2
252500 0
252600 1
252700 0
252800 0
252900 0
253000 0
253100 0
253200 3
253300 0
253400 0
253500 1
253600 0
253700 2
253800 1
253900 0
254000 1
254100 1
254200 0
254300 1
254400 2
254500 1
254600 1
254700 2
254800 1
254900 0
255000 2
255100 1
255200 5
255300 5
255400 1
255500 0
255600 0
255700 0
255800 0
255900 1
256000 0
256100 4
256200 2
256300 2
256400 1
256500 0
256600 1
256700 1
256800 1
256900 3
257000 0
257100 1
257200 0
257300 2
257400 1
257500 2
257600 2
257700 1
257800 0
257900 1
258000 1
258100 2
258200 2
258300 3
258400 2
258500 2
258600 0
258700 0
258800 1
258900 1
259000 0
259100 0
259200 3
259300 2
259400 44
259500 326
259600 881
259700 709
259800 169
259900 13
260000 1
260100 1
260200 2
260300 0
260400 0
260500 1
260600 3
260700 0
260800 4
260900 1
261000 2
261100 3
261200 2
261300 3
261400 1
261500 3
261600 1
261700 1
261800 1
261900 0
262000 1
262100 1
262200 2
262300 1
262400 1
262500 0
262600 0
262700 3
262800 1
262900 0
263000 1
263100 1
263200 3
263300 0
263400 4
263500 0
263600 1
263700 1
263800 1
263900 3
264000 2
264100 3
264200 3
264300 2
264400 3
264500 4
264600 2
264700 3
264800 0
264900 3
265000 2
265100 1
265200 1
265300 2
265400 2
265500 1
265600 0
265700 0
265800 1
265900 1
266000 3
266100 1
266200 0
266300 0
266400 3
266500 1
266600 2
266700 0
266800 1
266900 2
267000 1
267100 1
267200 0
267300 3
267400 0
267500 3
267600 1
267700 1
267800 0
267900 0
268000 2
268100 1
268200 0
268300 1
268400 2
268500 1
268600 3
268700 1
268800 0
268900 2
269000 3
269100 1
269200 1
269300 0
269400 1
269500 1
269600 1
269700 2
269800 4
269900 0
270000 1
270100 1
270200 1
270300 1
270400 0
270500 2
270600 1
270700 0
270800 3
270900 1
271000 0
271100 1
271200 1
271300 0
271400 0
271500 0
271600 0
271700 2
271800 1
271900 0
272000 4
272100 2
272200 1
272300 1
272400 1
272500 23
272600 216
272700 715
272800 819
272900 253
273000 20
273100 0
273200 5
273300 3
273400 4
273500 1
273600 1
273700 0
273800 2
273900 2
274000 1
274100 1
274200 1
274300 0
274400 1
274500 0
274600 1
274700 1
274800 2
274900 0
275000 1
275100 1
275200 1
275300 0
275400 0
275500 2
275600 0
275700 2
275800 1
275900 3
276000 2
276100 0
276200 0
276300 1
276400 0
276500 3
276600 1
276700 2
276800 1
276900 3
277000 1
277100 3
277200 3
277300 1
277400 2
277500 3
277600 4
277700 5
277800 3
277900 4
278000 0
278100 0
278200 0
278300 0
278400 1
278500 1
278600 1
278700 1
278800 3
278900 1
279000 4
279100 0
279200 2
279300 1
279400 1
279500 0
279600 0
279700 0
279800 1
279900 3
280000 2
280100 3
280200 0
280300 2
280400 1
280500 2
280600 0
280700 2
280800 2
280900 1
281000 1
281100 1
281200 2
281300 1
281400 0
281500 2
281600 0
281700 0
281800 3
281900 1
282000 2
282100 3
282200 2
282300 3
282400 2
282500 2
282600 1
282700 2
282800 2
282900 1
283000 0
283100 2
283200 1
283300 1
283400 1
283500 0
283600 0
283700 1
283800 1
283900 0
284000 2
284100 2
284200 0
284300 0
284400 1
284500 1
284600 0
284700 1
284800 0
284900 1
285000 0
285100 2
285200 1
285300 0
285400 1
285500 6
285600 12
285700 114
285800 523
285900 870
286000 427
286100 77
286200 3
286300 0
286400 3
286500 1
286600 3
286700 3
286800 1
286900 4
287000 0
287100 0
287200 1
287300 1
287400 0
287500 2
287600 1
287700 1
287800 1
287900 2
288000 1
288100 2
288200 3
288300 0
288400 4
288500 1
288600 2
288700 0
288800 1
288900 1
289000 0
289100 3
289200 0
289300 1
289400 5
289500 0
289600 1
289700 1
289800 1
289900 3
290000 3
290100 3
290200 4
290300 0
290400 1
290500 1
290600 2
290700 2
290800 5
290900 1
291000 6
291100 0
291200 0
291300 1
291400 0
291500 2
291600 0
291700 1
291800 1
291900 0
292000 1
292100 0
292200 3
292300 1
292400 0
292500 3
292600 0
292700 1
292800 0
292900 3
293000 2
293100 0
293200 2
293300 1
293400 2
293500 5
293600 1
293700 2
293800 3
293900 0
294000 1
294100 0
294200 0
294300 0
294400 1
294500 2
294600 1
294700 1
294800 3
294900 0
295000 0
295100 1
295200 0
295300 3
295400 1
295500 0
295600 1
295700 0
295800 1
295900 1
296000 3
296100 0
296200 0
296300 1
296400 3
296500 0
296600 0
296700 1
296800 2
296900 1
297000 1
297100 1
297200 2
297300 2
297400 3
297500 1
297600 0
297700 1
297800 0
297900 0
298000 1
298100 2
298200 0
298300 0
298400 4
298500 1
298600 1
298700 1
298800 33
298900 315
299000 773
299100 632
299200 204
299300 13
299400 2
299500 3
299600 3
299700 1
299800 3
299900 3
300000 0
300100 0
300200 1
300300 0
300400 1
300500 1
300600 2
300700 1
300800 0
300900 2
301000 2
301100 2
301200 0
301300 1
301400 2
301500 0
301600 1
301700 3
301800 1
301900 1
302000 3
302100 2
302200 1
302300 0
302400 0
302500 2
302600 2
302700 0
302800 1
302900 2
303000 1
303100 0
303200 2
303300 1
303400 1
303500 2
303600 2
303700 2
303800 0
303900 3
304000 9
304100 2
304200 2
304300 2
304400 1
304500 0
304600 1
304700 1
304800 4
304900 2
305000 0
305100 3
305200 2
305300 1
305400 2
305500 1
305600 0
305700 3
305800 1
305900 1
306000 2
306100 1
306200 0
306300 1
306400 3
306500 2
306600 2
306700 1
306800 2
306900 0
307000 0
307100 6
307200 3
307300 3
307400 2
307500 2
307600 0
307700 1
307800 2
307900 3
308000 2
308100 0
308200 1
308300 1
308400 2
308500 3
308600 0
308700 4
308800 3
308900 0
309000 1
309100 0
309200 0
309300 1
309400 1
309500 1
309600 0
309700 2
309800 1
309900 1
