-290000 0
-289900 3
-289800 2
-289700 1
-289600 2
-289500 1
-289400 0
-289300 2
-289200 1
-289100 3
-289000 4
-288900 2
-288800 2
-288700 5
-288600 3
-288500 1
-288400 3
-288300 0
-288200 3
-288100 2
-288000 3
-287900 4
-287800 2
-287700 2
-287600 3
-287500 1
-287400 4
-287300 3
-287200 7
-287100 6
-287000 3
-286900 3
-286800 2
-286700 0
-286600 0
-286500 2
-286400 3
-286300 2
-286200 1
-286100 2
-286000 1
-285900 1
-285800 0
-285700 0
-285600 2
-285500 1
-285400 2
-285300 3
-285200 2
-285100 3
-285000 1
-284900 2
-284800 1
-284700 0
-284600 2
-284500 2
-284400 2
-284300 2
-284200 0
-284100 1
-284000 2
-283900 3
-283800 2
-283700 0
-283600 2
-283500 0
-283400 3
-283300 1
-283200 2
-283100 0
-283000 1
-282900 3
-282800 2
-282700 1
-282600 3
-282500 2
-282400 6
-282300 1
-282200 0
-282100 1
-282000 3
-281900 5
-281800 1
-281700 1
-281600 2
-281500 2
-281400 1
-281300 1
-281200 3
-281100 2
-281000 0
-280900 3
-280800 1
-280700 2
-280600 1
-280500 0
-280400 1
-280300 4
-280200 1
-280100 5
-280000 2
-279900 1
-279800 0
-279700 1
-279600 4
-279500 3
-279400 3
-279300 7
-279200 17
-279100 158
-279000 963
-278900 1733
-278800 930
-278700 154
-278600 11
-278500 4
-278400 1
-278300 3
-278200 1
-278100 1
-278000 1
-277900 1
-277800 1
-277700 2
-277600 1
-277500 4
-277400 2
-277300 5
-277200 3
-277100 1
-277000 3
-276900 1
-276800 0
-276700 0
-276600 4
-276500 2
-276400 1
-276300 3
-276200 1
-276100 0
-276000 2
-275900 1
-275800 1
-275700 3
-275600 0
-275500 3
-275400 0
-275300 2
-275200 1
-275100 2
-275000 1
-274900 0
-274800 2
-274700 1
-274600 1
-274500 4
-274400 3
-274300 4
-274200 3
-274100 8
-274000 8
-273900 6
-273800 2
-273700 1
-273600 2
-273500 0
-273400 0
-273300 3
-273200 2
-273100 1
-273000 1
-272900 1
-272800 1
-272700 2
-272600 0
-272500 0
-272400 0
-272300 2
-272200 1
-272100 3
-272000 2
-271900 1
-271800 3
-271700 2
-271600 0
-271500 1
-271400 2
-271300 3
-271200 2
-271100 3
-271000 3
-270900 4
-270800 2
-270700 3
-270600 2
-270500 2
-270400 0
-270300 0
-270200 1
-270100 1
-270000 2
-269900 1
-269800 2
-269700 1
-269600 0
-269500 3
-269400 2
-269300 1
-269200 3
-269100 0
-269000 3
-268900 1
-268800 2
-268700 3
-268600 2
-268500 3
-268400 4
-268300 2
-268200 1
-268100 3
-268000 2
-267900 2
-267800 1
-267700 2
-267600 2
-267500 2
-267400 1
-267300 0
-267200 0
-267100 1
-267000 1
-266900 1
-266800 0
-266700 4
-266600 0
-266500 2
-266400 1
-266300 3
-266200 2
-266100 6
-266000 75
-265900 604
-265800 1583
-265700 1235
-265600 312
-265500 25
-265400 2
-265300 1
-265200 1
-265100 2
-265000 1
-264900 0
-264800 0
-264700 0
-264600 2
-264500 5
-264400 1
-264300 2
-264200 1
-264100 2
-264000 1
-263900 1
-263800 0
-263700 2
-263600 3
-263500 1
-263400 2
-263300 1
-263200 2
-263100 2
-263000 1
-262900 3
-262800 1
-262700 4
-262600 5
-262500 2
-262400 3
-262300 1
-262200 4
-262100 3
-262000 0
-261900 3
-261800 0
-261700 1
-261600 1
-261500 0
-261400 1
-261300 1
-261200 1
-261100 1
-261000 0
-260900 7
-260800 5
-260700 4
-260600 4
-260500 1
-260400 1
-260300 0
-260200 2
-260100 2
-260000 2
-259900 0
-259800 1
-259700 0
-259600 0
-259500 1
-259400 2
-259300 2
-259200 1
-259100 1
-259000 1
-258900 1
-258800 1
-258700 3
-258600 2
-258500 1
-258400 2
-258300 0
-258200 1
-258100 0
-258000 2
-257900 2
-257800 0
-257700 0
-257600 2
-257500 0
-257400 1
-257300 1
-257200 3
-257100 2
-257000 2
-256900 0
-256800 1
-256700 0
-256600 1
-256500 2
-256400 1
-256300 1
-256200 5
-256100 0
-256000 1
-255900 1
-255800 0
-255700 2
-255600 4
-255500 2
-255400 0
-255300 0
-255200 0
-255100 4
-255000 2
-254900 2
-254800 1
-254700 2
-254600 1
-254500 2
-254400 1
-254300 3
-254200 2
-254100 1
-254000 3
-253900 0
-253800 3
-253700 1
-253600 0
-253500 1
-253400 0
-253300 3
-253200 2
-253100 2
-253000 4
-252900 34
-252800 379
-252700 1353
-252600 1556
-252500 536
-252400 68
-252300 6
-252200 4
-252100 3
-252000 1
-251900 1
-251800 3
-251700 2
-251600 2
-251500 0
-251400 1
-251300 4
-251200 2
-251100 3
-251000 1
-250900 1
-250800 3
-250700 2
-250600 0
-250500 2
-250400 0
-250300 2
-250200 6
-250100 2
-250000 4
-249900 1
-249800 1
-249700 2
-249600 2
-249500 2
-249400 2
-249300 1
-249200 2
-249100 1
-249000 2
-248900 5
-248800 0
-248700 1
-248600 3
-248500 1
-248400 2
-248300 1
-248200 2
-248100 0
-248000 1
-247900 2
-247800 12
-247700 5
-247600 4
-247500 1
-247400 2
-247300 1
-247200 1
-247100 2
-247000 5
-246900 2
-246800 3
-246700 4
-246600 0
-246500 1
-246400 3
-246300 6
-246200 0
-246100 3
-246000 1
-245900 2
-245800 5
-245700 2
-245600 1
-245500 2
-245400 1
-245300 0
-245200 1
-245100 2
-245000 1
-244900 2
-244800 4
-244700 2
-244600 3
-244500 1
-244400 3
-244300 2
-244200 3
-244100 2
-244000 1
-243900 1
-243800 3
-243700 1
-243600 2
-243500 2
-243400 1
-243300 4
-243200 1
-243100 1
-243000 4
-242900 0
-242800 0
-242700 0
-242600 2
-242500 0
-242400 3
-242300 0
-242200 0
-242100 2
-242000 4
-241900 2
-241800 1
-241700 0
-241600 3
-241500 1
-241400 1
-241300 1
-241200 1
-241100 2
-241000 2
-240900 2
-240800 2
-240700 1
-240600 1
-240500 4
-240400 4
-240300 4
-240200 4
-240100 3
-240000 4
-239900 3
-239800 12
-239700 147
-239600 874
-239500 1769
-239400 935
-239300 153
-239200 16
-239100 7
-239000 3
-238900 4
-238800 2
-238700 2
-238600 1
-238500 3
-238400 0
-238300 3
-238200 5
-238100 0
-238000 0
-237900 1
-237800 2
-237700 1
-237600 2
-237500 8
-237400 0
-237300 4
-237200 1
-237100 1
-237000 1
-236900 3
-236800 3
-236700 3
-236600 2
-236500 2
-236400 4
-236300 2
-236200 3
-236100 2
-236000 2
-235900 3
-235800 1
-235700 1
-235600 1
-235500 3
-235400 1
-235300 1
-235200 3
-235100 3
-235000 0
-234900 1
-234800 0
-234700 4
-234600 5
-234500 2
-234400 4
-234300 1
-234200 2
-234100 2
-234000 1
-233900 0
-233800 2
-233700 2
-233600 2
-233500 1
-233400 0
-233300 2
-233200 2
-233100 2
-233000 0
-232900 1
-232800 0
-232700 1
-232600 0
-232500 2
-232400 2
-232300 3
-232200 2
-232100 3
-232000 1
-231900 1
-231800 5
-231700 0
-231600 4
-231500 1
-231400 2
-231300 3
-231200 2
-231100 4
-231000 0
-230900 3
-230800 2
-230700 0
-230600 2
-230500 1
-230400 1
-230300 1
-230200 3
-230100 1
-230000 2
-229900 1
-229800 0
-229700 0
-229600 1
-229500 1
-229400 2
-229300 2
-229200 3
-229100 1
-229000 1
-228900 1
-228800 2
-228700 1
-228600 4
-228500 5
-228400 3
-228300 2
-228200 3
-228100 2
-228000 4
-227900 1
-227800 4
-227700 2
-227600 3
-227500 2
-227400 2
-227300 2
-227200 3
-227100 2
-227000 1
-226900 2
-226800 4
-226700 3
-226600 57
-226500 512
-226400 1597
-226300 1365
-226200 362
-226100 35
-226000 4
-225900 7
-225800 0
-225700 1
-225600 2
-225500 2
-225400 1
-225300 1
-225200 5
-225100 1
-225000 0
-224900 3
-224800 1
-224700 3
-224600 2
-224500 3
-224400 1
-224300 3
-224200 1
-224100 1
-224000 0
-223900 4
-223800 3
-223700 2
-223600 3
-223500 2
-223400 2
-223300 1
-223200 2
-223100 4
-223000 5
-222900 6
-222800 2
-222700 2
-222600 1
-222500 0
-222400 1
-222300 2
-222200 2
-222100 1
-222000 1
-221900 2
-221800 2
-221700 4
-221600 9
-221500 8
-221400 9
-221300 5
-221200 1
-221100 3
-221000 2
-220900 2
-220800 1
-220700 3
-220600 0
-220500 1
-220400 2
-220300 1
-220200 3
-220100 0
-220000 1
-219900 1
-219800 0
-219700 2
-219600 2
-219500 1
-219400 3
-219300 4
-219200 2
-219100 2
-219000 1
-218900 2
-218800 1
-218700 1
-218600 1
-218500 2
-218400 1
-218300 3
-218200 2
-218100 1
-218000 1
-217900 4
-217800 1
-217700 2
-217600 1
-217500 1
-217400 3
-217300 3
-217200 3
-217100 1
-217000 3
-216900 1
-216800 1
-216700 0
-216600 3
-216500 1
-216400 3
-216300 4
-216200 1
-216100 4
-216000 1
-215900 1
-215800 2
-215700 3
-215600 3
-215500 4
-215400 0
-215300 0
-215200 3
-215100 0
-215000 1
-214900 6
-214800 3
-214700 2
-214600 2
-214500 2
-214400 2
-214300 5
-214200 1
-214100 3
-214000 4
-213900 2
-213800 5
-213700 4
-213600 3
-213500 38
-213400 328
-213300 1339
-213200 1622
-213100 553
-213000 62
-212900 6
-212800 1
-212700 2
-212600 1
-212500 4
-212400 0
-212300 3
-212200 1
-212100 2
-212000 2
-211900 4
-211800 0
-211700 2
-211600 3
-211500 3
-211400 2
-211300 5
-211200 1
-211100 0
-211000 1
-210900 3
-210800 1
-210700 1
-210600 3
-210500 1
-210400 2
-210300 0
-210200 2
-210100 1
-210000 1
-209900 0
-209800 5
-209700 1
-209600 2
-209500 3
-209400 2
-209300 4
-209200 0
-209100 3
-209000 0
-208900 2
-208800 1
-208700 0
-208600 4
-208500 6
-208400 7
-208300 8
-208200 2
-208100 2
-208000 0
-207900 3
-207800 2
-207700 3
-207600 2
-207500 1
-207400 2
-207300 2
-207200 2
-207100 0
-207000 0
-206900 3
-206800 4
-206700 1
-206600 3
-206500 0
-206400 1
-206300 4
-206200 1
-206100 1
-206000 0
-205900 1
-205800 0
-205700 1
-205600 3
-205500 2
-205400 1
-205300 4
-205200 1
-205100 0
-205000 3
-204900 0
-204800 0
-204700 1
-204600 1
-204500 0
-204400 3
-204300 2
-204200 2
-204100 1
-204000 2
-203900 4
-203800 4
-203700 1
-203600 4
-203500 1
-203400 1
-203300 0
-203200 3
-203100 3
-203000 4
-202900 1
-202800 5
-202700 0
-202600 2
-202500 2
-202400 0
-202300 3
-202200 3
-202100 1
-202000 3
-201900 2
-201800 0
-201700 2
-201600 2
-201500 4
-201400 1
-201300 2
-201200 1
-201100 5
-201000 1
-200900 2
-200800 2
-200700 2
-200600 0
-200500 7
-200400 15
-200300 199
-200200 1035
-200100 1787
-200000 811
-199900 126
-199800 7
-199700 1
-199600 4
-199500 5
-199400 2
-199300 1
-199200 1
-199100 0
-199000 4
-198900 1
-198800 4
-198700 1
-198600 4
-198500 0
-198400 0
-198300 1
-198200 1
-198100 1
-198000 1
-197900 4
-197800 1
-197700 0
-197600 0
-197500 1
-197400 4
-197300 0
-197200 1
-197100 4
-197000 1
-196900 1
-196800 1
-196700 2
-196600 3
-196500 3
-196400 2
-196300 1
-196200 2
-196100 1
-196000 1
-195900 1
-195800 5
-195700 4
-195600 0
-195500 2
-195400 3
-195300 3
-195200 11
-195100 7
-195000 1
-194900 2
-194800 2
-194700 2
-194600 1
-194500 2
-194400 4
-194300 2
-194200 1
-194100 2
-194000 4
-193900 2
-193800 0
-193700 1
-193600 3
-193500 0
-193400 1
-193300 2
-193200 4
-193100 8
-193000 2
-192900 1
-192800 2
-192700 0
-192600 3
-192500 1
-192400 2
-192300 4
-192200 3
-192100 0
-192000 1
-191900 5
-191800 5
-191700 0
-191600 0
-191500 0
-191400 1
-191300 1
-191200 1
-191100 1
-191000 1
-190900 0
-190800 0
-190700 1
-190600 2
-190500 2
-190400 1
-190300 1
-190200 2
-190100 1
-190000 2
-189900 4
-189800 2
-189700 2
-189600 1
-189500 0
-189400 2
-189300 2
-189200 2
-189100 2
-189000 0
-188900 0
-188800 0
-188700 1
-188600 3
-188500 4
-188400 4
-188300 0
-188200 0
-188100 3
-188000 1
-187900 2
-187800 1
-187700 0
-187600 2
-187500 1
-187400 2
-187300 5
-187200 65
-187100 604
-187000 1617
-186900 1242
-186800 330
-186700 18
-186600 3
-186500 4
-186400 4
-186300 1
-186200 2
-186100 0
-186000 2
-185900 0
-185800 1
-185700 2
-185600 1
-185500 2
-185400 1
-185300 3
-185200 2
-185100 2
-185000 0
-184900 1
-184800 2
-184700 3
-184600 3
-184500 1
-184400 7
-184300 2
-184200 3
-184100 0
-184000 1
-183900 3
-183800 2
-183700 4
-183600 1
-183500 2
-183400 1
-183300 3
-183200 4
-183100 1
-183000 1
-182900 4
-182800 1
-182700 1
-182600 2
-182500 0
-182400 0
-182300 3
-182200 5
-182100 4
-182000 6
-181900 8
-181800 1
-181700 1
-181600 3
-181500 0
-181400 1
-181300 0
-181200 3
-181100 1
-181000 2
-180900 3
-180800 3
-180700 2
-180600 1
-180500 2
-180400 3
-180300 4
-180200 1
-180100 0
-180000 2
-179900 5
-179800 4
-179700 2
-179600 3
-179500 3
-179400 0
-179300 1
-179200 2
-179100 0
-179000 3
-178900 2
-178800 1
-178700 0
-178600 4
-178500 4
-178400 1
-178300 1
-178200 3
-178100 1
-178000 2
-177900 3
-177800 4
-177700 1
-177600 1
-177500 1
-177400 1
-177300 4
-177200 1
-177100 3
-177000 0
-176900 1
-176800 3
-176700 1
-176600 3
-176500 4
-176400 2
-176300 2
-176200 2
-176100 1
-176000 2
-175900 1
-175800 1
-175700 2
-175600 2
-175500 1
-175400 5
-175300 1
-175200 0
-175100 3
-175000 2
-174900 2
-174800 3
-174700 3
-174600 1
-174500 3
-174400 2
-174300 3
-174200 5
-174100 22
-174000 268
-173900 1278
-173800 1646
-173700 569
-173600 69
-173500 5
-173400 4
-173300 2
-173200 2
-173100 0
-173000 1
-172900 1
-172800 3
-172700 1
-172600 3
-172500 3
-172400 0
-172300 6
-172200 3
-172100 2
-172000 2
-171900 2
-171800 1
-171700 1
-171600 2
-171500 0
-171400 0
-171300 1
-171200 1
-171100 2
-171000 6
-170900 0
-170800 2
-170700 2
-170600 3
-170500 1
-170400 0
-170300 1
-170200 1
-170100 1
-170000 0
-169900 1
-169800 1
-169700 5
-169600 3
-169500 1
-169400 2
-169300 2
-169200 1
-169100 1
-169000 7
-168900 11
-168800 8
-168700 3
-168600 5
-168500 1
-168400 0
-168300 0
-168200 1
-168100 0
-168000 1
-167900 1
-167800 3
-167700 2
-167600 1
-167500 0
-167400 1
-167300 2
-167200 0
-167100 0
-167000 1
-166900 1
-166800 2
-166700 1
-166600 1
-166500 3
-166400 1
-166300 1
-166200 1
-166100 1
-166000 1
-165900 1
-165800 0
-165700 2
-165600 3
-165500 1
-165400 2
-165300 1
-165200 0
-165100 0
-165000 4
-164900 4
-164800 0
-164700 4
-164600 2
-164500 3
-164400 0
-164300 1
-164200 4
-164100 2
-164000 2
-163900 1
-163800 1
-163700 0
-163600 0
-163500 1
-163400 2
-163300 2
-163200 2
-163100 3
-163000 1
-162900 2
-162800 1
-162700 0
-162600 1
-162500 2
-162400 4
-162300 14
-162200 5
-162100 2
-162000 3
-161900 0
-161800 0
-161700 2
-161600 2
-161500 2
-161400 2
-161300 1
-161200 2
-161100 5
-161000 6
-160900 143
-160800 890
-160700 1757
-160600 944
-160500 172
-160400 10
-160300 2
-160200 1
-160100 3
-160000 0
-159900 2
-159800 3
-159700 2
-159600 0
-159500 3
-159400 2
-159300 0
-159200 1
-159100 2
-159000 0
-158900 2
-158800 3
-158700 3
-158600 3
-158500 1
-158400 2
-158300 2
-158200 4
-158100 2
-158000 2
-157900 1
-157800 3
-157700 0
-157600 2
-157500 0
-157400 2
-157300 2
-157200 2
-157100 1
-157000 1
-156900 2
-156800 2
-156700 0
-156600 2
-156500 1
-156400 0
-156300 3
-156200 0
-156100 3
-156000 2
-155900 3
-155800 6
-155700 5
-155600 3
-155500 1
-155400 3
-155300 2
-155200 1
-155100 0
-155000 0
-154900 2
-154800 3
-154700 1
-154600 0
-154500 0
-154400 2
-154300 3
-154200 2
-154100 2
-154000 0
-153900 2
-153800 4
-153700 0
-153600 3
-153500 0
-153400 2
-153300 3
-153200 4
-153100 1
-153000 0
-152900 2
-152800 3
-152700 3
-152600 2
-152500 0
-152400 3
-152300 1
-152200 2
-152100 0
-152000 4
-151900 1
-151800 1
-151700 5
-151600 1
-151500 0
-151400 0
-151300 2
-151200 1
-151100 1
-151000 3
-150900 1
-150800 4
-150700 5
-150600 2
-150500 0
-150400 1
-150300 2
-150200 1
-150100 1
-150000 2
-149900 2
-149800 1
-149700 1
-149600 3
-149500 1
-149400 0
-149300 0
-149200 3
-149100 3
-149000 5
-148900 1
-148800 3
-148700 1
-148600 1
-148500 4
-148400 1
-148300 1
-148200 1
-148100 1
-148000 2
-147900 9
-147800 61
-147700 503
-147600 1580
-147500 1421
-147400 362
-147300 22
-147200 3
-147100 4
-147000 1
-146900 1
-146800 2
-146700 2
-146600 3
-146500 2
-146400 1
-146300 3
-146200 0
-146100 2
-146000 3
-145900 3
-145800 4
-145700 3
-145600 2
-145500 2
-145400 5
-145300 4
-145200 2
-145100 0
-145000 0
-144900 1
-144800 3
-144700 0
-144600 3
-144500 2
-144400 1
-144300 2
-144200 2
-144100 1
-144000 6
-143900 0
-143800 1
-143700 2
-143600 1
-143500 3
-143400 3
-143300 2
-143200 2
-143100 1
-143000 2
-142900 3
-142800 1
-142700 7
-142600 3
-142500 2
-142400 1
-142300 1
-142200 4
-142100 2
-142000 2
-141900 1
-141800 1
-141700 3
-141600 1
-141500 0
-141400 2
-141300 3
-141200 1
-141100 2
-141000 2
-140900 3
-140800 5
-140700 2
-140600 3
-140500 3
-140400 1
-140300 0
-140200 2
-140100 1
-140000 0
-139900 1
-139800 3
-139700 1
-139600 1
-139500 0
-139400 3
-139300 3
-139200 2
-139100 2
-139000 1
-138900 0
-138800 1
-138700 1
-138600 2
-138500 5
-138400 0
-138300 4
-138200 4
-138100 1
-138000 1
-137900 2
-137800 3
-137700 4
-137600 0
-137500 1
-137400 2
-137300 2
-137200 4
-137100 2
-137000 2
-136900 3
-136800 2
-136700 2
-136600 0
-136500 2
-136400 3
-136300 0
-136200 1
-136100 3
-136000 0
-135900 2
-135800 2
-135700 2
-135600 2
-135500 1
-135400 2
-135300 2
-135200 0
-135100 4
-135000 1
-134900 3
-134800 5
-134700 14
-134600 257
-134500 1184
-134400 1730
-134300 634
-134200 73
-134100 11
-134000 2
-133900 2
-133800 0
-133700 3
-133600 1
-133500 3
-133400 1
-133300 0
-133200 1
-133100 1
-133000 1
-132900 2
-132800 1
-132700 4
-132600 1
-132500 0
-132400 3
-132300 2
-132200 5
-132100 2
-132000 3
-131900 2
-131800 2
-131700 1
-131600 2
-131500 2
-131400 1
-131300 1
-131200 0
-131100 3
-131000 0
-130900 0
-130800 1
-130700 2
-130600 1
-130500 1
-130400 2
-130300 3
-130200 1
-130100 0
-130000 2
-129900 0
-129800 2
-129700 2
-129600 9
-129500 9
-129400 5
-129300 4
-129200 2
-129100 5
-129000 0
-128900 2
-128800 2
-128700 3
-128600 2
-128500 1
-128400 1
-128300 1
-128200 3
-128100 1
-128000 1
-127900 1
-127800 2
-127700 2
-127600 1
-127500 1
-127400 4
-127300 2
-127200 2
-127100 1
-127000 0
-126900 3
-126800 1
-126700 2
-126600 3
-126500 0
-126400 1
-126300 1
-126200 1
-126100 2
-126000 3
-125900 0
-125800 2
-125700 1
-125600 2
-125500 3
-125400 1
-125300 2
-125200 1
-125100 3
-125000 2
-124900 1
-124800 1
-124700 3
-124600 4
-124500 0
-124400 0
-124300 3
-124200 4
-124100 1
-124000 2
-123900 4
-123800 1
-123700 2
-123600 0
-123500 0
-123400 2
-123300 1
-123200 3
-123100 1
-123000 5
-122900 1
-122800 4
-122700 3
-122600 3
-122500 1
-122400 3
-122300 1
-122200 4
-122100 2
-122000 0
-121900 3
-121800 2
-121700 1
-121600 7
-121500 100
-121400 832
-121300 1734
-121200 1036
-121100 189
-121000 16
-120900 2
-120800 2
-120700 3
-120600 3
-120500 2
-120400 4
-120300 3
-120200 1
-120100 0
-120000 3
-119900 1
-119800 1
-119700 2
-119600 1
-119500 2
-119400 0
-119300 2
-119200 5
-119100 3
-119000 3
-118900 2
-118800 0
-118700 1
-118600 0
-118500 2
-118400 0
-118300 1
-118200 1
-118100 3
-118000 3
-117900 1
-117800 0
-117700 0
-117600 1
-117500 5
-117400 3
-117300 0
-117200 1
-117100 1
-117000 0
-116900 0
-116800 1
-116700 1
-116600 3
-116500 9
-116400 15
-116300 3
-116200 1
-116100 0
-116000 0
-115900 1
-115800 4
-115700 1
-115600 2
-115500 1
-115400 0
-115300 0
-115200 4
-115100 1
-115000 3
-114900 2
-114800 3
-114700 1
-114600 2
-114500 2
-114400 2
-114300 0
-114200 1
-114100 3
-114000 1
-113900 0
-113800 0
-113700 2
-113600 3
-113500 1
-113400 3
-113300 0
-113200 1
-113100 2
-113000 1
-112900 1
-112800 1
-112700 1
-112600 6
-112500 1
-112400 2
-112300 4
-112200 1
-112100 1
-112000 0
-111900 2
-111800 1
-111700 2
-111600 0
-111500 2
-111400 2
-111300 0
-111200 1
-111100 3
-111000 1
-110900 2
-110800 1
-110700 1
-110600 4
-110500 2
-110400 0
-110300 2
-110200 3
-110100 3
-110000 1
-109900 3
-109800 2
-109700 4
-109600 1
-109500 2
-109400 1
-109300 2
-109200 1
-109100 1
-109000 3
-108900 3
-108800 0
-108700 1
-108600 3
-108500 5
-108400 44
-108300 488
-108200 1636
-108100 1364
-108000 345
-107900 25
-107800 4
-107700 3
-107600 3
-107500 0
-107400 2
-107300 1
-107200 1
-107100 3
-107000 4
-106900 3
-106800 3
-106700 0
-106600 6
-106500 3
-106400 1
-106300 3
-106200 0
-106100 2
-106000 1
-105900 2
-105800 0
-105700 3
-105600 3
-105500 1
-105400 2
-105300 1
-105200 1
-105100 3
-105000 1
-104900 1
-104800 0
-104700 2
-104600 2
-104500 1
-104400 1
-104300 1
-104200 5
-104100 2
-104000 0
-103900 1
-103800 3
-103700 2
-103600 4
-103500 3
-103400 5
-103300 16
-103200 9
-103100 1
-103000 1
-102900 2
-102800 2
-102700 0
-102600 1
-102500 1
-102400 1
-102300 0
-102200 0
-102100 1
-102000 3
-101900 2
-101800 0
-101700 1
-101600 4
-101500 1
-101400 2
-101300 4
-101200 2
-101100 1
-101000 1
-100900 0
-100800 1
-100700 0
-100600 1
-100500 1
-100400 1
-100300 0
-100200 1
-100100 1
-100000 3
-99900 1
-99800 1
-99700 4
-99600 0
-99500 0
-99400 1
-99300 1
-99200 1
-99100 2
-99000 1
-98900 2
-98800 4
-98700 6
-98600 0
-98500 2
-98400 3
-98300 1
-98200 4
-98100 1
-98000 0
-97900 4
-97800 3
-97700 1
-97600 3
-97500 3
-97400 1
-97300 3
-97200 3
-97100 2
-97000 0
-96900 1
-96800 4
-96700 4
-96600 2
-96500 1
-96400 1
-96300 1
-96200 4
-96100 1
-96000 2
-95900 2
-95800 1
-95700 1
-95600 0
-95500 2
-95400 6
-95300 12
-95200 165
-95100 1112
-95000 1715
-94900 773
-94800 101
-94700 3
-94600 2
-94500 3
-94400 1
-94300 3
-94200 0
-94100 1
-94000 0
-93900 0
-93800 0
-93700 1
-93600 4
-93500 4
-93400 3
-93300 0
-93200 2
-93100 1
-93000 1
-92900 1
-92800 1
-92700 3
-92600 2
-92500 0
-92400 2
-92300 2
-92200 2
-92100 3
-92000 1
-91900 1
-91800 2
-91700 3
-91600 0
-91500 3
-91400 2
-91300 2
-91200 2
-91100 0
-91000 1
-90900 1
-90800 3
-90700 4
-90600 1
-90500 3
-90400 5
-90300 6
-90200 7
-90100 11
-90000 4
-89900 0
-89800 1
-89700 1
-89600 1
-89500 3
-89400 3
-89300 3
-89200 2
-89100 3
-89000 3
-88900 1
-88800 2
-88700 1
-88600 2
-88500 1
-88400 1
-88300 2
-88200 1
-88100 4
-88000 2
-87900 3
-87800 1
-87700 3
-87600 0
-87500 0
-87400 2
-87300 1
-87200 2
-87100 2
-87000 2
-86900 3
-86800 1
-86700 2
-86600 2
-86500 1
-86400 2
-86300 2
-86200 2
-86100 0
-86000 3
-85900 0
-85800 2
-85700 1
-85600 0
-85500 4
-85400 2
-85300 0
-85200 3
-85100 0
-85000 0
-84900 1
-84800 0
-84700 3
-84600 0
-84500 0
-84400 5
-84300 1
-84200 2
-84100 1
-84000 4
-83900 3
-83800 1
-83700 1
-83600 1
-83500 2
-83400 2
-83300 2
-83200 2
-83100 2
-83000 4
-82900 3
-82800 0
-82700 3
-82600 4
-82500 4
-82400 5
-82300 2
-82200 5
-82100 49
-82000 494
-81900 1607
-81800 1415
-81700 315
-81600 26
-81500 4
-81400 4
-81300 1
-81200 2
-81100 2
-81000 2
-80900 1
-80800 0
-80700 1
-80600 0
-80500 3
-80400 0
-80300 1
-80200 3
-80100 1
-80000 0
-79900 0
-79800 0
-79700 1
-79600 0
-79500 1
-79400 1
-79300 2
-79200 3
-79100 3
-79000 3
-78900 1
-78800 1
-78700 4
-78600 2
-78500 2
-78400 2
-78300 1
-78200 2
-78100 1
-78000 1
-77900 4
-77800 0
-77700 0
-77600 2
-77500 0
-77400 2
-77300 0
-77200 3
-77100 2
-77000 9
-76900 9
-76800 3
-76700 0
-76600 1
-76500 3
-76400 2
-76300 2
-76200 4
-76100 1
-76000 4
-75900 0
-75800 3
-75700 2
-75600 2
-75500 3
-75400 0
-75300 0
-75200 4
-75100 2
-75000 1
-74900 2
-74800 2
-74700 5
-74600 0
-74500 3
-74400 1
-74300 1
-74200 0
-74100 1
-74000 2
-73900 1
-73800 2
-73700 1
-73600 5
-73500 1
-73400 2
-73300 2
-73200 1
-73100 4
-73000 1
-72900 5
-72800 1
-72700 4
-72600 1
-72500 1
-72400 3
-72300 2
-72200 2
-72100 5
-72000 1
-71900 0
-71800 4
-71700 2
-71600 1
-71500 2
-71400 2
-71300 3
-71200 0
-71100 2
-71000 1
-70900 0
-70800 2
-70700 1
-70600 0
-70500 3
-70400 3
-70300 1
-70200 1
-70100 4
-70000 2
-69900 1
-69800 1
-69700 1
-69600 3
-69500 4
-69400 3
-69300 1
-69200 2
-69100 6
-69000 39
-68900 433
-68800 1574
-68700 1453
-68600 321
-68500 23
-68400 3
-68300 5
-68200 2
-68100 1
-68000 0
-67900 2
-67800 2
-67700 0
-67600 2
-67500 2
-67400 0
-67300 3
-67200 3
-67100 1
-67000 0
-66900 1
-66800 3
-66700 1
-66600 0
-66500 2
-66400 2
-66300 2
-66200 1
-66100 5
-66000 0
-65900 1
-65800 1
-65700 1
-65600 0
-65500 1
-65400 4
-65300 1
-65200 3
-65100 0
-65000 2
-64900 2
-64800 2
-64700 1
-64600 1
-64500 3
-64400 3
-64300 1
-64200 1
-64100 1
-64000 3
-63900 7
-63800 3
-63700 1
-63600 2
-63500 1
-63400 1
-63300 4
-63200 1
-63100 2
-63000 0
-62900 3
-62800 1
-62700 0
-62600 1
-62500 1
-62400 1
-62300 0
-62200 1
-62100 0
-62000 1
-61900 1
-61800 4
-61700 1
-61600 3
-61500 0
-61400 1
-61300 2
-61200 0
-61100 2
-61000 1
-60900 5
-60800 1
-60700 2
-60600 0
-60500 4
-60400 1
-60300 2
-60200 0
-60100 2
-60000 3
-59900 4
-59800 5
-59700 2
-59600 2
-59500 2
-59400 5
-59300 4
-59200 2
-59100 3
-59000 3
-58900 2
-58800 0
-58700 1
-58600 1
-58500 0
-58400 0
-58300 1
-58200 3
-58100 1
-58000 2
-57900 1
-57800 1
-57700 3
-57600 3
-57500 3
-57400 3
-57300 0
-57200 1
-57100 2
-57000 1
-56900 1
-56800 2
-56700 0
-56600 2
-56500 0
-56400 4
-56300 1
-56200 2
-56100 2
-56000 3
-55900 17
-55800 301
-55700 1313
-55600 1684
-55500 589
-55400 78
-55300 6
-55200 2
-55100 3
-55000 3
-54900 0
-54800 0
-54700 1
-54600 3
-54500 2
-54400 2
-54300 2
-54200 2
-54100 3
-54000 4
-53900 1
-53800 1
-53700 1
-53600 2
-53500 2
-53400 3
-53300 2
-53200 5
-53100 1
-53000 0
-52900 3
-52800 0
-52700 2
-52600 3
-52500 1
-52400 2
-52300 1
-52200 3
-52100 2
-52000 1
-51900 4
-51800 1
-51700 0
-51600 1
-51500 2
-51400 0
-51300 1
-51200 1
-51100 3
-51000 4
-50900 2
-50800 6
-50700 8
-50600 3
-50500 0
-50400 4
-50300 2
-50200 3
-50100 1
-50000 0
-49900 2
-49800 2
-49700 1
-49600 2
-49500 2
-49400 0
-49300 2
-49200 0
-49100 1
-49000 4
-48900 2
-48800 1
-48700 1
-48600 2
-48500 2
-48400 0
-48300 0
-48200 0
-48100 2
-48000 2
-47900 1
-47800 2
-47700 1
-47600 2
-47500 3
-47400 5
-47300 2
-47200 2
-47100 1
-47000 3
-46900 0
-46800 2
-46700 2
-46600 5
-46500 1
-46400 1
-46300 1
-46200 1
-46100 1
-46000 5
-45900 3
-45800 1
-45700 4
-45600 1
-45500 0
-45400 5
-45300 0
-45200 4
-45100 0
-45000 1
-44900 1
-44800 3
-44700 1
-44600 1
-44500 2
-44400 0
-44300 1
-44200 0
-44100 2
-44000 5
-43900 1
-43800 4
-43700 5
-43600 2
-43500 0
-43400 2
-43300 2
-43200 2
-43100 5
-43000 5
-42900 3
-42800 12
-42700 77
-42600 585
-42500 1758
-42400 1197
-42300 270
-42200 16
-42100 5
-42000 3
-41900 2
-41800 2
-41700 0
-41600 0
-41500 0
-41400 3
-41300 2
-41200 1
-41100 3
-41000 0
-40900 2
-40800 0
-40700 2
-40600 1
-40500 5
-40400 1
-40300 1
-40200 1
-40100 1
-40000 2
-39900 2
-39800 2
-39700 0
-39600 1
-39500 2
-39400 1
-39300 4
-39200 1
-39100 4
-39000 1
-38900 0
-38800 3
-38700 2
-38600 0
-38500 2
-38400 1
-38300 0
-38200 1
-38100 1
-38000 1
-37900 0
-37800 3
-37700 2
-37600 17
-37500 7
-37400 3
-37300 2
-37200 2
-37100 2
-37000 0
-36900 0
-36800 4
-36700 1
-36600 0
-36500 2
-36400 1
-36300 1
-36200 0
-36100 1
-36000 2
-35900 1
-35800 4
-35700 0
-35600 0
-35500 0
-35400 2
-35300 1
-35200 3
-35100 1
-35000 2
-34900 1
-34800 0
-34700 5
-34600 4
-34500 2
-34400 1
-34300 3
-34200 1
-34100 0
-34000 2
-33900 2
-33800 2
-33700 0
-33600 2
-33500 2
-33400 4
-33300 1
-33200 2
-33100 2
-33000 2
-32900 3
-32800 4
-32700 1
-32600 1
-32500 1
-32400 2
-32300 1
-32200 1
-32100 0
-32000 0
-31900 2
-31800 0
-31700 2
-31600 0
-31500 2
-31400 0
-31300 0
-31200 1
-31100 0
-31000 3
-30900 1
-30800 0
-30700 0
-30600 2
-30500 2
-30400 2
-30300 1
-30200 5
-30100 3
-30000 2
-29900 7
-29800 7
-29700 10
-29600 26
-29500 298
-29400 1367
-29300 1543
-29200 516
-29100 55
-29000 7
-28900 1
-28800 1
-28700 6
-28600 0
-28500 2
-28400 0
-28300 1
-28200 2
-28100 2
-28000 2
-27900 1
-27800 3
-27700 1
-27600 3
-27500 2
-27400 1
-27300 1
-27200 2
-27100 3
-27000 0
-26900 0
-26800 0
-26700 1
-26600 2
-26500 0
-26400 4
-26300 0
-26200 0
-26100 2
-26000 0
-25900 2
-25800 4
-25700 1
-25600 1
-25500 3
-25400 0
-25300 0
-25200 1
-25100 2
-25000 0
-24900 1
-24800 0
-24700 2
-24600 7
-24500 14
-24400 11
-24300 3
-24200 1
-24100 1
-24000 3
-23900 1
-23800 1
-23700 3
-23600 3
-23500 2
-23400 4
-23300 0
-23200 2
-23100 0
-23000 3
-22900 1
-22800 1
-22700 1
-22600 1
-22500 0
-22400 3
-22300 1
-22200 1
-22100 1
-22000 2
-21900 0
-21800 2
-21700 1
-21600 2
-21500 1
-21400 0
-21300 2
-21200 1
-21100 0
-21000 4
-20900 3
-20800 3
-20700 1
-20600 6
-20500 1
-20400 0
-20300 3
-20200 2
-20100 3
-20000 3
-19900 2
-19800 2
-19700 1
-19600 1
-19500 2
-19400 1
-19300 0
-19200 0
-19100 1
-19000 2
-18900 1
-18800 0
-18700 1
-18600 4
-18500 2
-18400 0
-18300 0
-18200 2
-18100 0
-18000 4
-17900 1
-17800 0
-17700 3
-17600 4
-17500 2
-17400 2
-17300 1
-17200 4
-17100 4
-17000 2
-16900 2
-16800 3
-16700 1
-16600 7
-16500 47
-16400 472
-16300 1570
-16200 1447
-16100 373
-16000 41
-15900 3
-15800 4
-15700 2
-15600 2
-15500 2
-15400 2
-15300 0
-15200 1
-15100 2
-15000 2
-14900 1
-14800 0
-14700 2
-14600 2
-14500 0
-14400 2
-14300 6
-14200 3
-14100 5
-14000 2
-13900 1
-13800 1
-13700 2
-13600 3
-13500 2
-13400 2
-13300 1
-13200 1
-13100 4
-13000 6
-12900 2
-12800 0
-12700 0
-12600 3
-12500 1
-12400 4
-12300 0
-12200 2
-12100 1
-12000 1
-11900 2
-11800 3
-11700 0
-11600 1
-11500 5
-11400 6
-11300 6
-11200 0
-11100 1
-11000 0
-10900 1
-10800 1
-10700 1
-10600 3
-10500 2
-10400 2
-10300 2
-10200 2
-10100 0
-10000 2
-9900 2
-9800 0
-9700 2
-9600 4
-9500 1
-9400 4
-9300 1
-9200 1
-9100 0
-9000 3
-8900 0
-8800 3
-8700 1
-8600 2
-8500 4
-8400 2
-8300 1
-8200 2
-8100 0
-8000 0
-7900 0
-7800 0
-7700 1
-7600 2
-7500 1
-7400 3
-7300 1
-7200 0
-7100 2
-7000 1
-6900 0
-6800 2
-6700 2
-6600 4
-6500 3
-6400 1
-6300 1
-6200 3
-6100 0
-6000 1
-5900 2
-5800 3
-5700 2
-5600 1
-5500 2
-5400 2
-5300 0
-5200 1
-5100 1
-5000 2
-4900 1
-4800 3
-4700 3
-4600 2
-4500 1
-4400 4
-4300 3
-4200 1
-4100 2
-4000 2
-3900 3
-3800 0
-3700 2
-3600 0
-3500 6
-3400 6
-3300 102
-3200 694
-3100 1711
-3000 1147
-2900 257
-2800 11
-2700 3
-2600 1
-2500 3
-2400 3
-2300 1
-2200 4
-2100 1
-2000 6
-1900 0
-1800 0
-1700 1
-1600 1
-1500 2
-1400 8
-1300 0
-1200 2
-1100 1
-1000 2
-900 6
-800 0
-700 0
-600 3
-500 1
-400 1
-300 2
-200 0
-100 1
0 0
100 3
200 1
300 3
400 1
500 1
600 3
700 1
800 2
900 1
1000 2
1100 1
1200 3
1300 2
1400 0
1500 3
1600 2
1700 6
1800 11
1900 4
2000 1
2100 4
2200 3
2300 2
2400 2
2500 2
2600 1
2700 2
2800 3
2900 2
3000 1
3100 4
3200 2
3300 2
3400 2
3500 1
3600 0
3700 1
3800 0
3900 2
4000 1
4100 2
4200 3
4300 4
4400 1
4500 1
4600 3
4700 2
4800 4
4900 2
5000 0
5100 0
5200 1
5300 0
5400 1
5500 1
5600 3
5700 1
5800 1
5900 3
6000 1
6100 1
6200 0
6300 1
6400 2
6500 2
6600 1
6700 1
6800 1
6900 2
7000 1
7100 1
7200 1
7300 1
7400 2
7500 0
7600 2
7700 3
7800 0
7900 1
8000 3
8100 1
8200 0
8300 2
8400 6
8500 6
8600 2
8700 2
8800 0
8900 2
9000 2
9100 2
9200 0
9300 2
9400 2
9500 2
9600 10
9700 26
9800 170
9900 2623
10000 15692
10100 26922
10200 12662
10300 1765
10400 85
10500 16
10600 8
10700 5
10800 5
10900 4
11000 1
11100 1
11200 1
11300 4
11400 1
11500 2
11600 2
11700 3
11800 3
11900 0
12000 1
12100 2
12200 3
12300 3
12400 3
12500 1
12600 5
12700 2
12800 2
12900 1
13000 1
13100 0
13200 1
13300 0
13400 3
13500 3
13600 4
13700 1
13800 1
13900 1
14000 0
14100 2
14200 1
14300 1
14400 2
14500 1
14600 1
14700 1
14800 1
14900 5
15000 13
15100 8
15200 3
15300 1
15400 1
15500 0
15600 2
15700 0
15800 1
15900 3
16000 0
16100 1
16200 1
16300 1
16400 0
16500 2
16600 1
16700 4
16800 3
16900 2
17000 2
17100 1
17200 2
17300 2
17400 1
17500 3
17600 2
17700 4
17800 3
17900 3
18000 1
18100 1
18200 3
18300 2
18400 0
18500 1
18600 0
18700 2
18800 1
18900 1
19000 3
19100 1
19200 2
19300 0
19400 0
19500 2
19600 3
19700 3
19800 4
19900 2
20000 0
20100 1
20200 1
20300 1
20400 2
20500 3
20600 2
20700 3
20800 1
20900 0
21000 2
21100 2
21200 7
21300 0
21400 1
21500 6
21600 1
21700 0
21800 0
21900 2
22000 4
22100 1
22200 1
22300 0
22400 3
22500 1
22600 3
22700 1
22800 0
22900 6
23000 76
23100 624
23200 1636
23300 1254
23400 247
23500 19
23600 4
23700 3
23800 4
23900 1
24000 0
24100 1
24200 0
24300 2
24400 2
24500 2
24600 3
24700 4
24800 1
24900 1
25000 2
25100 2
25200 1
25300 1
25400 2
25500 1
25600 1
25700 0
25800 3
25900 2
26000 3
26100 0
26200 1
26300 3
26400 2
26500 2
26600 3
26700 3
26800 4
26900 2
27000 3
27100 2
27200 4
27300 3
27400 4
27500 1
27600 2
27700 1
27800 2
27900 5
28000 6
28100 13
28200 3
28300 4
28400 3
28500 3
28600 5
28700 2
28800 5
28900 2
29000 2
29100 5
29200 2
29300 1
29400 3
29500 1
29600 2
29700 1
29800 1
29900 0
30000 4
30100 2
30200 1
30300 0
30400 2
30500 1
30600 1
30700 2
30800 1
30900 1
31000 4
31100 3
31200 1
31300 2
31400 2
31500 3
31600 1
31700 3
31800 3
31900 1
32000 1
32100 2
32200 6
32300 1
32400 3
32500 1
32600 2
32700 2
32800 1
32900 4
33000 1
33100 0
33200 2
33300 1
33400 3
33500 3
33600 2
33700 2
33800 0
33900 1
34000 1
34100 0
34200 1
34300 0
34400 2
34500 1
34600 1
34700 0
34800 3
34900 5
35000 1
35100 2
35200 0
35300 1
35400 1
35500 3
35600 1
35700 5
35800 1
35900 3
36000 5
36100 103
36200 726
36300 1771
36400 1150
36500 194
36600 13
36700 1
36800 3
36900 0
37000 0
37100 3
37200 2
37300 1
37400 0
37500 3
37600 2
37700 1
37800 2
37900 2
38000 2
38100 0
38200 3
38300 2
38400 0
38500 3
38600 2
38700 2
38800 4
38900 2
39000 1
39100 2
39200 3
39300 4
39400 4
39500 1
39600 3
39700 4
39800 3
39900 0
40000 3
40100 3
40200 4
40300 0
40400 3
40500 1
40600 3
40700 1
40800 2
40900 0
41000 0
41100 6
41200 11
41300 3
41400 3
41500 5
41600 3
41700 2
41800 1
41900 2
42000 1
42100 2
42200 3
42300 2
42400 0
42500 4
42600 0
42700 0
42800 1
42900 1
43000 2
43100 1
43200 0
43300 2
43400 0
43500 4
43600 1
43700 2
43800 3
43900 0
44000 1
44100 3
44200 3
44300 1
44400 1
44500 0
44600 4
44700 3
44800 1
44900 2
45000 1
45100 0
45200 2
45300 2
45400 1
45500 3
45600 3
45700 3
45800 2
45900 2
46000 2
46100 6
46200 2
46300 4
46400 1
46500 2
46600 2
46700 1
46800 2
46900 2
47000 1
47100 3
47200 2
47300 3
47400 0
47500 4
47600 1
47700 1
47800 5
47900 2
48000 0
48100 1
48200 1
48300 1
48400 1
48500 3
48600 0
48700 1
48800 0
48900 3
49000 0
49100 3
49200 23
49300 286
49400 1274
49500 1631
49600 596
49700 45
49800 10
49900 8
50000 13
50100 6
50200 4
50300 6
50400 0
50500 1
50600 1
50700 3
50800 4
50900 1
51000 0
51100 1
51200 1
51300 3
51400 2
51500 2
51600 3
51700 2
51800 2
51900 0
52000 1
52100 3
52200 2
52300 2
52400 1
52500 1
52600 0
52700 1
52800 4
52900 1
53000 2
53100 5
53200 0
53300 4
53400 0
53500 0
53600 3
53700 0
53800 3
53900 4
54000 1
54100 1
54200 18
54300 91
54400 82
54500 36
54600 3
54700 2
54800 4
54900 1
55000 2
55100 2
55200 2
55300 1
55400 1
55500 4
55600 4
55700 2
55800 2
55900 1
56000 1
56100 2
56200 1
56300 2
56400 2
56500 0
56600 2
56700 4
56800 3
56900 0
57000 4
57100 4
57200 1
57300 2
57400 2
57500 2
57600 2
57700 1
57800 1
57900 3
58000 1
58100 0
58200 3
58300 2
58400 0
58500 2
58600 0
58700 0
58800 1
58900 2
59000 2
59100 1
59200 5
59300 4
59400 3
59500 0
59600 1
59700 1
59800 1
59900 3
60000 2
60100 4
60200 5
60300 3
60400 0
60500 0
60600 3
60700 2
60800 2
60900 1
61000 3
61100 2
61200 1
61300 2
61400 2
61500 2
61600 0
61700 0
61800 1
61900 1
62000 0
62100 2
62200 4
62300 7
62400 89
62500 696
62600 1681
62700 1142
62800 209
62900 28
63000 8
63100 1
63200 0
63300 2
63400 2
63500 5
63600 3
63700 1
63800 3
63900 2
64000 1
64100 1
64200 0
64300 1
64400 1
64500 0
64600 1
64700 1
64800 2
64900 3
65000 1
65100 2
65200 0
65300 2
65400 4
65500 3
65600 4
65700 1
65800 0
65900 2
66000 1
66100 1
66200 2
66300 1
66400 1
66500 2
66600 1
66700 3
66800 0
66900 3
67000 0
67100 4
67200 1
67300 1
67400 4
67500 7
67600 10
67700 2
67800 0
67900 5
68000 3
68100 0
68200 3
68300 2
68400 3
68500 0
68600 1
68700 4
68800 2
68900 0
69000 2
69100 1
69200 3
69300 2
69400 3
69500 3
69600 1
69700 3
69800 1
69900 0
70000 3
70100 1
70200 0
70300 3
70400 1
70500 3
70600 2
70700 1
70800 5
70900 1
71000 1
71100 3
71200 0
71300 0
71400 1
71500 0
71600 1
71700 3
71800 1
71900 3
72000 0
72100 2
72200 0
72300 2
72400 1
72500 0
72600 0
72700 1
72800 2
72900 1
73000 4
73100 2
73200 1
73300 3
73400 1
73500 2
73600 1
73700 2
73800 0
73900 1
74000 1
74100 3
74200 1
74300 6
74400 2
74500 0
74600 2
74700 2
74800 3
74900 3
75000 1
75100 5
75200 2
75300 2
75400 6
75500 82
75600 542
75700 1708
75800 1273
75900 286
76000 20
76100 3
76200 2
76300 5
76400 3
76500 2
76600 0
76700 0
76800 1
76900 2
77000 3
77100 2
77200 2
77300 1
77400 3
77500 3
77600 1
77700 0
77800 4
77900 2
78000 0
78100 1
78200 0
78300 2
78400 2
78500 4
78600 0
78700 1
78800 0
78900 1
79000 0
79100 3
79200 1
79300 1
79400 2
79500 2
79600 1
79700 2
79800 0
79900 0
80000 4
80100 3
80200 1
80300 3
80400 2
80500 5
80600 7
80700 5
80800 1
80900 0
81000 2
81100 1
81200 1
81300 1
81400 0
81500 1
81600 1
81700 2
81800 2
81900 2
82000 1
82100 4
82200 2
82300 1
82400 1
82500 1
82600 3
82700 0
82800 1
82900 1
83000 1
83100 1
83200 3
83300 2
83400 0
83500 3
83600 0
83700 2
83800 2
83900 0
84000 3
84100 4
84200 3
84300 2
84400 1
84500 2
84600 2
84700 1
84800 2
84900 2
85000 0
85100 4
85200 7
85300 0
85400 0
85500 1
85600 4
85700 3
85800 1
85900 1
86000 3
86100 1
86200 1
86300 1
86400 0
86500 1
86600 1
86700 1
86800 4
86900 0
87000 0
87100 3
87200 2
87300 1
87400 1
87500 1
87600 0
87700 3
87800 1
87900 2
88000 3
88100 1
88200 1
88300 2
88400 2
88500 3
88600 26
88700 327
88800 1396
88900 1562
89000 482
89100 54
89200 3
89300 6
89400 4
89500 3
89600 2
89700 2
89800 3
89900 3
90000 0
90100 1
90200 1
90300 1
90400 1
90500 2
90600 2
90700 1
90800 3
90900 2
91000 3
91100 0
91200 2
91300 0
91400 2
91500 2
91600 2
91700 4
91800 1
91900 0
92000 2
92100 1
92200 2
92300 2
92400 4
92500 1
92600 0
92700 1
92800 1
92900 1
93000 0
93100 1
93200 3
93300 2
93400 0
93500 0
93600 3
93700 6
93800 11
93900 5
94000 1
94100 0
94200 1
94300 3
94400 1
94500 3
94600 1
94700 1
94800 2
94900 1
95000 0
95100 4
95200 1
95300 0
95400 2
95500 1
95600 0
95700 0
95800 2
95900 0
96000 4
96100 3
96200 3
96300 2
96400 3
96500 2
96600 3
96700 3
96800 1
96900 4
97000 1
97100 1
97200 1
97300 2
97400 1
97500 3
97600 4
97700 1
97800 3
97900 1
98000 4
98100 0
98200 1
98300 0
98400 4
98500 0
98600 4
98700 2
98800 2
98900 4
99000 4
99100 1
99200 4
99300 1
99400 1
99500 0
99600 3
99700 0
99800 2
99900 2
100000 1
100100 2
100200 2
100300 3
100400 1
100500 2
100600 2
100700 1
100800 1
100900 1
101000 1
101100 0
101200 2
101300 1
101400 3
101500 0
101600 2
101700 8
101800 110
101900 826
102000 1809
102100 1057
102200 180
102300 14
102400 3
102500 0
102600 0
102700 2
102800 1
102900 1
103000 2
103100 1
103200 2
103300 0
103400 2
103500 1
103600 4
103700 2
103800 3
103900 1
104000 1
104100 1
104200 1
104300 4
104400 1
104500 1
104600 2
104700 0
104800 1
104900 2
105000 2
105100 0
105200 1
105300 2
105400 1
105500 0
105600 1
105700 2
105800 3
105900 0
106000 1
106100 1
106200 3
106300 0
106400 1
106500 1
106600 2
106700 1
106800 8
106900 12
107000 4
107100 1
107200 3
107300 0
107400 2
107500 2
107600 2
107700 2
107800 2
107900 2
108000 1
108100 1
108200 2
108300 1
108400 0
108500 1
108600 1
108700 0
108800 1
108900 1
109000 1
109100 1
109200 2
109300 1
109400 1
109500 3
109600 2
109700 4
109800 2
109900 3
110000 3
110100 2
110200 0
110300 2
110400 2
110500 1
110600 2
110700 4
110800 3
110900 3
111000 3
111100 1
111200 1
111300 4
111400 1
111500 2
111600 3
111700 3
111800 1
111900 1
112000 1
112100 0
112200 3
112300 3
112400 2
112500 0
112600 4
112700 2
112800 4
112900 4
113000 1
113100 3
113200 0
113300 0
113400 2
113500 3
113600 3
113700 0
113800 3
113900 5
114000 0
114100 0
114200 1
114300 2
114400 3
114500 1
114600 0
114700 1
114800 2
114900 44
115000 471
115100 1490
115200 1412
115300 347
115400 32
115500 3
115600 0
115700 2
115800 3
115900 2
116000 0
116100 2
116200 0
116300 0
116400 0
116500 0
116600 4
116700 1
116800 3
116900 2
117000 2
117100 2
117200 3
117300 3
117400 1
117500 1
117600 2
117700 0
117800 1
117900 1
118000 1
118100 1
118200 2
118300 0
118400 2
118500 2
118600 0
118700 1
118800 1
118900 4
119000 0
119100 0
119200 1
119300 2
119400 1
119500 5
119600 1
119700 2
119800 0
119900 5
120000 8
120100 6
120200 3
120300 1
120400 3
120500 1
120600 3
120700 2
120800 5
120900 1
121000 2
121100 1
121200 1
121300 1
121400 1
121500 2
121600 4
121700 3
121800 3
121900 3
122000 0
122100 3
122200 2
122300 1
122400 2
122500 0
122600 1
122700 3
122800 1
122900 4
123000 1
123100 3
123200 3
123300 0
123400 1
123500 1
123600 3
123700 3
123800 5
123900 2
124000 1
124100 4
124200 1
124300 4
124400 2
124500 4
124600 3
124700 2
124800 3
124900 3
125000 1
125100 2
125200 1
125300 4
125400 2
125500 2
125600 0
125700 1
125800 1
125900 2
126000 2
126100 1
126200 5
126300 1
126400 1
126500 2
126600 0
126700 0
126800 4
126900 1
127000 1
127100 3
127200 1
127300 0
127400 1
127500 2
127600 4
127700 2
127800 2
127900 0
128000 18
128100 246
128200 1239
128300 1770
128400 615
128500 63
128600 2
128700 2
128800 2
128900 2
129000 0
129100 1
129200 1
129300 2
129400 2
129500 2
129600 0
129700 0
129800 1
129900 4
130000 0
130100 2
130200 2
130300 0
130400 1
130500 5
130600 1
130700 1
130800 5
130900 0
131000 0
131100 1
131200 2
131300 0
131400 1
131500 1
131600 1
131700 1
131800 2
131900 3
132000 1
132100 1
132200 3
132300 1
132400 2
132500 1
132600 4
132700 0
132800 1
132900 1
133000 1
133100 10
133200 7
133300 6
133400 1
133500 2
133600 2
133700 2
133800 2
133900 2
134000 0
134100 2
134200 7
134300 1
134400 0
134500 3
134600 0
134700 2
134800 2
134900 1
135000 2
135100 1
135200 1
135300 1
135400 1
135500 3
135600 1
135700 3
135800 0
135900 1
136000 2
136100 2
136200 1
136300 2
136400 3
136500 1
136600 3
136700 2
136800 2
136900 1
137000 4
137100 0
137200 4
137300 3
137400 1
137500 4
137600 0
137700 1
137800 2
137900 3
138000 1
138100 3
138200 0
138300 3
138400 3
138500 0
138600 1
138700 1
138800 0
138900 2
139000 3
139100 3
139200 2
139300 2
139400 0
139500 0
139600 2
139700 0
139800 1
139900 4
140000 1
140100 2
140200 0
140300 1
140400 1
140500 0
140600 1
140700 4
140800 1
140900 2
141000 6
141100 9
141200 104
141300 823
141400 1769
141500 1145
141600 185
141700 20
141800 0
141900 2
142000 3
142100 1
142200 1
142300 2
142400 1
142500 0
142600 2
142700 1
142800 3
142900 2
143000 2
143100 1
143200 1
143300 0
143400 2
143500 1
143600 1
143700 2
143800 1
143900 3
144000 1
144100 1
144200 3
144300 2
144400 1
144500 5
144600 2
144700 1
144800 1
144900 2
145000 3
145100 1
145200 1
145300 1
145400 2
145500 1
145600 7
145700 1
145800 0
145900 4
146000 1
146100 1
146200 7
146300 6
146400 8
146500 0
146600 2
146700 5
146800 0
146900 2
147000 0
147100 0
147200 1
147300 1
147400 2
147500 3
147600 2
147700 1
147800 3
147900 3
148000 5
148100 1
148200 2
148300 2
148400 2
148500 1
148600 5
148700 1
148800 2
148900 0
149000 3
149100 4
149200 2
149300 1
149400 3
149500 1
149600 0
149700 2
149800 1
149900 2
150000 1
150100 4
150200 1
150300 1
150400 1
150500 2
150600 1
150700 1
150800 3
150900 1
151000 2
151100 1
151200 1
151300 2
151400 1
151500 0
151600 3
151700 4
151800 0
151900 2
152000 0
152100 1
152200 2
152300 2
152400 3
152500 4
152600 2
152700 2
152800 5
152900 0
153000 2
153100 2
153200 4
153300 1
153400 2
153500 2
153600 2
153700 1
153800 2
153900 2
154000 5
154100 2
154200 3
154300 40
154400 415
154500 1478
154600 1531
154700 459
154800 29
154900 3
155000 2
155100 2
155200 3
155300 2
155400 0
155500 2
155600 1
155700 1
155800 0
155900 2
156000 0
156100 3
156200 2
156300 4
156400 1
156500 2
156600 3
156700 0
156800 2
156900 2
157000 3
157100 3
157200 3
157300 2
157400 2
157500 0
157600 5
157700 2
157800 3
157900 2
158000 2
158100 2
158200 3
158300 2
158400 3
158500 1
158600 1
158700 2
158800 3
158900 0
159000 0
159100 2
159200 2
159300 3
159400 8
159500 6
159600 1
159700 0
159800 1
159900 1
160000 0
160100 2
160200 0
160300 1
160400 2
160500 2
160600 0
160700 2
160800 1
160900 1
161000 0
161100 3
161200 2
161300 2
161400 1
161500 0
161600 1
161700 2
161800 2
161900 1
162000 1
162100 1
162200 2
162300 3
162400 2
162500 3
162600 2
162700 2
162800 1
162900 1
163000 0
163100 4
163200 0
163300 3
163400 1
163500 1
163600 3
163700 5
163800 1
163900 2
164000 3
164100 4
164200 1
164300 1
164400 1
164500 1
164600 3
164700 0
164800 2
164900 0
165000 1
165100 1
165200 1
165300 1
165400 2
165500 0
165600 1
165700 2
165800 0
165900 1
166000 3
166100 1
166200 1
166300 3
166400 1
166500 2
166600 4
166700 2
166800 1
166900 0
167000 1
167100 2
167200 4
167300 3
167400 14
167500 184
167600 1082
167700 1691
167800 746
167900 104
168000 7
168100 7
168200 3
168300 0
168400 0
168500 1
168600 0
168700 4
168800 1
168900 2
169000 2
169100 1
169200 2
169300 5
169400 4
169500 2
169600 2
169700 2
169800 0
169900 4
170000 2
170100 1
170200 3
170300 0
170400 0
170500 2
170600 0
170700 0
170800 1
170900 1
171000 2
171100 3
171200 3
171300 4
171400 2
171500 3
171600 2
171700 0
171800 3
171900 2
172000 2
172100 3
172200 3
172300 1
172400 2
172500 6
172600 7
172700 3
172800 1
172900 1
173000 3
173100 1
173200 0
173300 2
173400 2
173500 1
173600 1
173700 1
173800 1
173900 1
174000 1
174100 2
174200 1
174300 3
174400 4
174500 1
174600 2
174700 2
174800 4
174900 1
175000 2
175100 1
175200 1
175300 4
175400 3
175500 0
175600 1
175700 1
175800 0
175900 1
176000 3
176100 3
176200 1
176300 2
176400 0
176500 3
176600 2
176700 3
176800 2
176900 2
177000 1
177100 2
177200 2
177300 2
177400 2
177500 2
177600 1
177700 1
177800 1
177900 6
178000 3
178100 2
178200 1
178300 3
178400 1
178500 1
178600 3
178700 0
178800 1
178900 0
179000 3
179100 2
179200 1
179300 0
179400 2
179500 0
179600 0
179700 2
179800 1
179900 2
180000 1
180100 1
180200 1
180300 4
180400 1
180500 12
180600 82
180700 725
180800 1744
180900 1211
181000 214
181100 20
181200 6
181300 4
181400 1
181500 4
181600 1
181700 2
181800 4
181900 2
182000 2
182100 1
182200 2
182300 9
182400 10
182500 8
182600 4
182700 2
182800 3
182900 2
183000 2
183100 1
183200 1
183300 0
183400 2
183500 1
183600 2
183700 2
183800 3
183900 0
184000 3
184100 2
184200 0
184300 1
184400 3
184500 2
184600 1
184700 0
184800 0
184900 3
185000 2
185100 0
185200 2
185300 2
185400 1
185500 0
185600 5
185700 12
185800 6
185900 4
186000 0
186100 1
186200 2
186300 3
186400 4
186500 1
186600 1
186700 1
186800 1
186900 1
187000 2
187100 2
187200 1
187300 1
187400 2
187500 2
187600 1
187700 0
187800 2
187900 1
188000 1
188100 1
188200 1
188300 3
188400 1
188500 3
188600 5
188700 2
188800 2
188900 0
189000 4
189100 0
189200 4
189300 4
189400 0
189500 1
189600 1
189700 1
189800 4
189900 2
190000 1
190100 1
190200 2
190300 2
190400 3
190500 1
190600 4
190700 1
190800 1
190900 1
191000 1
191100 1
191200 2
191300 1
191400 3
191500 1
191600 1
191700 4
191800 0
191900 3
192000 2
192100 1
192200 2
192300 3
192400 5
192500 3
192600 1
192700 0
192800 0
192900 4
193000 1
193100 1
193200 1
193300 0
193400 1
193500 3
193600 3
193700 28
193800 373
193900 1388
194000 1597
194100 521
194200 64
194300 6
194400 1
194500 0
194600 1
194700 4
194800 3
194900 2
195000 0
195100 2
195200 1
195300 0
195400 3
195500 2
195600 1
195700 1
195800 1
195900 1
196000 3
196100 0
196200 2
196300 1
196400 2
196500 2
196600 1
196700 2
196800 1
196900 1
197000 4
197100 3
197200 2
197300 0
197400 2
197500 2
197600 1
197700 1
197800 1
197900 2
198000 1
198100 3
198200 0
198300 0
198400 0
198500 2
198600 3
198700 0
198800 10
198900 8
199000 1
199100 1
199200 0
199300 1
199400 2
199500 0
199600 0
199700 5
199800 3
199900 1
200000 0
200100 2
200200 2
200300 2
200400 2
200500 1
200600 3
200700 2
200800 3
200900 3
201000 1
201100 1
201200 3
201300 2
201400 2
201500 1
201600 2
201700 5
201800 1
201900 2
202000 3
202100 1
202200 1
202300 1
202400 1
202500 1
202600 3
202700 2
202800 1
202900 3
203000 1
203100 0
203200 1
203300 2
203400 0
203500 1
203600 1
203700 0
203800 0
203900 1
204000 4
204100 0
204200 1
204300 2
204400 1
204500 0
204600 1
204700 6
204800 6
204900 0
205000 0
205100 0
205200 3
205300 2
205400 1
205500 4
205600 1
205700 3
205800 0
205900 0
206000 0
206100 0
206200 1
206300 1
206400 1
206500 4
206600 2
206700 2
206800 14
206900 185
207000 987
207100 1753
207200 791
207300 93
207400 11
207500 1
207600 4
207700 3
207800 0
207900 1
208000 2
208100 2
208200 4
208300 0
208400 2
208500 2
208600 2
208700 1
208800 2
208900 1
209000 1
209100 2
209200 2
209300 4
209400 3
209500 4
209600 0
209700 2
209800 5
209900 3
210000 1
210100 1
210200 0
210300 2
210400 1
210500 1
210600 0
210700 2
210800 2
210900 2
211000 1
211100 2
211200 2
211300 4
211400 0
211500 1
211600 2
211700 1
211800 4
211900 10
212000 10
212100 5
212200 4
212300 2
212400 1
212500 2
212600 2
212700 3
212800 4
212900 3
213000 0
213100 1
213200 2
213300 3
213400 5
213500 1
213600 4
213700 2
213800 0
213900 3
214000 2
214100 1
214200 3
214300 3
214400 1
214500 2
214600 2
214700 1
214800 1
214900 0
215000 4
215100 1
215200 4
215300 0
215400 3
215500 1
215600 1
215700 1
215800 2
215900 3
216000 0
216100 1
216200 2
216300 2
216400 1
216500 0
216600 2
216700 0
216800 1
216900 0
217000 4
217100 0
217200 2
217300 2
217400 3
217500 2
217600 0
217700 5
217800 0
217900 1
218000 2
218100 3
218200 1
218300 0
218400 0
218500 1
218600 5
218700 2
218800 3
218900 2
219000 0
219100 0
219200 4
219300 2
219400 0
219500 2
219600 1
219700 4
219800 3
219900 4
220000 91
220100 624
220200 1616
220300 1285
220400 254
220500 29
220600 5
220700 2
220800 1
220900 3
221000 1
221100 0
221200 2
221300 2
221400 3
221500 1
221600 1
221700 2
221800 3
221900 2
222000 3
222100 3
222200 2
222300 1
222400 2
222500 0
222600 2
222700 1
222800 1
222900 2
223000 1
223100 2
223200 2
223300 3
223400 1
223500 2
223600 3
223700 3
223800 5
223900 2
224000 1
224100 1
224200 4
224300 1
224400 1
224500 0
224600 2
224700 1
224800 0
224900 0
225000 5
225100 5
225200 2
225300 0
225400 1
225500 3
225600 1
225700 3
225800 4
225900 3
226000 1
226100 1
226200 2
226300 3
226400 3
226500 0
226600 0
226700 1
226800 2
226900 1
227000 3
227100 4
227200 2
227300 2
227400 6
227500 1
227600 0
227700 2
227800 1
227900 1
228000 5
228100 4
228200 1
228300 0
228400 0
228500 0
228600 3
228700 2
228800 0
228900 3
229000 4
229100 5
229200 1
229300 2
229400 1
229500 4
229600 0
229700 1
229800 2
229900 2
230000 2
230100 1
230200 1
230300 1
230400 2
230500 3
230600 4
230700 1
230800 4
230900 2
231000 2
231100 1
231200 0
231300 0
231400 0
231500 0
231600 2
231700 7
231800 3
231900 2
232000 1
232100 0
232200 1
232300 3
232400 2
232500 2
232600 2
232700 1
232800 3
232900 3
233000 8
233100 51
233200 435
233300 1572
233400 1475
233500 421
233600 46
233700 4
233800 4
233900 1
234000 3
234100 0
234200 1
234300 1
234400 2
234500 0
234600 0
234700 1
234800 4
234900 2
235000 0
235100 0
235200 2
235300 2
235400 3
235500 1
235600 1
235700 0
235800 1
235900 1
236000 0
236100 1
236200 5
236300 1
236400 1
236500 2
236600 1
236700 1
236800 0
236900 3
237000 1
237100 2
237200 1
237300 1
237400 1
237500 0
237600 2
237700 3
237800 1
237900 4
238000 2
238100 6
238200 4
238300 3
238400 5
238500 1
238600 2
238700 1
238800 2
238900 4
239000 1
239100 2
239200 1
239300 1
239400 0
239500 0
239600 1
239700 2
239800 4
239900 1
240000 3
240100 4
240200 1
240300 3
240400 2
240500 3
240600 4
240700 1
240800 3
240900 1
241000 2
241100 2
241200 2
241300 1
241400 2
241500 3
241600 1
241700 3
241800 1
241900 0
242000 2
242100 3
242200 2
242300 1
242400 2
242500 2
242600 1
242700 0
242800 0
242900 2
243000 2
243100 1
243200 1
243300 5
243400 0
243500 0
243600 1
243700 1
243800 1
243900 1
244000 1
244100 4
244200 2
244300 1
244400 5
244500 2
244600 1
244700 3
244800 3
244900 3
245000 2
245100 1
245200 4
245300 3
245400 0
245500 2
245600 1
245700 2
245800 2
245900 1
246000 2
246100 3
246200 19
246300 193
246400 1069
246500 1703
246600 872
246700 140
246800 8
246900 3
247000 3
247100 1
247200 2
247300 2
247400 3
247500 3
247600 2
247700 1
247800 0
247900 4
248000 1
248100 1
248200 1
248300 4
248400 4
248500 2
248600 3
248700 3
248800 2
248900 3
249000 2
249100 3
249200 3
249300 2
249400 2
249500 1
249600 1
249700 0
249800 4
249900 0
250000 2
250100 1
250200 5
250300 2
250400 1
250500 2
250600 2
250700 2
250800 5
250900 4
251000 3
251100 1
251200 2
251300 11
251400 10
251500 6
251600 4
251700 2
251800 5
251900 7
252000 2
252100 1
252200 0
252300 3
252400 1
252500 1
252600 4
252700 2
252800 3
252900 0
253000 2
253100 1
253200 1
253300 3
253400 1
253500 1
253600 1
253700 3
253800 2
253900 1
254000 2
254100 0
254200 2
254300 2
254400 0
254500 0
254600 1
254700 3
254800 0
254900 3
255000 0
255100 2
255200 5
255300 0
255400 2
255500 2
255600 0
255700 1
255800 1
255900 0
256000 4
256100 0
256200 1
256300 2
256400 2
256500 2
256600 2
256700 1
256800 3
256900 1
257000 2
257100 3
257200 2
257300 3
257400 2
257500 1
257600 1
257700 3
257800 2
257900 1
258000 1
258100 3
258200 1
258300 2
258400 1
258500 2
258600 1
258700 2
258800 1
258900 1
259000 1
259100 1
259200 5
259300 10
259400 84
259500 621
259600 1628
259700 1257
259800 263
259900 21
260000 3
260100 5
260200 3
260300 3
260400 3
260500 1
260600 0
260700 1
260800 0
260900 2
261000 2
261100 3
261200 1
261300 3
261400 4
261500 3
261600 0
261700 0
261800 1
261900 1
262000 2
262100 3
262200 4
262300 4
262400 0
262500 1
262600 2
262700 3
262800 3
262900 4
263000 1
263100 1
263200 4
263300 1
263400 1
263500 0
263600 1
263700 1
263800 2
263900 5
264000 2
264100 3
264200 1
264300 1
264400 6
264500 9
264600 5
264700 2
264800 5
264900 2
265000 2
265100 1
265200 1
265300 1
265400 3
265500 3
265600 1
265700 2
265800 0
265900 2
266000 1
266100 3
266200 1
266300 2
266400 0
266500 1
266600 2
266700 1
266800 0
266900 2
267000 1
267100 3
267200 1
267300 1
267400 0
267500 2
267600 1
267700 2
267800 2
267900 0
268000 0
268100 3
268200 2
268300 1
268400 0
268500 1
268600 0
268700 1
268800 3
268900 1
269000 2
269100 3
269200 2
269300 2
269400 3
269500 1
269600 2
269700 4
269800 2
269900 1
270000 0
270100 0
270200 4
270300 2
270400 1
270500 1
270600 2
270700 1
270800 1
270900 3
271000 4
271100 2
271200 4
271300 2
271400 2
271500 2
271600 1
271700 1
271800 2
271900 2
272000 1
272100 2
272200 3
272300 1
272400 3
272500 49
272600 406
272700 1353
272800 1544
272900 507
273000 62
273100 3
273200 0
273300 1
273400 1
273500 2
273600 1
273700 0
273800 4
273900 2
274000 2
274100 2
274200 1
274300 1
274400 5
274500 1
274600 0
274700 1
274800 0
274900 1
275000 2
275100 1
275200 1
275300 3
275400 1
275500 2
275600 1
275700 2
275800 2
275900 0
276000 1
276100 1
276200 0
276300 3
276400 3
276500 4
276600 1
276700 3
276800 0
276900 1
277000 1
277100 3
277200 3
277300 0
277400 2
277500 3
277600 7
277700 11
277800 6
277900 0
278000 2
278100 2
278200 0
278300 2
278400 1
278500 0
278600 2
278700 1
278800 2
278900 1
279000 4
279100 2
279200 4
279300 1
279400 2
279500 0
279600 0
279700 3
279800 2
279900 2
280000 1
280100 1
280200 1
280300 0
280400 2
280500 0
280600 1
280700 2
280800 0
280900 0
281000 1
281100 1
281200 2
281300 1
281400 4
281500 3
281600 2
281700 0
281800 0
281900 2
282000 1
282100 7
282200 1
282300 4
282400 1
282500 1
282600 2
282700 2
282800 1
282900 3
283000 1
283100 1
283200 1
283300 4
283400 3
283500 2
283600 1
283700 2
283800 2
283900 1
284000 3
284100 1
284200 0
284300 2
284400 3
284500 2
284600 3
284700 4
284800 2
284900 2
285000 0
285100 1
285200 3
285300 2
285400 3
285500 2
285600 24
285700 210
285800 1029
285900 1693
286000 815
286100 135
286200 9
286300 3
286400 6
286500 5
286600 1
286700 2
286800 2
286900 3
287000 2
287100 3
287200 1
287300 3
287400 1
287500 6
287600 3
287700 1
287800 2
287900 1
288000 5
288100 0
288200 0
288300 1
288400 3
288500 4
288600 0
288700 3
288800 3
288900 2
289000 1
289100 1
289200 1
289300 2
289400 2
289500 2
289600 0
289700 1
289800 2
289900 3
290000 2
290100 3
290200 1
290300 1
290400 2
290500 0
290600 1
290700 7
290800 11
290900 5
291000 3
291100 4
291200 0
291300 1
291400 0
291500 0
291600 0
291700 1
291800 0
291900 0
292000 1
292100 0
292200 2
292300 0
292400 3
292500 0
292600 1
292700 1
292800 1
292900 4
293000 1
293100 0
293200 1
293300 3
293400 2
293500 0
293600 2
293700 1
293800 0
293900 1
294000 1
294100 1
294200 2
294300 1
294400 3
294500 3
294600 1
294700 1
294800 3
294900 1
295000 2
295100 1
295200 1
295300 4
295400 0
295500 2
295600 1
295700 1
295800 1
295900 1
296000 1
296100 1
296200 1
296300 2
296400 0
296500 1
296600 1
296700 2
296800 2
296900 3
297000 0
297100 0
297200 1
297300 3
297400 3
297500 2
297600 2
297700 3
297800 5
297900 1
298000 2
298100 5
298200 3
298300 2
298400 2
298500 0
298600 0
298700 5
298800 93
298900 628
299000 1577
299100 1280
299200 339
299300 28
299400 8
299500 6
299600 0
299700 2
299800 7
299900 0
300000 2
300100 0
300200 1
300300 0
300400 3
300500 5
300600 0
300700 3
300800 3
300900 1
301000 0
301100 1
301200 1
301300 1
301400 4
301500 4
301600 2
301700 2
301800 0
301900 3
302000 2
302100 3
302200 1
302300 0
302400 1
302500 2
302600 1
302700 4
302800 2
302900 1
303000 3
303100 1
303200 1
303300 4
303400 1
303500 3
303600 0
303700 2
303800 4
303900 11
304000 8
304100 0
304200 2
304300 2
304400 2
304500 1
304600 1
304700 0
304800 0
304900 2
305000 1
305100 2
305200 4
305300 0
305400 0
305500 2
305600 1
305700 2
305800 1
305900 2
306000 3
306100 4
306200 4
306300 3
306400 4
306500 0
306600 1
306700 1
306800 2
306900 4
307000 3
307100 2
307200 2
307300 1
307400 1
307500 0
307600 1
307700 0
307800 3
307900 0
308000 2
308100 0
308200 1
308300 1
308400 1
308500 2
308600 2
308700 4
308800 3
308900 3
309000 1
309100 1
309200 3
309300 5
309400 6
309500 5
309600 1
309700 2
309800 2
309900 1
