-290000 5
-289900 5
-289800 6
-289700 4
-289600 7
-289500 5
-289400 4
-289300 7
-289200 5
-289100 5
-289000 1
-288900 5
-288800 3
-288700 5
-288600 13
-288500 2
-288400 4
-288300 5
-288200 4
-288100 6
-288000 3
-287900 5
-287800 5
-287700 0
-287600 1
-287500 3
-287400 4
-287300 13
-287200 44
-287100 35
-287000 14
-286900 3
-286800 4
-286700 7
-286600 0
-286500 3
-286400 3
-286300 5
-286200 4
-286100 3
-286000 2
-285900 2
-285800 4
-285700 2
-285600 3
-285500 4
-285400 5
-285300 11
-285200 6
-285100 5
-285000 6
-284900 6
-284800 6
-284700 7
-284600 9
-284500 6
-284400 7
-284300 2
-284200 8
-284100 5
-284000 5
-283900 4
-283800 3
-283700 10
-283600 3
-283500 2
-283400 5
-283300 7
-283200 7
-283100 7
-283000 3
-282900 1
-282800 4
-282700 5
-282600 7
-282500 2
-282400 1
-282300 4
-282200 3
-282100 2
-282000 4
-281900 5
-281800 6
-281700 5
-281600 5
-281500 2
-281400 2
-281300 3
-281200 6
-281100 5
-281000 6
-280900 6
-280800 2
-280700 9
-280600 3
-280500 10
-280400 4
-280300 10
-280200 4
-280100 8
-280000 6
-279900 2
-279800 6
-279700 5
-279600 3
-279500 16
-279400 17
-279300 24
-279200 94
-279100 1066
-279000 5753
-278900 9734
-278800 5120
-278700 834
-278600 55
-278500 16
-278400 18
-278300 11
-278200 8
-278100 4
-278000 5
-277900 4
-277800 1
-277700 3
-277600 6
-277500 7
-277400 10
-277300 10
-277200 6
-277100 5
-277000 6
-276900 4
-276800 1
-276700 5
-276600 8
-276500 4
-276400 4
-276300 6
-276200 4
-276100 1
-276000 1
-275900 5
-275800 3
-275700 4
-275600 4
-275500 2
-275400 2
-275300 7
-275200 7
-275100 7
-275000 2
-274900 3
-274800 6
-274700 4
-274600 2
-274500 3
-274400 11
-274300 7
-274200 12
-274100 30
-274000 55
-273900 22
-273800 6
-273700 4
-273600 5
-273500 7
-273400 6
-273300 3
-273200 3
-273100 4
-273000 0
-272900 6
-272800 5
-272700 1
-272600 6
-272500 5
-272400 4
-272300 5
-272200 5
-272100 3
-272000 2
-271900 4
-271800 6
-271700 3
-271600 3
-271500 3
-271400 4
-271300 4
-271200 8
-271100 5
-271000 4
-270900 11
-270800 3
-270700 3
-270600 6
-270500 1
-270400 8
-270300 6
-270200 5
-270100 4
-270000 6
-269900 3
-269800 5
-269700 6
-269600 8
-269500 3
-269400 5
-269300 7
-269200 5
-269100 7
-269000 10
-268900 4
-268800 6
-268700 4
-268600 4
-268500 3
-268400 4
-268300 4
-268200 6
-268100 3
-268000 4
-267900 3
-267800 4
-267700 3
-267600 3
-267500 1
-267400 5
-267300 7
-267200 2
-267100 5
-267000 6
-266900 7
-266800 5
-266700 4
-266600 3
-266500 5
-266400 8
-266300 11
-266200 13
-266100 53
-266000 527
-265900 3788
-265800 9440
-265700 7183
-265600 1617
-265500 188
-265400 22
-265300 14
-265200 11
-265100 7
-265000 9
-264900 4
-264800 5
-264700 3
-264600 6
-264500 1
-264400 10
-264300 2
-264200 4
-264100 8
-264000 1
-263900 3
-263800 11
-263700 5
-263600 6
-263500 8
-263400 4
-263300 5
-263200 0
-263100 4
-263000 3
-262900 4
-262800 7
-262700 6
-262600 3
-262500 7
-262400 4
-262300 4
-262200 6
-262100 2
-262000 2
-261900 4
-261800 10
-261700 3
-261600 5
-261500 4
-261400 7
-261300 6
-261200 8
-261100 5
-261000 21
-260900 53
-260800 36
-260700 14
-260600 4
-260500 3
-260400 3
-260300 3
-260200 4
-260100 4
-260000 8
-259900 6
-259800 2
-259700 0
-259600 5
-259500 3
-259400 10
-259300 7
-259200 2
-259100 3
-259000 3
-258900 5
-258800 5
-258700 5
-258600 5
-258500 5
-258400 3
-258300 6
-258200 12
-258100 4
-258000 8
-257900 5
-257800 2
-257700 8
-257600 7
-257500 4
-257400 7
-257300 12
-257200 3
-257100 5
-257000 10
-256900 3
-256800 4
-256700 4
-256600 4
-256500 4
-256400 2
-256300 9
-256200 2
-256100 9
-256000 6
-255900 4
-255800 2
-255700 4
-255600 1
-255500 2
-255400 3
-255300 6
-255200 4
-255100 7
-255000 5
-254900 7
-254800 3
-254700 4
-254600 6
-254500 10
-254400 3
-254300 4
-254200 7
-254100 8
-254000 5
-253900 7
-253800 3
-253700 5
-253600 5
-253500 15
-253400 3
-253300 8
-253200 13
-253100 13
-253000 32
-252900 228
-252800 2171
-252700 8031
-252600 9064
-252500 2915
-252400 363
-252300 44
-252200 21
-252100 16
-252000 0
-251900 5
-251800 3
-251700 4
-251600 4
-251500 1
-251400 6
-251300 1
-251200 2
-251100 6
-251000 11
-250900 3
-250800 3
-250700 7
-250600 2
-250500 10
-250400 8
-250300 6
-250200 2
-250100 4
-250000 3
-249900 4
-249800 5
-249700 4
-249600 4
-249500 2
-249400 6
-249300 7
-249200 7
-249100 9
-249000 4
-248900 4
-248800 3
-248700 3
-248600 7
-248500 6
-248400 2
-248300 4
-248200 7
-248100 11
-248000 2
-247900 16
-247800 41
-247700 45
-247600 18
-247500 4
-247400 5
-247300 1
-247200 9
-247100 4
-247000 6
-246900 3
-246800 3
-246700 5
-246600 5
-246500 3
-246400 4
-246300 4
-246200 3
-246100 5
-246000 3
-245900 1
-245800 7
-245700 1
-245600 5
-245500 5
-245400 5
-245300 6
-245200 5
-245100 2
-245000 5
-244900 6
-244800 5
-244700 5
-244600 6
-244500 3
-244400 6
-244300 6
-244200 4
-244100 2
-244000 6
-243900 3
-243800 6
-243700 2
-243600 2
-243500 5
-243400 5
-243300 5
-243200 4
-243100 3
-243000 3
-242900 4
-242800 5
-242700 4
-242600 4
-242500 4
-242400 2
-242300 4
-242200 7
-242100 6
-242000 3
-241900 4
-241800 6
-241700 1
-241600 2
-241500 6
-241400 6
-241300 1
-241200 6
-241100 6
-241000 12
-240900 6
-240800 0
-240700 3
-240600 5
-240500 3
-240400 3
-240300 5
-240200 4
-240100 6
-240000 9
-239900 24
-239800 70
-239700 904
-239600 5564
-239500 9993
-239400 5553
-239300 951
-239200 82
-239100 18
-239000 10
-238900 11
-238800 3
-238700 2
-238600 6
-238500 6
-238400 4
-238300 10
-238200 5
-238100 4
-238000 4
-237900 6
-237800 9
-237700 8
-237600 9
-237500 6
-237400 8
-237300 5
-237200 4
-237100 6
-237000 3
-236900 7
-236800 4
-236700 4
-236600 6
-236500 2
-236400 6
-236300 3
-236200 2
-236100 3
-236000 2
-235900 7
-235800 4
-235700 9
-235600 5
-235500 6
-235400 6
-235300 1
-235200 4
-235100 3
-235000 4
-234900 6
-234800 11
-234700 33
-234600 37
-234500 24
-234400 11
-234300 5
-234200 9
-234100 6
-234000 7
-233900 5
-233800 7
-233700 1
-233600 1
-233500 5
-233400 4
-233300 9
-233200 6
-233100 3
-233000 5
-232900 4
-232800 10
-232700 9
-232600 5
-232500 2
-232400 6
-232300 6
-232200 0
-232100 6
-232000 4
-231900 4
-231800 3
-231700 1
-231600 5
-231500 6
-231400 6
-231300 7
-231200 8
-231100 4
-231000 2
-230900 5
-230800 6
-230700 2
-230600 7
-230500 2
-230400 5
-230300 3
-230200 6
-230100 3
-230000 6
-229900 4
-229800 4
-229700 2
-229600 2
-229500 4
-229400 4
-229300 4
-229200 5
-229100 9
-229000 4
-228900 0
-228800 4
-228700 3
-228600 5
-228500 5
-228400 5
-228300 4
-228200 8
-228100 6
-228000 4
-227900 8
-227800 6
-227700 4
-227600 1
-227500 2
-227400 2
-227300 2
-227200 4
-227100 5
-227000 5
-226900 8
-226800 8
-226700 47
-226600 365
-226500 3187
-226400 9108
-226300 7954
-226200 2028
-226100 191
-226000 31
-225900 14
-225800 15
-225700 6
-225600 2
-225500 4
-225400 6
-225300 5
-225200 2
-225100 5
-225000 4
-224900 9
-224800 7
-224700 6
-224600 3
-224500 5
-224400 3
-224300 3
-224200 3
-224100 2
-224000 3
-223900 2
-223800 4
-223700 2
-223600 6
-223500 6
-223400 0
-223300 7
-223200 7
-223100 4
-223000 9
-222900 6
-222800 2
-222700 6
-222600 0
-222500 3
-222400 3
-222300 6
-222200 2
-222100 2
-222000 6
-221900 9
-221800 7
-221700 4
-221600 27
-221500 46
-221400 23
-221300 9
-221200 5
-221100 2
-221000 2
-220900 7
-220800 4
-220700 4
-220600 3
-220500 6
-220400 9
-220300 2
-220200 3
-220100 2
-220000 2
-219900 6
-219800 2
-219700 7
-219600 5
-219500 4
-219400 4
-219300 2
-219200 1
-219100 5
-219000 6
-218900 2
-218800 0
-218700 7
-218600 2
-218500 4
-218400 4
-218300 3
-218200 4
-218100 5
-218000 5
-217900 8
-217800 5
-217700 4
-217600 4
-217500 7
-217400 6
-217300 7
-217200 3
-217100 5
-217000 3
-216900 3
-216800 5
-216700 6
-216600 3
-216500 9
-216400 5
-216300 5
-216200 5
-216100 9
-216000 4
-215900 5
-215800 2
-215700 1
-215600 2
-215500 7
-215400 5
-215300 4
-215200 4
-215100 4
-215000 4
-214900 7
-214800 2
-214700 7
-214600 7
-214500 3
-214400 3
-214300 7
-214200 9
-214100 5
-214000 4
-213900 10
-213800 6
-213700 12
-213600 30
-213500 219
-213400 2055
-213300 8063
-213200 9322
-213100 2968
-213000 347
-212900 27
-212800 17
-212700 10
-212600 6
-212500 7
-212400 3
-212300 4
-212200 4
-212100 6
-212000 3
-211900 3
-211800 7
-211700 7
-211600 6
-211500 3
-211400 5
-211300 6
-211200 5
-211100 9
-211000 5
-210900 4
-210800 6
-210700 3
-210600 2
-210500 6
-210400 4
-210300 3
-210200 4
-210100 4
-210000 4
-209900 3
-209800 2
-209700 7
-209600 4
-209500 3
-209400 5
-209300 4
-209200 1
-209100 2
-209000 3
-208900 7
-208800 3
-208700 5
-208600 6
-208500 17
-208400 34
-208300 45
-208200 13
-208100 6
-208000 4
-207900 7
-207800 5
-207700 6
-207600 10
-207500 9
-207400 10
-207300 3
-207200 4
-207100 6
-207000 8
-206900 4
-206800 2
-206700 4
-206600 5
-206500 4
-206400 5
-206300 4
-206200 5
-206100 6
-206000 7
-205900 3
-205800 10
-205700 6
-205600 5
-205500 7
-205400 7
-205300 2
-205200 5
-205100 5
-205000 2
-204900 9
-204800 7
-204700 3
-204600 6
-204500 5
-204400 2
-204300 5
-204200 4
-204100 7
-204000 2
-203900 5
-203800 2
-203700 4
-203600 8
-203500 10
-203400 3
-203300 7
-203200 7
-203100 1
-203000 8
-202900 8
-202800 0
-202700 3
-202600 5
-202500 5
-202400 6
-202300 3
-202200 3
-202100 7
-202000 4
-201900 6
-201800 9
-201700 7
-201600 5
-201500 7
-201400 4
-201300 5
-201200 5
-201100 4
-201000 13
-200900 8
-200800 4
-200700 8
-200600 13
-200500 28
-200400 102
-200300 1287
-200200 6152
-200100 9840
-200000 4616
-199900 675
-199800 55
-199700 17
-199600 14
-199500 8
-199400 3
-199300 3
-199200 4
-199100 8
-199000 5
-198900 2
-198800 5
-198700 3
-198600 5
-198500 5
-198400 5
-198300 5
-198200 6
-198100 2
-198000 9
-197900 5
-197800 3
-197700 7
-197600 8
-197500 12
-197400 4
-197300 6
-197200 4
-197100 7
-197000 5
-196900 5
-196800 4
-196700 4
-196600 9
-196500 4
-196400 7
-196300 7
-196200 2
-196100 2
-196000 1
-195900 6
-195800 6
-195700 5
-195600 9
-195500 3
-195400 8
-195300 33
-195200 44
-195100 22
-195000 5
-194900 4
-194800 8
-194700 5
-194600 3
-194500 2
-194400 4
-194300 4
-194200 4
-194100 4
-194000 5
-193900 1
-193800 6
-193700 6
-193600 5
-193500 5
-193400 5
-193300 7
-193200 4
-193100 3
-193000 3
-192900 5
-192800 3
-192700 6
-192600 4
-192500 8
-192400 5
-192300 5
-192200 4
-192100 8
-192000 1
-191900 9
-191800 5
-191700 4
-191600 1
-191500 3
-191400 5
-191300 4
-191200 2
-191100 2
-191000 7
-190900 3
-190800 7
-190700 3
-190600 7
-190500 5
-190400 8
-190300 8
-190200 8
-190100 6
-190000 5
-189900 5
-189800 7
-189700 10
-189600 2
-189500 8
-189400 5
-189300 5
-189200 4
-189100 2
-189000 2
-188900 4
-188800 3
-188700 4
-188600 5
-188500 5
-188400 8
-188300 4
-188200 5
-188100 4
-188000 2
-187900 3
-187800 3
-187700 5
-187600 7
-187500 13
-187400 15
-187300 52
-187200 389
-187100 3588
-187000 9812
-186900 7308
-186800 1634
-186700 146
-186600 18
-186500 13
-186400 9
-186300 12
-186200 7
-186100 4
-186000 3
-185900 5
-185800 6
-185700 2
-185600 6
-185500 5
-185400 5
-185300 10
-185200 1
-185100 5
-185000 7
-184900 6
-184800 4
-184700 4
-184600 5
-184500 2
-184400 4
-184300 1
-184200 3
-184100 2
-184000 3
-183900 4
-183800 1
-183700 4
-183600 3
-183500 6
-183400 5
-183300 5
-183200 2
-183100 5
-183000 9
-182900 5
-182800 4
-182700 7
-182600 6
-182500 7
-182400 5
-182300 6
-182200 27
-182100 40
-182000 35
-181900 11
-181800 2
-181700 6
-181600 4
-181500 5
-181400 7
-181300 5
-181200 8
-181100 4
-181000 1
-180900 5
-180800 5
-180700 6
-180600 6
-180500 5
-180400 8
-180300 3
-180200 4
-180100 7
-180000 2
-179900 2
-179800 2
-179700 11
-179600 3
-179500 10
-179400 5
-179300 5
-179200 2
-179100 6
-179000 8
-178900 2
-178800 5
-178700 5
-178600 4
-178500 1
-178400 6
-178300 5
-178200 3
-178100 4
-178000 3
-177900 4
-177800 4
-177700 5
-177600 6
-177500 4
-177400 3
-177300 5
-177200 7
-177100 4
-177000 10
-176900 3
-176800 4
-176700 6
-176600 6
-176500 4
-176400 5
-176300 11
-176200 8
-176100 4
-176000 0
-175900 6
-175800 7
-175700 7
-175600 2
-175500 7
-175400 5
-175300 1
-175200 4
-175100 2
-175000 4
-174900 3
-174800 8
-174700 8
-174600 2
-174500 4
-174400 11
-174300 11
-174200 23
-174100 141
-174000 1750
-173900 7532
-173800 9496
-173700 3456
-173600 415
-173500 32
-173400 8
-173300 6
-173200 13
-173100 6
-173000 9
-172900 2
-172800 6
-172700 5
-172600 7
-172500 4
-172400 3
-172300 5
-172200 7
-172100 3
-172000 4
-171900 6
-171800 5
-171700 4
-171600 2
-171500 3
-171400 3
-171300 5
-171200 7
-171100 7
-171000 5
-170900 3
-170800 5
-170700 3
-170600 11
-170500 4
-170400 3
-170300 2
-170200 3
-170100 8
-170000 1
-169900 4
-169800 3
-169700 5
-169600 4
-169500 4
-169400 7
-169300 4
-169200 5
-169100 16
-169000 45
-168900 41
-168800 13
-168700 6
-168600 4
-168500 3
-168400 4
-168300 3
-168200 3
-168100 3
-168000 6
-167900 7
-167800 4
-167700 2
-167600 4
-167500 3
-167400 3
-167300 5
-167200 2
-167100 4
-167000 5
-166900 6
-166800 5
-166700 6
-166600 2
-166500 2
-166400 2
-166300 3
-166200 11
-166100 5
-166000 3
-165900 3
-165800 10
-165700 5
-165600 6
-165500 4
-165400 4
-165300 7
-165200 6
-165100 7
-165000 6
-164900 10
-164800 6
-164700 6
-164600 5
-164500 2
-164400 3
-164300 2
-164200 4
-164100 4
-164000 2
-163900 2
-163800 3
-163700 3
-163600 1
-163500 2
-163400 5
-163300 3
-163200 11
-163100 2
-163000 9
-162900 7
-162800 3
-162700 9
-162600 7
-162500 13
-162400 14
-162300 29
-162200 13
-162100 4
-162000 7
-161900 3
-161800 5
-161700 2
-161600 7
-161500 7
-161400 1
-161300 7
-161200 11
-161100 20
-161000 82
-160900 806
-160800 5172
-160700 10255
-160600 5596
-160500 924
-160400 64
-160300 21
-160200 12
-160100 5
-160000 11
-159900 2
-159800 5
-159700 10
-159600 2
-159500 6
-159400 4
-159300 6
-159200 4
-159100 7
-159000 9
-158900 3
-158800 4
-158700 4
-158600 6
-158500 4
-158400 4
-158300 4
-158200 7
-158100 3
-158000 8
-157900 4
-157800 7
-157700 4
-157600 2
-157500 6
-157400 4
-157300 1
-157200 7
-157100 2
-157000 6
-156900 4
-156800 4
-156700 5
-156600 6
-156500 3
-156400 4
-156300 6
-156200 4
-156100 10
-156000 8
-155900 27
-155800 40
-155700 26
-155600 4
-155500 2
-155400 5
-155300 13
-155200 3
-155100 6
-155000 5
-154900 6
-154800 3
-154700 5
-154600 4
-154500 5
-154400 3
-154300 6
-154200 7
-154100 4
-154000 3
-153900 7
-153800 7
-153700 7
-153600 5
-153500 6
-153400 3
-153300 5
-153200 7
-153100 6
-153000 3
-152900 2
-152800 4
-152700 8
-152600 4
-152500 6
-152400 3
-152300 7
-152200 6
-152100 4
-152000 5
-151900 3
-151800 3
-151700 7
-151600 6
-151500 4
-151400 2
-151300 7
-151200 7
-151100 3
-151000 5
-150900 4
-150800 4
-150700 7
-150600 8
-150500 2
-150400 1
-150300 3
-150200 8
-150100 6
-150000 10
-149900 5
-149800 6
-149700 4
-149600 3
-149500 5
-149400 4
-149300 6
-149200 6
-149100 9
-149000 1
-148900 5
-148800 6
-148700 3
-148600 4
-148500 7
-148400 4
-148300 6
-148200 9
-148100 12
-148000 17
-147900 44
-147800 383
-147700 3096
-147600 9264
-147500 8006
-147400 1953
-147300 166
-147200 26
-147100 14
-147000 11
-146900 10
-146800 4
-146700 5
-146600 3
-146500 6
-146400 6
-146300 5
-146200 5
-146100 5
-146000 3
-145900 7
-145800 4
-145700 4
-145600 3
-145500 3
-145400 7
-145300 8
-145200 6
-145100 4
-145000 4
-144900 4
-144800 7
-144700 1
-144600 2
-144500 7
-144400 6
-144300 5
-144200 3
-144100 6
-144000 5
-143900 2
-143800 4
-143700 1
-143600 3
-143500 5
-143400 7
-143300 3
-143200 7
-143100 5
-143000 8
-142900 5
-142800 23
-142700 47
-142600 26
-142500 11
-142400 4
-142300 3
-142200 2
-142100 5
-142000 7
-141900 5
-141800 5
-141700 7
-141600 7
-141500 9
-141400 8
-141300 4
-141200 3
-141100 3
-141000 4
-140900 3
-140800 7
-140700 4
-140600 8
-140500 5
-140400 5
-140300 5
-140200 8
-140100 2
-140000 7
-139900 3
-139800 10
-139700 4
-139600 2
-139500 5
-139400 9
-139300 3
-139200 8
-139100 8
-139000 2
-138900 3
-138800 5
-138700 3
-138600 3
-138500 1
-138400 5
-138300 4
-138200 6
-138100 5
-138000 2
-137900 4
-137800 5
-137700 4
-137600 3
-137500 3
-137400 7
-137300 3
-137200 3
-137100 2
-137000 6
-136900 5
-136800 1
-136700 7
-136600 1
-136500 10
-136400 2
-136300 4
-136200 3
-136100 7
-136000 10
-135900 3
-135800 6
-135700 6
-135600 7
-135500 3
-135400 3
-135300 4
-135200 5
-135100 7
-135000 10
-134900 12
-134800 20
-134700 137
-134600 1531
-134500 6978
-134400 9828
-134300 3757
-134200 498
-134100 36
-134000 16
-133900 15
-133800 18
-133700 6
-133600 6
-133500 4
-133400 3
-133300 4
-133200 4
-133100 2
-133000 3
-132900 5
-132800 4
-132700 7
-132600 4
-132500 6
-132400 7
-132300 4
-132200 7
-132100 7
-132000 5
-131900 9
-131800 3
-131700 2
-131600 5
-131500 2
-131400 4
-131300 4
-131200 5
-131100 3
-131000 7
-130900 3
-130800 3
-130700 4
-130600 8
-130500 2
-130400 4
-130300 3
-130200 5
-130100 2
-130000 7
-129900 7
-129800 3
-129700 11
-129600 38
-129500 52
-129400 25
-129300 6
-129200 5
-129100 4
-129000 6
-128900 6
-128800 3
-128700 4
-128600 4
-128500 9
-128400 7
-128300 4
-128200 4
-128100 6
-128000 6
-127900 3
-127800 5
-127700 3
-127600 3
-127500 5
-127400 4
-127300 4
-127200 6
-127100 2
-127000 0
-126900 4
-126800 7
-126700 4
-126600 6
-126500 4
-126400 9
-126300 6
-126200 5
-126100 7
-126000 3
-125900 3
-125800 4
-125700 7
-125600 10
-125500 4
-125400 3
-125300 4
-125200 5
-125100 3
-125000 4
-124900 3
-124800 5
-124700 9
-124600 5
-124500 2
-124400 4
-124300 5
-124200 4
-124100 5
-124000 8
-123900 3
-123800 4
-123700 7
-123600 4
-123500 5
-123400 5
-123300 2
-123200 2
-123100 6
-123000 5
-122900 5
-122800 3
-122700 5
-122600 4
-122500 7
-122400 7
-122300 5
-122200 4
-122100 2
-122000 7
-121900 12
-121800 9
-121700 17
-121600 57
-121500 733
-121400 4690
-121300 10537
-121200 6042
-121100 1094
-121000 81
-120900 24
-120800 14
-120700 11
-120600 6
-120500 6
-120400 6
-120300 9
-120200 10
-120100 5
-120000 12
-119900 8
-119800 2
-119700 4
-119600 5
-119500 2
-119400 4
-119300 6
-119200 4
-119100 7
-119000 6
-118900 10
-118800 9
-118700 2
-118600 2
-118500 7
-118400 3
-118300 7
-118200 5
-118100 6
-118000 2
-117900 4
-117800 6
-117700 3
-117600 1
-117500 5
-117400 9
-117300 2
-117200 5
-117100 4
-117000 5
-116900 8
-116800 6
-116700 4
-116600 15
-116500 30
-116400 45
-116300 29
-116200 9
-116100 9
-116000 9
-115900 2
-115800 5
-115700 4
-115600 7
-115500 6
-115400 4
-115300 6
-115200 8
-115100 1
-115000 3
-114900 4
-114800 5
-114700 8
-114600 3
-114500 5
-114400 2
-114300 6
-114200 4
-114100 8
-114000 5
-113900 8
-113800 7
-113700 7
-113600 5
-113500 6
-113400 5
-113300 3
-113200 5
-113100 4
-113000 3
-112900 4
-112800 3
-112700 7
-112600 3
-112500 4
-112400 5
-112300 6
-112200 7
-112100 2
-112000 4
-111900 3
-111800 7
-111700 3
-111600 6
-111500 7
-111400 6
-111300 4
-111200 2
-111100 3
-111000 10
-110900 7
-110800 8
-110700 4
-110600 3
-110500 6
-110400 1
-110300 5
-110200 3
-110100 3
-110000 1
-109900 6
-109800 8
-109700 10
-109600 4
-109500 6
-109400 9
-109300 6
-109200 3
-109100 4
-109000 5
-108900 3
-108800 9
-108700 14
-108600 9
-108500 29
-108400 305
-108300 3022
-108200 9279
-108100 8177
-108000 2018
-107900 166
-107800 19
-107700 12
-107600 17
-107500 6
-107400 1
-107300 3
-107200 3
-107100 6
-107000 4
-106900 5
-106800 3
-106700 11
-106600 6
-106500 3
-106400 7
-106300 5
-106200 6
-106100 3
-106000 2
-105900 4
-105800 5
-105700 2
-105600 6
-105500 4
-105400 2
-105300 1
-105200 1
-105100 5
-105000 6
-104900 10
-104800 2
-104700 7
-104600 2
-104500 3
-104400 4
-104300 7
-104200 4
-104100 2
-104000 4
-103900 4
-103800 5
-103700 4
-103600 7
-103500 0
-103400 15
-103300 55
-103200 36
-103100 6
-103000 2
-102900 3
-102800 5
-102700 5
-102600 2
-102500 1
-102400 4
-102300 4
-102200 7
-102100 8
-102000 2
-101900 3
-101800 6
-101700 6
-101600 4
-101500 6
-101400 1
-101300 5
-101200 3
-101100 6
-101000 4
-100900 5
-100800 5
-100700 7
-100600 3
-100500 3
-100400 3
-100300 7
-100200 5
-100100 1
-100000 5
-99900 9
-99800 1
-99700 3
-99600 4
-99500 2
-99400 5
-99300 4
-99200 9
-99100 3
-99000 3
-98900 7
-98800 3
-98700 2
-98600 6
-98500 5
-98400 1
-98300 10
-98200 9
-98100 12
-98000 3
-97900 5
-97800 3
-97700 3
-97600 2
-97500 3
-97400 1
-97300 8
-97200 7
-97100 3
-97000 4
-96900 5
-96800 4
-96700 9
-96600 5
-96500 6
-96400 2
-96300 1
-96200 1
-96100 2
-96000 4
-95900 2
-95800 3
-95700 8
-95600 9
-95500 14
-95400 18
-95300 85
-95200 1085
-95100 6290
-95000 10414
-94900 4471
-94800 598
-94700 53
-94600 13
-94500 10
-94400 9
-94300 7
-94200 5
-94100 4
-94000 3
-93900 2
-93800 3
-93700 3
-93600 6
-93500 4
-93400 5
-93300 9
-93200 8
-93100 4
-93000 6
-92900 7
-92800 3
-92700 2
-92600 9
-92500 2
-92400 9
-92300 3
-92200 4
-92100 3
-92000 1
-91900 6
-91800 4
-91700 3
-91600 3
-91500 5
-91400 7
-91300 6
-91200 3
-91100 0
-91000 4
-90900 4
-90800 1
-90700 3
-90600 4
-90500 4
-90400 3
-90300 11
-90200 38
-90100 43
-90000 18
-89900 4
-89800 7
-89700 2
-89600 5
-89500 5
-89400 4
-89300 4
-89200 2
-89100 4
-89000 5
-88900 7
-88800 6
-88700 8
-88600 3
-88500 2
-88400 2
-88300 3
-88200 6
-88100 2
-88000 2
-87900 5
-87800 7
-87700 0
-87600 4
-87500 2
-87400 7
-87300 2
-87200 7
-87100 6
-87000 5
-86900 2
-86800 3
-86700 4
-86600 4
-86500 4
-86400 3
-86300 9
-86200 3
-86100 3
-86000 5
-85900 4
-85800 4
-85700 2
-85600 5
-85500 6
-85400 1
-85300 6
-85200 8
-85100 6
-85000 8
-84900 1
-84800 4
-84700 6
-84600 6
-84500 4
-84400 3
-84300 5
-84200 5
-84100 3
-84000 7
-83900 6
-83800 7
-83700 8
-83600 4
-83500 5
-83400 8
-83300 3
-83200 2
-83100 5
-83000 3
-82900 5
-82800 5
-82700 8
-82600 7
-82500 10
-82400 12
-82300 10
-82200 29
-82100 334
-82000 3025
-81900 9407
-81800 7981
-81700 1855
-81600 162
-81500 24
-81400 17
-81300 15
-81200 7
-81100 7
-81000 5
-80900 9
-80800 3
-80700 6
-80600 1
-80500 3
-80400 4
-80300 5
-80200 4
-80100 6
-80000 6
-79900 3
-79800 5
-79700 2
-79600 2
-79500 8
-79400 5
-79300 3
-79200 4
-79100 7
-79000 8
-78900 0
-78800 4
-78700 2
-78600 5
-78500 4
-78400 4
-78300 5
-78200 1
-78100 7
-78000 7
-77900 4
-77800 5
-77700 4
-77600 4
-77500 2
-77400 8
-77300 2
-77200 8
-77100 25
-77000 64
-76900 31
-76800 10
-76700 10
-76600 7
-76500 2
-76400 4
-76300 6
-76200 11
-76100 5
-76000 2
-75900 3
-75800 4
-75700 6
-75600 3
-75500 5
-75400 7
-75300 6
-75200 6
-75100 5
-75000 3
-74900 3
-74800 7
-74700 2
-74600 3
-74500 6
-74400 3
-74300 6
-74200 6
-74100 8
-74000 5
-73900 9
-73800 4
-73700 9
-73600 4
-73500 4
-73400 3
-73300 1
-73200 6
-73100 8
-73000 4
-72900 6
-72800 3
-72700 3
-72600 8
-72500 3
-72400 8
-72300 2
-72200 3
-72100 8
-72000 5
-71900 8
-71800 5
-71700 5
-71600 7
-71500 7
-71400 7
-71300 2
-71200 5
-71100 7
-71000 4
-70900 3
-70800 6
-70700 6
-70600 3
-70500 2
-70400 7
-70300 4
-70200 2
-70100 3
-70000 5
-69900 6
-69800 7
-69700 9
-69600 4
-69500 4
-69400 11
-69300 13
-69200 12
-69100 27
-69000 308
-68900 2705
-68800 9335
-68700 8279
-68600 2063
-68500 148
-68400 26
-68300 16
-68200 13
-68100 8
-68000 2
-67900 5
-67800 5
-67700 3
-67600 4
-67500 6
-67400 3
-67300 6
-67200 9
-67100 11
-67000 7
-66900 6
-66800 7
-66700 4
-66600 2
-66500 4
-66400 3
-66300 3
-66200 4
-66100 6
-66000 1
-65900 2
-65800 2
-65700 5
-65600 9
-65500 7
-65400 2
-65300 5
-65200 5
-65100 8
-65000 8
-64900 9
-64800 3
-64700 6
-64600 5
-64500 5
-64400 5
-64300 5
-64200 6
-64100 5
-64000 23
-63900 47
-63800 36
-63700 18
-63600 4
-63500 6
-63400 5
-63300 5
-63200 2
-63100 3
-63000 3
-62900 1
-62800 5
-62700 3
-62600 3
-62500 3
-62400 3
-62300 1
-62200 5
-62100 7
-62000 9
-61900 7
-61800 6
-61700 5
-61600 7
-61500 4
-61400 5
-61300 7
-61200 9
-61100 5
-61000 2
-60900 4
-60800 5
-60700 6
-60600 7
-60500 9
-60400 5
-60300 4
-60200 1
-60100 3
-60000 5
-59900 10
-59800 3
-59700 8
-59600 7
-59500 4
-59400 4
-59300 1
-59200 4
-59100 6
-59000 4
-58900 8
-58800 4
-58700 4
-58600 6
-58500 5
-58400 5
-58300 5
-58200 4
-58100 3
-58000 4
-57900 4
-57800 7
-57700 6
-57600 3
-57500 1
-57400 8
-57300 5
-57200 9
-57100 3
-57000 6
-56900 6
-56800 5
-56700 6
-56600 7
-56500 4
-56400 3
-56300 10
-56200 6
-56100 16
-56000 28
-55900 141
-55800 1580
-55700 7464
-55600 9735
-55500 3344
-55400 386
-55300 34
-55200 20
-55100 13
-55000 8
-54900 9
-54800 3
-54700 3
-54600 10
-54500 6
-54400 2
-54300 6
-54200 5
-54100 7
-54000 1
-53900 4
-53800 8
-53700 2
-53600 3
-53500 9
-53400 4
-53300 7
-53200 4
-53100 5
-53000 2
-52900 7
-52800 6
-52700 5
-52600 2
-52500 3
-52400 3
-52300 2
-52200 7
-52100 3
-52000 3
-51900 9
-51800 4
-51700 7
-51600 2
-51500 2
-51400 4
-51300 5
-51200 7
-51100 3
-51000 6
-50900 12
-50800 37
-50700 47
-50600 23
-50500 9
-50400 5
-50300 6
-50200 5
-50100 6
-50000 1
-49900 5
-49800 7
-49700 6
-49600 4
-49500 3
-49400 1
-49300 7
-49200 1
-49100 3
-49000 5
-48900 9
-48800 2
-48700 6
-48600 8
-48500 1
-48400 9
-48300 3
-48200 4
-48100 4
-48000 6
-47900 7
-47800 4
-47700 6
-47600 6
-47500 4
-47400 6
-47300 5
-47200 3
-47100 3
-47000 6
-46900 5
-46800 2
-46700 4
-46600 7
-46500 3
-46400 2
-46300 4
-46200 8
-46100 3
-46000 6
-45900 7
-45800 4
-45700 7
-45600 3
-45500 3
-45400 7
-45300 4
-45200 5
-45100 6
-45000 2
-44900 2
-44800 5
-44700 7
-44600 7
-44500 0
-44400 10
-44300 8
-44200 9
-44100 6
-44000 7
-43900 8
-43800 5
-43700 3
-43600 6
-43500 7
-43400 2
-43300 7
-43200 6
-43100 7
-43000 13
-42900 28
-42800 75
-42700 442
-42600 3488
-42500 10017
-42400 7372
-42300 1506
-42200 102
-42100 16
-42000 18
-41900 14
-41800 10
-41700 3
-41600 2
-41500 0
-41400 3
-41300 3
-41200 3
-41100 1
-41000 6
-40900 7
-40800 13
-40700 7
-40600 3
-40500 4
-40400 4
-40300 2
-40200 4
-40100 7
-40000 3
-39900 4
-39800 3
-39700 5
-39600 5
-39500 2
-39400 6
-39300 2
-39200 7
-39100 1
-39000 6
-38900 5
-38800 5
-38700 6
-38600 3
-38500 8
-38400 6
-38300 4
-38200 4
-38100 7
-38000 7
-37900 4
-37800 3
-37700 29
-37600 61
-37500 38
-37400 14
-37300 9
-37200 4
-37100 6
-37000 2
-36900 5
-36800 7
-36700 1
-36600 5
-36500 7
-36400 2
-36300 5
-36200 6
-36100 6
-36000 5
-35900 5
-35800 5
-35700 6
-35600 2
-35500 0
-35400 8
-35300 3
-35200 5
-35100 5
-35000 2
-34900 4
-34800 2
-34700 1
-34600 5
-34500 0
-34400 5
-34300 4
-34200 6
-34100 8
-34000 6
-33900 4
-33800 5
-33700 5
-33600 3
-33500 5
-33400 6
-33300 5
-33200 7
-33100 8
-33000 7
-32900 4
-32800 5
-32700 5
-32600 6
-32500 4
-32400 2
-32300 6
-32200 2
-32100 7
-32000 6
-31900 7
-31800 5
-31700 6
-31600 3
-31500 4
-31400 0
-31300 6
-31200 6
-31100 9
-31000 8
-30900 6
-30800 11
-30700 2
-30600 5
-30500 5
-30400 5
-30300 3
-30200 7
-30100 3
-30000 5
-29900 40
-29800 44
-29700 49
-29600 160
-29500 1807
-29400 7961
-29300 9298
-29200 3009
-29100 284
-29000 28
-28900 13
-28800 15
-28700 10
-28600 4
-28500 5
-28400 6
-28300 5
-28200 4
-28100 3
-28000 6
-27900 6
-27800 8
-27700 4
-27600 6
-27500 2
-27400 7
-27300 4
-27200 4
-27100 8
-27000 3
-26900 6
-26800 2
-26700 1
-26600 1
-26500 6
-26400 2
-26300 5
-26200 4
-26100 4
-26000 3
-25900 8
-25800 2
-25700 5
-25600 5
-25500 3
-25400 5
-25300 2
-25200 6
-25100 6
-25000 3
-24900 6
-24800 2
-24700 6
-24600 24
-24500 47
-24400 31
-24300 17
-24200 4
-24100 6
-24000 4
-23900 5
-23800 4
-23700 8
-23600 2
-23500 6
-23400 8
-23300 8
-23200 3
-23100 5
-23000 7
-22900 6
-22800 10
-22700 6
-22600 3
-22500 6
-22400 2
-22300 6
-22200 7
-22100 4
-22000 2
-21900 5
-21800 6
-21700 3
-21600 2
-21500 5
-21400 3
-21300 5
-21200 2
-21100 1
-21000 5
-20900 4
-20800 7
-20700 5
-20600 10
-20500 7
-20400 6
-20300 5
-20200 3
-20100 4
-20000 4
-19900 6
-19800 2
-19700 7
-19600 7
-19500 4
-19400 7
-19300 2
-19200 5
-19100 4
-19000 8
-18900 4
-18800 7
-18700 1
-18600 1
-18500 4
-18400 4
-18300 4
-18200 3
-18100 7
-18000 3
-17900 6
-17800 4
-17700 6
-17600 4
-17500 0
-17400 7
-17300 4
-17200 5
-17100 4
-17000 9
-16900 5
-16800 10
-16700 12
-16600 33
-16500 328
-16400 2875
-16300 8857
-16200 8283
-16100 2216
-16000 222
-15900 23
-15800 11
-15700 11
-15600 9
-15500 3
-15400 5
-15300 5
-15200 5
-15100 3
-15000 3
-14900 6
-14800 9
-14700 1
-14600 3
-14500 8
-14400 2
-14300 7
-14200 2
-14100 8
-14000 1
-13900 4
-13800 4
-13700 4
-13600 4
-13500 4
-13400 6
-13300 6
-13200 4
-13100 5
-13000 3
-12900 7
-12800 4
-12700 8
-12600 3
-12500 5
-12400 7
-12300 5
-12200 6
-12100 8
-12000 2
-11900 2
-11800 3
-11700 5
-11600 7
-11500 20
-11400 44
-11300 37
-11200 12
-11100 2
-11000 7
-10900 5
-10800 7
-10700 5
-10600 6
-10500 6
-10400 4
-10300 4
-10200 8
-10100 5
-10000 2
-9900 2
-9800 4
-9700 3
-9600 3
-9500 7
-9400 1
-9300 1
-9200 0
-9100 7
-9000 5
-8900 2
-8800 8
-8700 4
-8600 6
-8500 6
-8400 5
-8300 7
-8200 2
-8100 2
-8000 7
-7900 2
-7800 5
-7700 5
-7600 6
-7500 3
-7400 4
-7300 8
-7200 3
-7100 3
-7000 3
-6900 7
-6800 5
-6700 8
-6600 3
-6500 5
-6400 1
-6300 1
-6200 4
-6100 11
-6000 2
-5900 4
-5800 3
-5700 10
-5600 5
-5500 1
-5400 3
-5300 7
-5200 5
-5100 5
-5000 2
-4900 6
-4800 10
-4700 3
-4600 7
-4500 4
-4400 3
-4300 5
-4200 5
-4100 6
-4000 4
-3900 6
-3800 2
-3700 8
-3600 18
-3500 10
-3400 51
-3300 448
-3200 3962
-3100 9880
-3000 6942
-2900 1287
-2800 101
-2700 16
-2600 19
-2500 8
-2400 9
-2300 7
-2200 3
-2100 10
-2000 3
-1900 4
-1800 4
-1700 9
-1600 9
-1500 5
-1400 10
-1300 6
-1200 2
-1100 4
-1000 5
-900 5
-800 4
-700 7
-600 0
-500 4
-400 3
-300 4
-200 3
-100 4
0 3
100 5
200 3
300 4
400 2
500 2
600 5
700 5
800 4
900 6
1000 3
1100 3
1200 6
1300 7
1400 4
1500 3
1600 9
1700 23
1800 52
1900 44
2000 7
2100 6
2200 7
2300 8
2400 5
2500 4
2600 3
2700 3
2800 3
2900 2
3000 3
3100 7
3200 5
3300 5
3400 9
3500 4
3600 7
3700 2
3800 4
3900 4
4000 4
4100 2
4200 4
4300 7
4400 7
4500 3
4600 6
4700 7
4800 8
4900 6
5000 5
5100 2
5200 3
5300 3
5400 7
5500 6
5600 5
5700 5
5800 4
5900 6
6000 4
6100 2
6200 6
6300 5
6400 2
6500 4
6600 3
6700 9
6800 8
6900 5
7000 6
7100 6
7200 6
7300 2
7400 5
7500 4
7600 1
7700 4
7800 6
7900 6
8000 4
8100 4
8200 2
8300 4
8400 4
8500 7
8600 7
8700 4
8800 6
8900 4
9000 7
9100 4
9200 3
9300 7
9400 14
9500 33
9600 57
9700 78
9800 556
9900 7018
10000 41543
10100 70265
10200 33162
10300 4794
10400 346
10500 81
10600 87
10700 43
10800 9
10900 7
11000 6
11100 4
11200 2
11300 6
11400 3
11500 5
11600 9
11700 7
11800 7
11900 4
12000 1
12100 9
12200 6
12300 1
12400 2
12500 7
12600 6
12700 7
12800 4
12900 4
13000 4
13100 8
13200 8
13300 5
13400 8
13500 8
13600 5
13700 5
13800 6
13900 2
14000 5
14100 3
14200 7
14300 5
14400 5
14500 5
14600 3
14700 4
14800 6
14900 31
15000 45
15100 27
15200 14
15300 8
15400 6
15500 8
15600 5
15700 2
15800 3
15900 3
16000 2
16100 4
16200 2
16300 3
16400 6
16500 1
16600 7
16700 5
16800 5
16900 2
17000 1
17100 4
17200 1
17300 3
17400 2
17500 3
17600 2
17700 7
17800 1
17900 3
18000 7
18100 5
18200 3
18300 2
18400 6
18500 4
18600 9
18700 11
18800 1
18900 4
19000 8
19100 5
19200 10
19300 4
19400 5
19500 5
19600 4
19700 4
19800 6
19900 8
20000 10
20100 9
20200 5
20300 4
20400 4
20500 3
20600 7
20700 5
20800 4
20900 6
21000 8
21100 5
21200 7
21300 1
21400 6
21500 8
21600 9
21700 8
21800 7
21900 4
22000 5
22100 6
22200 7
22300 7
22400 4
22500 7
22600 8
22700 6
22800 29
22900 40
23000 451
23100 3789
23200 9837
23300 7249
23400 1484
23500 137
23600 19
23700 8
23800 14
23900 8
24000 5
24100 6
24200 5
24300 5
24400 9
24500 6
24600 3
24700 4
24800 7
24900 9
25000 6
25100 5
25200 5
25300 3
25400 3
25500 6
25600 3
25700 3
25800 5
25900 2
26000 9
26100 3
26200 6
26300 4
26400 5
26500 2
26600 4
26700 4
26800 4
26900 3
27000 6
27100 8
27200 3
27300 9
27400 5
27500 8
27600 3
27700 5
27800 3
27900 12
28000 36
28100 44
28200 35
28300 8
28400 4
28500 2
28600 8
28700 4
28800 7
28900 3
29000 6
29100 7
29200 8
29300 3
29400 3
29500 3
29600 7
29700 5
29800 5
29900 4
30000 2
30100 6
30200 5
30300 6
30400 5
30500 4
30600 6
30700 6
30800 6
30900 1
31000 6
31100 5
31200 3
31300 6
31400 6
31500 10
31600 6
31700 6
31800 6
31900 2
32000 8
32100 7
32200 3
32300 5
32400 4
32500 3
32600 3
32700 7
32800 9
32900 5
33000 3
33100 5
33200 8
33300 6
33400 10
33500 3
33600 5
33700 4
33800 6
33900 2
34000 6
34100 5
34200 7
34300 4
34400 9
34500 2
34600 5
34700 13
34800 7
34900 5
35000 3
35100 3
35200 8
35300 3
35400 6
35500 8
35600 5
35700 13
35800 13
35900 17
36000 41
36100 546
36200 4176
36300 10251
36400 6652
36500 1199
36600 80
36700 11
36800 15
36900 16
37000 10
37100 3
37200 1
37300 1
37400 5
37500 4
37600 3
37700 7
37800 1
37900 8
38000 6
38100 4
38200 2
38300 6
38400 5
38500 8
38600 4
38700 4
38800 10
38900 2
39000 5
39100 4
39200 5
39300 5
39400 3
39500 6
39600 6
39700 5
39800 4
39900 6
40000 2
40100 3
40200 3
40300 4
40400 8
40500 4
40600 6
40700 2
40800 10
40900 2
41000 4
41100 20
41200 65
41300 21
41400 4
41500 6
41600 7
41700 2
41800 3
41900 4
42000 5
42100 7
42200 5
42300 3
42400 6
42500 0
42600 6
42700 1
42800 8
42900 5
43000 4
43100 3
43200 3
43300 7
43400 2
43500 2
43600 3
43700 2
43800 1
43900 4
44000 4
44100 4
44200 3
44300 6
44400 4
44500 2
44600 4
44700 4
44800 4
44900 7
45000 9
45100 2
45200 2
45300 7
45400 9
45500 5
45600 5
45700 1
45800 3
45900 9
46000 5
46100 5
46200 4
46300 4
46400 3
46500 4
46600 2
46700 4
46800 2
46900 2
47000 2
47100 3
47200 7
47300 6
47400 7
47500 2
47600 3
47700 5
47800 8
47900 5
48000 8
48100 6
48200 4
48300 5
48400 6
48500 7
48600 3
48700 4
48800 3
48900 10
49000 15
49100 17
49200 134
49300 1600
49400 7511
49500 9814
49600 3306
49700 346
49800 58
49900 65
50000 58
50100 24
50200 8
50300 9
50400 5
50500 4
50600 5
50700 8
50800 4
50900 7
51000 6
51100 8
51200 3
51300 7
51400 8
51500 7
51600 8
51700 5
51800 5
51900 0
52000 3
52100 4
52200 2
52300 3
52400 9
52500 3
52600 3
52700 1
52800 5
52900 5
53000 7
53100 4
53200 7
53300 2
53400 1
53500 7
53600 4
53700 4
53800 5
53900 5
54000 5
54100 6
54200 48
54300 227
54400 283
54500 102
54600 19
54700 7
54800 7
54900 8
55000 3
55100 6
55200 4
55300 2
55400 4
55500 5
55600 3
55700 5
55800 5
55900 5
56000 8
56100 3
56200 6
56300 6
56400 3
56500 5
56600 8
56700 2
56800 2
56900 5
57000 2
57100 4
57200 3
57300 3
57400 2
57500 5
57600 3
57700 5
57800 4
57900 4
58000 5
58100 3
58200 4
58300 5
58400 3
58500 2
58600 5
58700 7
58800 5
58900 5
59000 7
59100 4
59200 6
59300 4
59400 6
59500 3
59600 5
59700 4
59800 7
59900 8
60000 3
60100 5
60200 0
60300 5
60400 7
60500 5
60600 5
60700 3
60800 6
60900 9
61000 8
61100 9
61200 4
61300 4
61400 8
61500 6
61600 7
61700 8
61800 6
61900 4
62000 11
62100 9
62200 18
62300 39
62400 576
62500 3978
62600 10104
62700 6541
62800 1342
62900 184
63000 39
63100 18
63200 13
63300 5
63400 3
63500 4
63600 6
63700 4
63800 7
63900 4
64000 6
64100 2
64200 4
64300 7
64400 6
64500 7
64600 2
64700 4
64800 4
64900 5
65000 4
65100 6
65200 7
65300 3
65400 4
65500 3
65600 7
65700 6
65800 3
65900 4
66000 4
66100 2
66200 5
66300 2
66400 8
66500 5
66600 6
66700 3
66800 7
66900 7
67000 8
67100 3
67200 4
67300 10
67400 32
67500 69
67600 33
67700 12
67800 9
67900 3
68000 4
68100 4
68200 11
68300 6
68400 4
68500 6
68600 5
68700 4
68800 3
68900 4
69000 4
69100 6
69200 5
69300 6
69400 5
69500 6
69600 4
69700 3
69800 2
69900 5
70000 4
70100 2
70200 2
70300 3
70400 7
70500 4
70600 3
70700 8
70800 3
70900 7
71000 6
71100 2
71200 2
71300 9
71400 4
71500 5
71600 6
71700 6
71800 3
71900 3
72000 4
72100 4
72200 6
72300 8
72400 0
72500 8
72600 1
72700 3
72800 2
72900 6
73000 4
73100 3
73200 1
73300 4
73400 7
73500 3
73600 9
73700 2
73800 3
73900 2
74000 4
74100 14
74200 8
74300 4
74400 1
74500 4
74600 2
74700 5
74800 4
74900 5
75000 4
75100 6
75200 7
75300 13
75400 38
75500 378
75600 3320
75700 9703
75800 7700
75900 1775
76000 145
76100 25
76200 7
76300 14
76400 5
76500 2
76600 2
76700 3
76800 6
76900 6
77000 7
77100 8
77200 3
77300 7
77400 9
77500 5
77600 5
77700 5
77800 3
77900 7
78000 4
78100 6
78200 4
78300 4
78400 5
78500 3
78600 4
78700 4
78800 5
78900 4
79000 3
79100 3
79200 7
79300 4
79400 2
79500 6
79600 0
79700 6
79800 5
79900 2
80000 6
80100 7
80200 2
80300 4
80400 8
80500 15
80600 52
80700 39
80800 7
80900 5
81000 3
81100 3
81200 11
81300 5
81400 6
81500 8
81600 6
81700 1
81800 3
81900 5
82000 4
82100 9
82200 4
82300 4
82400 6
82500 7
82600 7
82700 8
82800 5
82900 7
83000 5
83100 3
83200 5
83300 10
83400 5
83500 6
83600 5
83700 2
83800 2
83900 9
84000 9
84100 2
84200 1
84300 1
84400 2
84500 10
84600 5
84700 1
84800 4
84900 6
85000 3
85100 5
85200 4
85300 7
85400 5
85500 7
85600 3
85700 4
85800 5
85900 7
86000 7
86100 6
86200 6
86300 3
86400 5
86500 4
86600 1
86700 7
86800 4
86900 7
87000 3
87100 6
87200 4
87300 8
87400 5
87500 1
87600 5
87700 4
87800 9
87900 6
88000 6
88100 6
88200 4
88300 15
88400 14
88500 18
88600 194
88700 1897
88800 8200
88900 9420
89000 2960
89100 303
89200 39
89300 20
89400 15
89500 15
89600 4
89700 4
89800 5
89900 5
90000 3
90100 5
90200 4
90300 3
90400 8
90500 10
90600 6
90700 4
90800 3
90900 4
91000 8
91100 3
91200 3
91300 2
91400 3
91500 4
91600 2
91700 0
91800 5
91900 4
92000 3
92100 5
92200 5
92300 4
92400 6
92500 4
92600 8
92700 6
92800 4
92900 2
93000 4
93100 2
93200 3
93300 6
93400 5
93500 6
93600 13
93700 50
93800 47
93900 6
94000 4
94100 1
94200 7
94300 6
94400 4
94500 5
94600 5
94700 2
94800 0
94900 6
95000 4
95100 0
95200 3
95300 3
95400 5
95500 4
95600 2
95700 5
95800 8
95900 5
96000 2
96100 7
96200 4
96300 5
96400 6
96500 5
96600 5
96700 7
96800 1
96900 6
97000 7
97100 4
97200 3
97300 5
97400 9
97500 1
97600 10
97700 7
97800 4
97900 7
98000 4
98100 9
98200 2
98300 5
98400 3
98500 3
98600 8
98700 10
98800 3
98900 5
99000 7
99100 6
99200 3
99300 5
99400 2
99500 4
99600 2
99700 3
99800 5
99900 3
100000 2
100100 3
100200 7
100300 4
100400 8
100500 4
100600 4
100700 0
100800 8
100900 5
101000 4
101100 8
101200 9
101300 6
101400 5
101500 9
101600 21
101700 66
101800 606
101900 4802
102000 10391
102100 6137
102200 1081
102300 90
102400 22
102500 17
102600 13
102700 6
102800 3
102900 4
103000 3
103100 5
103200 5
103300 7
103400 1
103500 5
103600 5
103700 7
103800 7
103900 2
104000 2
104100 4
104200 4
104300 4
104400 3
104500 4
104600 7
104700 6
104800 3
104900 5
105000 6
105100 3
105200 7
105300 6
105400 6
105500 3
105600 3
105700 2
105800 6
105900 6
106000 6
106100 4
106200 10
106300 5
106400 5
106500 4
106600 6
106700 6
106800 25
106900 44
107000 32
107100 8
107200 4
107300 5
107400 8
107500 3
107600 5
107700 11
107800 3
107900 7
108000 4
108100 7
108200 6
108300 4
108400 3
108500 4
108600 2
108700 6
108800 6
108900 5
109000 6
109100 3
109200 2
109300 5
109400 3
109500 5
109600 7
109700 4
109800 1
109900 3
110000 4
110100 4
110200 6
110300 8
110400 6
110500 5
110600 4
110700 5
110800 1
110900 7
111000 6
111100 6
111200 3
111300 8
111400 1
111500 9
111600 8
111700 6
111800 2
111900 9
112000 8
112100 0
112200 3
112300 3
112400 3
112500 3
112600 5
112700 4
112800 5
112900 7
113000 5
113100 3
113200 7
113300 3
113400 6
113500 7
113600 7
113700 5
113800 3
113900 13
114000 2
114100 5
114200 3
114300 1
114400 4
114500 7
114600 7
114700 14
114800 31
114900 275
115000 2714
115100 9089
115200 8383
115300 2211
115400 185
115500 29
115600 13
115700 19
115800 6
115900 2
116000 4
116100 3
116200 7
116300 6
116400 3
116500 7
116600 6
116700 11
116800 5
116900 1
117000 2
117100 4
117200 4
117300 4
117400 7
117500 6
117600 5
117700 1
117800 1
117900 4
118000 7
118100 4
118200 2
118300 5
118400 3
118500 8
118600 2
118700 4
118800 3
118900 8
119000 5
119100 6
119200 4
119300 3
119400 1
119500 3
119600 4
119700 5
119800 6
119900 21
120000 47
120100 34
120200 8
120300 5
120400 7
120500 9
120600 9
120700 2
120800 3
120900 5
121000 6
121100 5
121200 1
121300 1
121400 4
121500 4
121600 7
121700 4
121800 4
121900 7
122000 4
122100 4
122200 4
122300 1
122400 5
122500 5
122600 3
122700 5
122800 4
122900 4
123000 3
123100 1
123200 9
123300 3
123400 3
123500 5
123600 7
123700 5
123800 4
123900 8
124000 7
124100 7
124200 3
124300 5
124400 3
124500 2
124600 4
124700 6
124800 3
124900 6
125000 5
125100 6
125200 8
125300 5
125400 3
125500 9
125600 2
125700 5
125800 4
125900 9
126000 7
126100 2
126200 5
126300 2
126400 7
126500 11
126600 8
126700 4
126800 6
126900 5
127000 4
127100 3
127200 4
127300 5
127400 7
127500 5
127600 5
127700 10
127800 10
127900 23
128000 123
128100 1405
128200 7179
128300 9809
128400 3670
128500 453
128600 24
128700 17
128800 11
128900 9
129000 6
129100 6
129200 0
129300 5
129400 2
129500 6
129600 3
129700 3
129800 4
129900 9
130000 12
130100 2
130200 4
130300 5
130400 8
130500 6
130600 2
130700 5
130800 3
130900 3
131000 4
131100 2
131200 5
131300 8
131400 5
131500 6
131600 6
131700 4
131800 4
131900 5
132000 8
132100 2
132200 4
132300 4
132400 8
132500 4
132600 6
132700 3
132800 4
132900 5
133000 11
133100 34
133200 42
133300 17
133400 4
133500 2
133600 6
133700 8
133800 1
133900 11
134000 9
134100 8
134200 2
134300 5
134400 5
134500 4
134600 6
134700 4
134800 6
134900 6
135000 3
135100 3
135200 8
135300 2
135400 4
135500 4
135600 6
135700 4
135800 7
135900 6
136000 3
136100 6
136200 9
136300 7
136400 8
136500 2
136600 7
136700 4
136800 2
136900 3
137000 5
137100 2
137200 6
137300 4
137400 4
137500 2
137600 4
137700 3
137800 0
137900 8
138000 5
138100 12
138200 7
138300 6
138400 3
138500 7
138600 2
138700 4
138800 7
138900 3
139000 3
139100 1
139200 6
139300 2
139400 1
139500 3
139600 3
139700 10
139800 3
139900 5
140000 5
140100 5
140200 4
140300 5
140400 3
140500 6
140600 6
140700 4
140800 5
140900 13
141000 13
141100 40
141200 642
141300 4612
141400 9988
141500 6329
141600 1065
141700 96
141800 22
141900 14
142000 15
142100 7
142200 4
142300 7
142400 4
142500 1
142600 2
142700 5
142800 5
142900 4
143000 9
143100 12
143200 0
143300 5
143400 5
143500 6
143600 2
143700 5
143800 7
143900 8
144000 3
144100 3
144200 3
144300 1
144400 2
144500 3
144600 5
144700 6
144800 6
144900 0
145000 6
145100 6
145200 6
145300 5
145400 8
145500 7
145600 2
145700 4
145800 7
145900 4
146000 10
146100 8
146200 21
146300 56
146400 27
146500 8
146600 7
146700 7
146800 4
146900 5
147000 4
147100 9
147200 4
147300 1
147400 4
147500 4
147600 6
147700 13
147800 2
147900 6
148000 5
148100 5
148200 7
148300 2
148400 5
148500 3
148600 5
148700 4
148800 5
148900 6
149000 1
149100 6
149200 4
149300 5
149400 3
149500 4
149600 5
149700 5
149800 6
149900 4
150000 8
150100 1
150200 6
150300 2
150400 2
150500 6
150600 6
150700 7
150800 7
150900 2
151000 4
151100 4
151200 6
151300 3
151400 6
151500 2
151600 5
151700 6
151800 6
151900 3
152000 1
152100 2
152200 3
152300 8
152400 3
152500 2
152600 9
152700 7
152800 3
152900 7
153000 9
153100 7
153200 4
153300 6
153400 7
153500 4
153600 2
153700 8
153800 8
153900 7
154000 6
154100 15
154200 24
154300 233
154400 2338
154500 8529
154600 9016
154700 2544
154800 247
154900 23
155000 13
155100 14
155200 10
155300 3
155400 2
155500 2
155600 5
155700 4
155800 3
155900 1
156000 8
156100 11
156200 3
156300 3
156400 1
156500 6
156600 2
156700 8
156800 6
156900 6
157000 6
157100 4
157200 2
157300 10
157400 6
157500 8
157600 6
157700 4
157800 10
157900 4
158000 6
158100 7
158200 4
158300 4
158400 4
158500 3
158600 3
158700 7
158800 7
158900 5
159000 8
159100 3
159200 5
159300 18
159400 44
159500 40
159600 20
159700 7
159800 1
159900 7
160000 3
160100 3
160200 2
160300 4
160400 3
160500 5
160600 1
160700 3
160800 2
160900 4
161000 6
161100 6
161200 9
161300 4
161400 1
161500 6
161600 6
161700 4
161800 3
161900 4
162000 5
162100 0
162200 1
162300 3
162400 3
162500 3
162600 6
162700 2
162800 6
162900 1
163000 6
163100 4
163200 10
163300 6
163400 7
163500 6
163600 6
163700 6
163800 5
163900 4
164000 5
164100 5
164200 6
164300 4
164400 6
164500 7
164600 10
164700 4
164800 8
164900 1
165000 1
165100 4
165200 5
165300 2
165400 2
165500 6
165600 6
165700 2
165800 5
165900 8
166000 4
166100 4
166200 2
166300 5
166400 6
166500 4
166600 6
166700 3
166800 5
166900 7
167000 3
167100 4
167200 11
167300 17
167400 98
167500 1181
167600 6260
167700 10284
167800 4482
167900 602
168000 64
168100 22
168200 17
168300 10
168400 3
168500 5
168600 4
168700 3
168800 4
168900 5
169000 7
169100 6
169200 12
169300 9
169400 9
169500 3
169600 5
169700 5
169800 7
169900 6
170000 5
170100 6
170200 5
170300 6
170400 5
170500 4
170600 4
170700 10
170800 4
170900 6
171000 5
171100 5
171200 7
171300 4
171400 4
171500 7
171600 6
171700 8
171800 2
171900 9
172000 3
172100 4
172200 7
172300 6
172400 11
172500 31
172600 53
172700 23
172800 12
172900 3
173000 5
173100 9
173200 2
173300 1
173400 3
173500 6
173600 8
173700 6
173800 14
173900 1
174000 7
174100 3
174200 4
174300 4
174400 7
174500 8
174600 6
174700 2
174800 5
174900 3
175000 5
175100 5
175200 4
175300 3
175400 4
175500 6
175600 5
175700 3
175800 3
175900 3
176000 5
176100 6
176200 1
176300 4
176400 2
176500 4
176600 10
176700 4
176800 4
176900 2
177000 5
177100 1
177200 3
177300 5
177400 4
177500 6
177600 6
177700 3
177800 4
177900 6
178000 4
178100 5
178200 6
178300 7
178400 8
178500 10
178600 4
178700 7
178800 5
178900 5
179000 6
179100 8
179200 7
179300 5
179400 7
179500 5
179600 3
179700 4
179800 2
179900 5
180000 3
180100 5
180200 7
180300 11
180400 11
180500 41
180600 552
180700 4046
180800 9822
180900 6965
181000 1414
181100 102
181200 21
181300 16
181400 11
181500 14
181600 6
181700 9
181800 4
181900 1
182000 4
182100 6
182200 2
182300 10
182400 26
182500 13
182600 4
182700 5
182800 3
182900 5
183000 7
183100 4
183200 4
183300 6
183400 6
183500 3
183600 8
183700 5
183800 5
183900 5
184000 4
184100 4
184200 5
184300 7
184400 2
184500 10
184600 5
184700 4
184800 6
184900 4
185000 5
185100 5
185200 2
185300 6
185400 6
185500 8
185600 20
185700 49
185800 36
185900 8
186000 7
186100 5
186200 2
186300 5
186400 2
186500 9
186600 2
186700 6
186800 6
186900 3
187000 4
187100 5
187200 1
187300 3
187400 4
187500 5
187600 4
187700 4
187800 5
187900 1
188000 2
188100 3
188200 6
188300 5
188400 4
188500 3
188600 6
188700 5
188800 3
188900 3
189000 3
189100 3
189200 3
189300 4
189400 4
189500 2
189600 5
189700 3
189800 6
189900 1
190000 4
190100 4
190200 7
190300 3
190400 9
190500 2
190600 3
190700 9
190800 3
190900 5
191000 4
191100 9
191200 4
191300 4
191400 1
191500 4
191600 4
191700 5
191800 2
191900 1
192000 3
192100 1
192200 3
192300 8
192400 10
192500 4
192600 4
192700 4
192800 5
192900 2
193000 3
193100 3
193200 6
193300 6
193400 14
193500 10
193600 30
193700 186
193800 1986
193900 7736
194000 9368
194100 3284
194200 350
194300 41
194400 24
194500 20
194600 14
194700 4
194800 11
194900 10
195000 14
195100 7
195200 7
195300 3
195400 5
195500 7
195600 8
195700 4
195800 3
195900 5
196000 7
196100 5
196200 4
196300 5
196400 2
196500 4
196600 3
196700 3
196800 4
196900 8
197000 3
197100 4
197200 7
197300 1
197400 6
197500 4
197600 7
197700 9
197800 5
197900 6
198000 2
198100 6
198200 5
198300 11
198400 4
198500 5
198600 8
198700 13
198800 27
198900 43
199000 10
199100 6
199200 2
199300 7
199400 1
199500 7
199600 4
199700 5
199800 6
199900 8
200000 5
200100 2
200200 6
200300 5
200400 1
200500 7
200600 7
200700 3
200800 7
200900 3
201000 3
201100 6
201200 4
201300 5
201400 1
201500 4
201600 4
201700 5
201800 6
201900 4
202000 7
202100 2
202200 2
202300 4
202400 10
202500 4
202600 5
202700 6
202800 6
202900 7
203000 6
203100 7
203200 5
203300 7
203400 6
203500 7
203600 4
203700 7
203800 3
203900 9
204000 5
204100 7
204200 6
204300 0
204400 11
204500 5
204600 4
204700 4
204800 4
204900 1
205000 3
205100 9
205200 4
205300 2
205400 5
205500 6
205600 9
205700 4
205800 6
205900 4
206000 4
206100 2
206200 2
206300 4
206400 5
206500 14
206600 11
206700 22
206800 89
206900 1077
207000 5939
207100 10096
207200 4896
207300 695
207400 53
207500 12
207600 11
207700 14
207800 8
207900 6
208000 4
208100 5
208200 5
208300 4
208400 3
208500 6
208600 4
208700 5
208800 10
208900 5
209000 6
209100 5
209200 7
209300 5
209400 7
209500 5
209600 1
209700 4
209800 4
209900 7
210000 4
210100 8
210200 7
210300 5
210400 6
210500 4
210600 5
210700 2
210800 4
210900 2
211000 7
211100 3
211200 3
211300 5
211400 7
211500 5
211600 7
211700 1
211800 8
211900 36
212000 45
212100 19
212200 5
212300 4
212400 6
212500 3
212600 5
212700 5
212800 9
212900 5
213000 2
213100 6
213200 2
213300 4
213400 2
213500 3
213600 4
213700 4
213800 8
213900 7
214000 2
214100 2
214200 4
214300 3
214400 3
214500 5
214600 2
214700 4
214800 3
214900 3
215000 3
215100 8
215200 4
215300 6
215400 2
215500 7
215600 3
215700 7
215800 5
215900 5
216000 6
216100 10
216200 4
216300 8
216400 6
216500 0
216600 8
216700 7
216800 4
216900 3
217000 1
217100 7
217200 3
217300 4
217400 6
217500 3
217600 4
217700 5
217800 5
217900 4
218000 6
218100 5
218200 7
218300 4
218400 8
218500 9
218600 11
218700 4
218800 7
218900 6
219000 2
219100 1
219200 6
219300 6
219400 5
219500 5
219600 8
219700 16
219800 24
219900 45
220000 495
220100 3638
220200 9875
220300 7267
220400 1681
220500 141
220600 24
220700 14
220800 18
220900 7
221000 8
221100 8
221200 8
221300 2
221400 4
221500 6
221600 5
221700 5
221800 10
221900 4
222000 6
222100 3
222200 2
222300 2
222400 4
222500 3
222600 5
222700 5
222800 2
222900 4
223000 4
223100 6
223200 3
223300 0
223400 5
223500 4
223600 3
223700 5
223800 1
223900 6
224000 5
224100 3
224200 6
224300 3
224400 7
224500 4
224600 5
224700 7
224800 3
224900 9
225000 27
225100 53
225200 34
225300 11
225400 4
225500 5
225600 3
225700 6
225800 6
225900 4
226000 5
226100 10
226200 9
226300 3
226400 1
226500 2
226600 6
226700 5
226800 3
226900 5
227000 7
227100 3
227200 2
227300 2
227400 5
227500 2
227600 6
227700 5
227800 3
227900 4
228000 4
228100 8
228200 7
228300 3
228400 4
228500 8
228600 7
228700 3
228800 5
228900 2
229000 7
229100 6
229200 4
229300 1
229400 4
229500 2
229600 3
229700 1
229800 4
229900 3
230000 11
230100 4
230200 6
230300 6
230400 5
230500 7
230600 8
230700 5
230800 3
230900 2
231000 3
231100 7
231200 2
231300 2
231400 7
231500 1
231600 5
231700 4
231800 4
231900 7
232000 4
232100 7
232200 6
232300 6
232400 9
232500 10
232600 6
232700 7
232800 5
232900 12
233000 28
233100 276
233200 2637
233300 8647
233400 8485
233500 2549
233600 264
233700 24
233800 11
233900 10
234000 12
234100 5
234200 4
234300 6
234400 8
234500 4
234600 4
234700 8
234800 5
234900 5
235000 5
235100 7
235200 7
235300 4
235400 4
235500 5
235600 8
235700 0
235800 6
235900 2
236000 6
236100 4
236200 5
236300 12
236400 5
236500 5
236600 4
236700 5
236800 3
236900 4
237000 6
237100 3
237200 3
237300 4
237400 2
237500 6
237600 3
237700 5
237800 5
237900 5
238000 1
238100 16
238200 50
238300 44
238400 17
238500 5
238600 3
238700 6
238800 6
238900 4
239000 5
239100 2
239200 3
239300 5
239400 2
239500 4
239600 7
239700 5
239800 5
239900 7
240000 5
240100 4
240200 7
240300 8
240400 8
240500 3
240600 1
240700 6
240800 1
240900 4
241000 6
241100 3
241200 5
241300 5
241400 3
241500 2
241600 8
241700 2
241800 1
241900 3
242000 8
242100 6
242200 6
242300 8
242400 5
242500 3
242600 4
242700 6
242800 2
242900 5
243000 4
243100 5
243200 6
243300 4
243400 5
243500 6
243600 7
243700 2
243800 3
243900 3
244000 3
244100 5
244200 3
244300 6
244400 5
244500 4
244600 3
244700 5
244800 6
244900 3
245000 8
245100 4
245200 3
245300 5
245400 6
245500 6
245600 9
245700 6
245800 5
245900 8
246000 23
246100 15
246200 95
246300 1108
246400 5860
246500 9868
246600 5045
246700 835
246800 74
246900 23
247000 18
247100 7
247200 1
247300 6
247400 6
247500 6
247600 6
247700 4
247800 7
247900 7
248000 6
248100 4
248200 7
248300 5
248400 6
248500 3
248600 3
248700 5
248800 4
248900 7
249000 4
249100 3
249200 8
249300 1
249400 9
249500 2
249600 4
249700 4
249800 5
249900 8
250000 5
250100 3
250200 5
250300 5
250400 6
250500 5
250600 4
250700 5
250800 3
250900 5
251000 6
251100 6
251200 10
251300 35
251400 48
251500 33
251600 7
251700 7
251800 3
251900 4
252000 8
252100 8
252200 4
252300 2
252400 4
252500 3
252600 5
252700 2
252800 1
252900 1
253000 2
253100 5
253200 3
253300 8
253400 3
253500 4
253600 6
253700 3
253800 8
253900 4
254000 3
254100 3
254200 6
254300 4
254400 3
254500 5
254600 6
254700 8
254800 10
254900 9
255000 5
255100 3
255200 6
255300 5
255400 4
255500 6
255600 6
255700 2
255800 4
255900 2
256000 2
256100 7
256200 2
256300 9
256400 2
256500 8
256600 8
256700 6
256800 9
256900 5
257000 2
257100 2
257200 2
257300 6
257400 6
257500 5
257600 5
257700 4
257800 5
257900 3
258000 9
258100 6
258200 5
258300 6
258400 4
258500 3
258600 4
258700 6
258800 3
258900 5
259000 5
259100 11
259200 14
259300 49
259400 507
259500 3904
259600 9546
259700 7198
259800 1561
259900 138
260000 17
260100 18
260200 13
260300 2
260400 5
260500 5
260600 4
260700 2
260800 7
260900 4
261000 2
261100 5
261200 5
261300 5
261400 8
261500 5
261600 7
261700 2
261800 2
261900 3
262000 3
262100 14
262200 3
262300 3
262400 6
262500 3
262600 4
262700 6
262800 4
262900 5
263000 2
263100 10
263200 1
263300 6
263400 5
263500 4
263600 2
263700 2
263800 4
263900 4
264000 5
264100 2
264200 4
264300 9
264400 20
264500 56
264600 38
264700 10
264800 4
264900 8
265000 5
265100 9
265200 1
265300 7
265400 5
265500 6
265600 2
265700 3
265800 3
265900 6
266000 8
266100 2
266200 0
266300 1
266400 6
266500 7
266600 3
266700 0
266800 6
266900 13
267000 5
267100 5
267200 5
267300 6
267400 1
267500 4
267600 7
267700 4
267800 4
267900 1
268000 4
268100 2
268200 3
268300 7
268400 7
268500 4
268600 4
268700 4
268800 2
268900 4
269000 6
269100 2
269200 6
269300 5
269400 4
269500 11
269600 7
269700 8
269800 2
269900 4
270000 5
270100 4
270200 4
270300 7
270400 3
270500 8
270600 7
270700 4
270800 3
270900 6
271000 3
271100 4
271200 8
271300 4
271400 7
271500 6
271600 2
271700 5
271800 9
271900 4
272000 3
272100 9
272200 10
272300 16
272400 32
272500 245
272600 2346
272700 8034
272800 8870
272900 2884
273000 322
273100 25
273200 15
273300 16
273400 10
273500 7
273600 1
273700 7
273800 6
273900 5
274000 6
274100 4
274200 5
274300 5
274400 4
274500 2
274600 3
274700 7
274800 5
274900 3
275000 2
275100 2
275200 3
275300 3
275400 10
275500 3
275600 7
275700 6
275800 3
275900 2
276000 5
276100 7
276200 2
276300 5
276400 3
276500 5
276600 5
276700 7
276800 6
276900 7
277000 2
277100 5
277200 10
277300 2
277400 4
277500 25
277600 47
277700 42
277800 18
277900 6
278000 3
278100 8
278200 10
278300 5
278400 2
278500 1
278600 7
278700 3
278800 2
278900 3
279000 1
279100 6
279200 6
279300 10
279400 4
279500 3
279600 1
279700 4
279800 3
279900 4
280000 1
280100 6
280200 7
280300 9
280400 6
280500 3
280600 2
280700 6
280800 4
280900 6
281000 7
281100 6
281200 5
281300 3
281400 5
281500 6
281600 3
281700 4
281800 3
281900 6
282000 5
282100 5
282200 5
282300 5
282400 6
282500 4
282600 8
282700 4
282800 6
282900 5
283000 3
283100 3
283200 5
283300 6
283400 4
283500 8
283600 3
283700 5
283800 5
283900 4
284000 5
284100 3
284200 9
284300 4
284400 8
284500 5
284600 8
284700 3
284800 2
284900 6
285000 4
285100 5
285200 4
285300 6
285400 14
285500 19
285600 132
285700 1143
285800 5853
285900 9920
286000 5021
286100 836
286200 68
286300 25
286400 11
286500 14
286600 9
286700 5
286800 4
286900 7
287000 3
287100 5
287200 4
287300 2
287400 10
287500 6
287600 2
287700 3
287800 2
287900 3
288000 4
288100 7
288200 8
288300 2
288400 2
288500 5
288600 4
288700 5
288800 8
288900 4
289000 3
289100 4
289200 7
289300 4
289400 4
289500 7
289600 4
289700 2
289800 6
289900 5
290000 1
290100 3
290200 7
290300 4
290400 6
290500 4
290600 10
290700 44
290800 46
290900 29
291000 8
291100 3
291200 1
291300 5
291400 1
291500 4
291600 4
291700 5
291800 2
291900 4
292000 6
292100 5
292200 1
292300 6
292400 4
292500 6
292600 3
292700 0
292800 4
292900 9
293000 3
293100 2
293200 5
293300 5
293400 3
293500 2
293600 6
293700 6
293800 1
293900 7
294000 4
294100 4
294200 2
294300 6
294400 4
294500 10
294600 7
294700 7
294800 6
294900 3
295000 3
295100 6
295200 5
295300 0
295400 5
295500 4
295600 8
295700 6
295800 6
295900 5
296000 5
296100 6
296200 2
296300 4
296400 5
296500 2
296600 6
296700 11
296800 4
296900 3
297000 1
297100 4
297200 7
297300 6
297400 11
297500 6
297600 5
297700 5
297800 6
297900 7
298000 7
298100 3
298200 6
298300 6
298400 5
298500 11
298600 15
298700 49
298800 478
298900 3477
299000 9196
299100 7459
299200 2049
299300 179
299400 24
299500 13
299600 14
299700 4
299800 8
299900 7
300000 5
300100 4
300200 4
300300 6
300400 5
300500 5
300600 8
300700 8
300800 6
300900 5
301000 3
301100 3
301200 4
301300 2
301400 2
301500 5
301600 2
301700 1
301800 4
301900 5
302000 3
302100 7
302200 7
302300 10
302400 6
302500 4
302600 3
302700 5
302800 1
302900 4
303000 5
303100 4
303200 6
303300 7
303400 6
303500 2
303600 6
303700 5
303800 30
303900 51
304000 32
304100 10
304200 9
304300 6
304400 8
304500 8
304600 6
304700 7
304800 2
304900 2
305000 6
305100 7
305200 2
305300 5
305400 1
305500 2
305600 6
305700 3
305800 6
305900 2
306000 4
306100 1
306200 5
306300 4
306400 6
306500 6
306600 3
306700 4
306800 9
306900 3
307000 3
307100 4
307200 6
307300 5
307400 5
307500 3
307600 5
307700 3
307800 5
307900 6
308000 8
308100 3
308200 5
308300 5
308400 6
308500 7
308600 6
308700 6
308800 4
308900 3
309000 3
309100 8
309200 1
309300 7
309400 6
309500 6
309600 4
309700 4
309800 9
309900 3
